Read Model from: ./ucf10t1/
Export Model to: ./ucf10t1/ucf10t1_fhf.json
idx_in [0, 1, 2, 3, 4, 5, 6]
idx_out [7, 8, 9, 10]
make_mimo_block stable2ndx
H1s[0][0]  Real Poles: [-1244.48387315  -706.63169781] Freqs [Hz]: []
H1s[0][1]  Real Poles: [-1248.14822601  -748.55042988] Freqs [Hz]: []
H1s[0][2]  Real Poles: [-1158.5407176   -926.88557572] Freqs [Hz]: []
H1s[0][3]  Real Poles: [-990.5408537 -990.5408537] Freqs [Hz]: [36.11976475149423]
H1s[1][0]  Real Poles: [-919.38234121 -919.38234121] Freqs [Hz]: [24.336489710707202]
H1s[1][1]  Real Poles: [-1388.26569012  -566.7684243 ] Freqs [Hz]: []
H1s[1][2]  Real Poles: [-773.0935812 -773.0935812] Freqs [Hz]: [18.564699233485012]
H1s[1][3]  Real Poles: [-930.14927953 -930.14927953] Freqs [Hz]: [9.046726549950408]
H1s[2][0]  Real Poles: [-917.05276072 -917.05276072] Freqs [Hz]: [39.98191504804815]
H1s[2][1]  Real Poles: [-859.26961899 -859.26961899] Freqs [Hz]: [52.21410770653528]
H1s[2][2]  Real Poles: [-1184.77299809 -1184.77299809] Freqs [Hz]: [64.65478137594056]
H1s[2][3]  Real Poles: [-709.44392681 -709.44392681] Freqs [Hz]: [46.52336698997207]
H1s[3][0]  Real Poles: [-604.26387191 -604.26387191] Freqs [Hz]: [50.39923310575354]
H1s[3][1]  Real Poles: [-843.63394976 -843.63394976] Freqs [Hz]: [66.82911036559342]
H1s[3][2]  Real Poles: [-910.87311506 -910.87311506] Freqs [Hz]: [40.19564079063856]
H1s[3][3]  Real Poles: [-812.14091182 -812.14091182] Freqs [Hz]: [66.10542571100247]
model_folder = ./ucf10t1/
model_root = ucf10t1
data_path = d:/data/ucf3/ucf9c.hdf5
idx_in [0, 1, 2, 3, 4, 5, 6]
idx_out [7, 8, 9, 10]
read 2100 dataframes
dt=0.001000 data_len=4001 n_io=11 n_case=2100
['G', 'Ud', 'Uq', 'Id', 'Iq', 'GIrms', 'Ctrl'] ['Vdc', 'Idc', 'Vd', 'Vq'] (2100, 4001, 11)
make_mimo_block stable2ndx
prepending initial conditions (2100, 500, 11) (2100, 4001, 11) float32 float32
results in (2100, 4501, 11)
Idx,Vdc,Idc,Vd,Vq
#,RMSE,RMSE,RMSE,RMSE
Total,0.0077,0.0046,0.0071,0.0021
0,0.0081,0.0057,0.0062,0.0012
1,0.0081,0.0057,0.0062,0.0012
2,0.0093,0.0072,0.0080,0.0014
3,0.0084,0.0074,0.0079,0.0039
4,0.0112,0.0019,0.0115,0.0011
5,0.0138,0.0018,0.0117,0.0021
6,0.0112,0.0019,0.0115,0.0011
7,0.0090,0.0026,0.0083,0.0012
8,0.0077,0.0024,0.0072,0.0019
9,0.0112,0.0019,0.0115,0.0011
10,0.0112,0.0019,0.0115,0.0011
11,0.0138,0.0018,0.0117,0.0021
12,0.0112,0.0019,0.0115,0.0011
13,0.0077,0.0024,0.0072,0.0019
14,0.0084,0.0074,0.0079,0.0039
15,0.0138,0.0018,0.0117,0.0021
16,0.0112,0.0019,0.0115,0.0011
17,0.0112,0.0019,0.0115,0.0011
18,0.0138,0.0018,0.0117,0.0021
19,0.0059,0.0034,0.0080,0.0019
20,0.0112,0.0019,0.0115,0.0011
21,0.0138,0.0018,0.0117,0.0021
22,0.0112,0.0019,0.0115,0.0011
23,0.0112,0.0019,0.0115,0.0011
24,0.0077,0.0024,0.0072,0.0019
25,0.0084,0.0074,0.0079,0.0039
26,0.0156,0.0039,0.0138,0.0015
27,0.0153,0.0023,0.0124,0.0014
28,0.0156,0.0059,0.0153,0.0021
29,0.0147,0.0019,0.0109,0.0012
30,0.0062,0.0036,0.0079,0.0018
31,0.0093,0.0028,0.0078,0.0018
32,0.0138,0.0023,0.0101,0.0012
33,0.0132,0.0022,0.0100,0.0011
34,0.0147,0.0021,0.0111,0.0021
35,0.0128,0.0031,0.0113,0.0026
36,0.0084,0.0074,0.0079,0.0039
37,0.0116,0.0016,0.0112,0.0011
38,0.0133,0.0017,0.0120,0.0020
39,0.0103,0.0017,0.0089,0.0011
40,0.0100,0.0018,0.0081,0.0011
41,0.0065,0.0033,0.0071,0.0016
42,0.0093,0.0022,0.0079,0.0012
43,0.0079,0.0031,0.0091,0.0012
44,0.0097,0.0021,0.0079,0.0018
45,0.0086,0.0029,0.0086,0.0012
46,0.0057,0.0033,0.0080,0.0020
47,0.0084,0.0074,0.0079,0.0039
48,0.0091,0.0033,0.0080,0.0018
49,0.0076,0.0028,0.0091,0.0012
50,0.0073,0.0032,0.0079,0.0041
51,0.0090,0.0026,0.0067,0.0043
52,0.0054,0.0046,0.0054,0.0038
53,0.0054,0.0046,0.0054,0.0038
54,0.0054,0.0046,0.0054,0.0038
55,0.0054,0.0046,0.0054,0.0038
56,0.0054,0.0046,0.0054,0.0038
57,0.0054,0.0046,0.0054,0.0038
58,0.0079,0.0048,0.0061,0.0012
59,0.0067,0.0058,0.0076,0.0011
60,0.0067,0.0058,0.0076,0.0011
61,0.0084,0.0049,0.0074,0.0017
62,0.0078,0.0059,0.0079,0.0011
63,0.0053,0.0069,0.0053,0.0019
64,0.0087,0.0052,0.0085,0.0016
65,0.0090,0.0063,0.0073,0.0013
66,0.0092,0.0066,0.0073,0.0014
67,0.0085,0.0057,0.0072,0.0016
68,0.0071,0.0078,0.0073,0.0019
69,0.0079,0.0048,0.0061,0.0012
70,0.0090,0.0071,0.0083,0.0014
71,0.0086,0.0065,0.0074,0.0016
72,0.0086,0.0074,0.0091,0.0012
73,0.0085,0.0077,0.0094,0.0012
74,0.0060,0.0071,0.0054,0.0020
75,0.0080,0.0075,0.0084,0.0040
76,0.0077,0.0069,0.0066,0.0035
77,0.0079,0.0062,0.0064,0.0056
78,0.0070,0.0065,0.0056,0.0031
79,0.0048,0.0071,0.0058,0.0025
80,0.0079,0.0048,0.0061,0.0012
81,0.0077,0.0076,0.0078,0.0050
82,0.0061,0.0065,0.0067,0.0026
83,0.0060,0.0062,0.0070,0.0021
84,0.0079,0.0052,0.0074,0.0028
85,0.0048,0.0067,0.0057,0.0018
86,0.0090,0.0063,0.0073,0.0013
87,0.0087,0.0050,0.0075,0.0015
88,0.0078,0.0059,0.0082,0.0015
89,0.0083,0.0061,0.0084,0.0018
90,0.0065,0.0069,0.0059,0.0026
91,0.0081,0.0050,0.0063,0.0012
92,0.0090,0.0067,0.0083,0.0022
93,0.0090,0.0066,0.0079,0.0025
94,0.0090,0.0063,0.0099,0.0041
95,0.0085,0.0070,0.0081,0.0034
96,0.0065,0.0108,0.0094,0.0034
97,0.0084,0.0070,0.0099,0.0050
98,0.0092,0.0066,0.0073,0.0014
99,0.0067,0.0058,0.0076,0.0011
100,0.0084,0.0049,0.0074,0.0017
101,0.0048,0.0066,0.0055,0.0019
102,0.0075,0.0060,0.0080,0.0017
103,0.0067,0.0058,0.0076,0.0011
104,0.0084,0.0049,0.0074,0.0017
105,0.0067,0.0058,0.0076,0.0011
106,0.0067,0.0058,0.0076,0.0011
107,0.0048,0.0066,0.0055,0.0019
108,0.0067,0.0058,0.0076,0.0011
109,0.0067,0.0058,0.0076,0.0011
110,0.0085,0.0057,0.0072,0.0016
111,0.0067,0.0058,0.0076,0.0011
112,0.0048,0.0066,0.0055,0.0019
113,0.0095,0.0074,0.0079,0.0013
114,0.0084,0.0051,0.0069,0.0012
115,0.0084,0.0049,0.0074,0.0017
116,0.0067,0.0058,0.0076,0.0011
117,0.0067,0.0058,0.0076,0.0011
118,0.0084,0.0049,0.0074,0.0017
119,0.0048,0.0066,0.0055,0.0019
120,0.0067,0.0058,0.0076,0.0011
121,0.0084,0.0049,0.0074,0.0017
122,0.0067,0.0058,0.0076,0.0011
123,0.0091,0.0070,0.0080,0.0014
124,0.0048,0.0066,0.0055,0.0019
125,0.0086,0.0054,0.0076,0.0013
126,0.0067,0.0058,0.0076,0.0011
127,0.0067,0.0058,0.0076,0.0011
128,0.0084,0.0049,0.0074,0.0017
129,0.0067,0.0058,0.0076,0.0011
130,0.0048,0.0066,0.0055,0.0019
131,0.0084,0.0049,0.0074,0.0017
132,0.0067,0.0058,0.0076,0.0011
133,0.0067,0.0058,0.0076,0.0011
134,0.0084,0.0049,0.0074,0.0017
135,0.0071,0.0080,0.0076,0.0019
136,0.0088,0.0055,0.0082,0.0013
137,0.0067,0.0058,0.0076,0.0011
138,0.0084,0.0049,0.0074,0.0017
139,0.0067,0.0058,0.0076,0.0011
140,0.0067,0.0058,0.0076,0.0011
141,0.0048,0.0066,0.0055,0.0019
142,0.0055,0.0050,0.0081,0.0015
143,0.0052,0.0045,0.0071,0.0014
144,0.0076,0.0062,0.0099,0.0015
145,0.0047,0.0051,0.0060,0.0012
146,0.0071,0.0078,0.0073,0.0019
147,0.0090,0.0057,0.0084,0.0013
148,0.0086,0.0065,0.0074,0.0016
149,0.0045,0.0055,0.0050,0.0012
150,0.0045,0.0055,0.0046,0.0011
151,0.0078,0.0047,0.0069,0.0016
152,0.0081,0.0066,0.0077,0.0023
153,0.0059,0.0056,0.0065,0.0011
154,0.0086,0.0050,0.0080,0.0017
155,0.0086,0.0061,0.0075,0.0012
156,0.0090,0.0063,0.0073,0.0013
157,0.0069,0.0075,0.0063,0.0021
158,0.0080,0.0070,0.0071,0.0015
159,0.0092,0.0069,0.0075,0.0014
160,0.0086,0.0074,0.0091,0.0012
161,0.0085,0.0060,0.0072,0.0016
162,0.0090,0.0071,0.0083,0.0014
163,0.0069,0.0085,0.0079,0.0018
164,0.0087,0.0066,0.0077,0.0015
165,0.0085,0.0077,0.0094,0.0012
166,0.0080,0.0075,0.0084,0.0040
167,0.0081,0.0066,0.0064,0.0057
168,0.0048,0.0074,0.0053,0.0031
169,0.0094,0.0061,0.0081,0.0012
170,0.0048,0.0074,0.0053,0.0031
171,0.0048,0.0074,0.0053,0.0031
172,0.0048,0.0074,0.0053,0.0031
173,0.0048,0.0074,0.0053,0.0031
174,0.0048,0.0074,0.0053,0.0031
175,0.0067,0.0049,0.0072,0.0011
176,0.0067,0.0049,0.0072,0.0011
177,0.0084,0.0042,0.0071,0.0017
178,0.0077,0.0051,0.0075,0.0011
179,0.0049,0.0060,0.0049,0.0019
180,0.0096,0.0063,0.0079,0.0012
181,0.0087,0.0044,0.0083,0.0017
182,0.0089,0.0054,0.0070,0.0012
183,0.0090,0.0056,0.0071,0.0013
184,0.0084,0.0048,0.0069,0.0015
185,0.0062,0.0069,0.0066,0.0017
186,0.0085,0.0061,0.0079,0.0012
187,0.0083,0.0054,0.0071,0.0015
188,0.0080,0.0064,0.0084,0.0012
189,0.0078,0.0066,0.0086,0.0013
190,0.0055,0.0061,0.0051,0.0019
191,0.0099,0.0064,0.0079,0.0013
192,0.0080,0.0062,0.0084,0.0036
193,0.0077,0.0059,0.0065,0.0032
194,0.0078,0.0053,0.0063,0.0046
195,0.0070,0.0057,0.0053,0.0029
196,0.0046,0.0062,0.0054,0.0024
197,0.0077,0.0066,0.0075,0.0047
198,0.0061,0.0057,0.0063,0.0026
199,0.0060,0.0054,0.0066,0.0022
200,0.0079,0.0042,0.0071,0.0028
201,0.0046,0.0058,0.0052,0.0018
202,0.0103,0.0065,0.0079,0.0014
203,0.0089,0.0054,0.0070,0.0012
204,0.0087,0.0045,0.0073,0.0015
205,0.0078,0.0050,0.0078,0.0014
206,0.0083,0.0053,0.0080,0.0017
207,0.0060,0.0063,0.0058,0.0025
208,0.0089,0.0058,0.0077,0.0020
209,0.0088,0.0059,0.0074,0.0023
210,0.0089,0.0052,0.0090,0.0035
211,0.0083,0.0060,0.0076,0.0033
212,0.0058,0.0073,0.0089,0.0034
213,0.0075,0.0062,0.0080,0.0018
214,0.0083,0.0061,0.0088,0.0043
215,0.0090,0.0056,0.0071,0.0013
216,0.0067,0.0049,0.0072,0.0011
217,0.0084,0.0042,0.0071,0.0017
218,0.0046,0.0058,0.0050,0.0019
219,0.0067,0.0049,0.0072,0.0011
220,0.0084,0.0042,0.0071,0.0017
221,0.0067,0.0049,0.0072,0.0011
222,0.0067,0.0049,0.0072,0.0011
223,0.0046,0.0058,0.0050,0.0019
224,0.0099,0.0076,0.0080,0.0013
225,0.0092,0.0060,0.0071,0.0051
226,0.0067,0.0049,0.0072,0.0011
227,0.0067,0.0049,0.0072,0.0011
228,0.0084,0.0048,0.0069,0.0015
229,0.0067,0.0049,0.0072,0.0011
230,0.0046,0.0058,0.0050,0.0019
231,0.0084,0.0042,0.0071,0.0017
232,0.0067,0.0049,0.0072,0.0011
233,0.0067,0.0049,0.0072,0.0011
234,0.0084,0.0042,0.0071,0.0017
235,0.0046,0.0058,0.0050,0.0019
236,0.0093,0.0058,0.0079,0.0046
237,0.0067,0.0049,0.0072,0.0011
238,0.0084,0.0042,0.0071,0.0017
239,0.0067,0.0049,0.0072,0.0011
240,0.0088,0.0059,0.0077,0.0013
241,0.0046,0.0058,0.0050,0.0019
242,0.0067,0.0049,0.0072,0.0011
243,0.0067,0.0049,0.0072,0.0011
244,0.0084,0.0042,0.0071,0.0017
245,0.0067,0.0049,0.0072,0.0011
246,0.0046,0.0058,0.0050,0.0019
247,0.0093,0.0057,0.0082,0.0038
248,0.0084,0.0042,0.0071,0.0017
249,0.0067,0.0049,0.0072,0.0011
250,0.0067,0.0049,0.0072,0.0011
251,0.0084,0.0042,0.0071,0.0017
252,0.0061,0.0070,0.0069,0.0017
253,0.0067,0.0049,0.0072,0.0011
254,0.0084,0.0042,0.0071,0.0017
255,0.0067,0.0049,0.0072,0.0011
256,0.0067,0.0049,0.0072,0.0011
257,0.0046,0.0058,0.0050,0.0019
258,0.0091,0.0057,0.0079,0.0031
259,0.0053,0.0044,0.0069,0.0013
260,0.0050,0.0041,0.0062,0.0012
261,0.0075,0.0055,0.0088,0.0016
262,0.0046,0.0050,0.0056,0.0011
263,0.0062,0.0069,0.0066,0.0017
264,0.0083,0.0054,0.0071,0.0015
265,0.0044,0.0053,0.0046,0.0011
266,0.0045,0.0052,0.0042,0.0011
267,0.0077,0.0044,0.0067,0.0017
268,0.0081,0.0058,0.0073,0.0023
269,0.0084,0.0062,0.0089,0.0029
270,0.0059,0.0048,0.0061,0.0012
271,0.0086,0.0042,0.0077,0.0017
272,0.0085,0.0052,0.0071,0.0012
273,0.0089,0.0054,0.0070,0.0012
274,0.0062,0.0065,0.0059,0.0018
275,0.0089,0.0058,0.0073,0.0013
276,0.0080,0.0064,0.0084,0.0012
277,0.0084,0.0050,0.0069,0.0015
278,0.0085,0.0061,0.0079,0.0012
279,0.0059,0.0072,0.0070,0.0018
280,0.0087,0.0058,0.0066,0.0022
281,0.0083,0.0056,0.0073,0.0016
282,0.0078,0.0066,0.0086,0.0013
283,0.0080,0.0062,0.0084,0.0036
284,0.0080,0.0056,0.0064,0.0047
285,0.0047,0.0066,0.0049,0.0031
286,0.0047,0.0066,0.0049,0.0031
287,0.0047,0.0066,0.0049,0.0031
288,0.0047,0.0066,0.0049,0.0031
289,0.0047,0.0066,0.0049,0.0031
290,0.0047,0.0066,0.0049,0.0031
291,0.0085,0.0055,0.0062,0.0020
292,0.0066,0.0033,0.0070,0.0013
293,0.0066,0.0033,0.0070,0.0013
294,0.0082,0.0029,0.0069,0.0018
295,0.0077,0.0034,0.0074,0.0013
296,0.0050,0.0041,0.0046,0.0020
297,0.0086,0.0028,0.0080,0.0018
298,0.0089,0.0036,0.0069,0.0014
299,0.0090,0.0037,0.0069,0.0016
300,0.0085,0.0031,0.0068,0.0017
301,0.0059,0.0054,0.0069,0.0017
302,0.0083,0.0053,0.0060,0.0018
303,0.0084,0.0046,0.0080,0.0013
304,0.0083,0.0037,0.0070,0.0016
305,0.0078,0.0050,0.0087,0.0012
306,0.0076,0.0050,0.0088,0.0012
307,0.0056,0.0043,0.0049,0.0020
308,0.0076,0.0047,0.0083,0.0032
309,0.0073,0.0046,0.0062,0.0030
310,0.0077,0.0039,0.0061,0.0035
311,0.0067,0.0044,0.0050,0.0028
312,0.0045,0.0046,0.0052,0.0023
313,0.0081,0.0050,0.0060,0.0015
314,0.0076,0.0053,0.0069,0.0044
315,0.0058,0.0041,0.0058,0.0028
316,0.0057,0.0039,0.0062,0.0025
317,0.0077,0.0028,0.0068,0.0029
318,0.0047,0.0040,0.0050,0.0020
319,0.0089,0.0036,0.0069,0.0014
320,0.0084,0.0033,0.0071,0.0015
321,0.0077,0.0033,0.0075,0.0014
322,0.0082,0.0034,0.0078,0.0016
323,0.0057,0.0046,0.0054,0.0024
324,0.0083,0.0059,0.0081,0.0016
325,0.0087,0.0037,0.0074,0.0019
326,0.0086,0.0039,0.0071,0.0022
327,0.0088,0.0032,0.0082,0.0031
328,0.0079,0.0043,0.0073,0.0033
329,0.0047,0.0051,0.0087,0.0034
330,0.0081,0.0047,0.0079,0.0037
331,0.0090,0.0037,0.0069,0.0016
332,0.0066,0.0033,0.0070,0.0013
333,0.0082,0.0029,0.0069,0.0018
334,0.0047,0.0040,0.0048,0.0020
335,0.0101,0.0078,0.0082,0.0013
336,0.0086,0.0054,0.0076,0.0013
337,0.0066,0.0033,0.0070,0.0013
338,0.0082,0.0029,0.0069,0.0018
339,0.0066,0.0033,0.0070,0.0013
340,0.0066,0.0033,0.0070,0.0013
341,0.0047,0.0040,0.0048,0.0020
342,0.0066,0.0033,0.0070,0.0013
343,0.0066,0.0033,0.0070,0.0013
344,0.0085,0.0031,0.0068,0.0017
345,0.0066,0.0033,0.0070,0.0013
346,0.0047,0.0040,0.0048,0.0020
347,0.0079,0.0049,0.0063,0.0012
348,0.0082,0.0029,0.0069,0.0018
349,0.0066,0.0033,0.0070,0.0013
350,0.0066,0.0033,0.0070,0.0013
351,0.0082,0.0029,0.0069,0.0018
352,0.0047,0.0040,0.0048,0.0020
353,0.0066,0.0033,0.0070,0.0013
354,0.0082,0.0029,0.0069,0.0018
355,0.0066,0.0033,0.0070,0.0013
356,0.0087,0.0042,0.0076,0.0014
357,0.0047,0.0040,0.0048,0.0020
358,0.0079,0.0050,0.0065,0.0014
359,0.0066,0.0033,0.0070,0.0013
360,0.0066,0.0033,0.0070,0.0013
361,0.0082,0.0029,0.0069,0.0018
362,0.0066,0.0033,0.0070,0.0013
363,0.0047,0.0040,0.0048,0.0020
364,0.0082,0.0029,0.0069,0.0018
365,0.0066,0.0033,0.0070,0.0013
366,0.0066,0.0033,0.0070,0.0013
367,0.0082,0.0029,0.0069,0.0018
368,0.0057,0.0055,0.0071,0.0017
369,0.0080,0.0053,0.0067,0.0015
370,0.0066,0.0033,0.0070,0.0013
371,0.0082,0.0029,0.0069,0.0018
372,0.0066,0.0033,0.0070,0.0013
373,0.0066,0.0033,0.0070,0.0013
374,0.0047,0.0040,0.0048,0.0020
375,0.0050,0.0039,0.0066,0.0013
376,0.0047,0.0031,0.0068,0.0012
377,0.0077,0.0054,0.0085,0.0015
378,0.0040,0.0038,0.0067,0.0011
379,0.0059,0.0054,0.0069,0.0017
380,0.0076,0.0064,0.0084,0.0033
381,0.0083,0.0037,0.0070,0.0016
382,0.0037,0.0043,0.0053,0.0011
383,0.0038,0.0041,0.0044,0.0011
384,0.0075,0.0033,0.0076,0.0016
385,0.0080,0.0042,0.0071,0.0023
386,0.0056,0.0033,0.0057,0.0012
387,0.0084,0.0027,0.0074,0.0018
388,0.0085,0.0035,0.0070,0.0013
389,0.0089,0.0036,0.0069,0.0014
390,0.0060,0.0049,0.0059,0.0019
391,0.0084,0.0058,0.0074,0.0022
392,0.0089,0.0039,0.0072,0.0015
393,0.0078,0.0050,0.0087,0.0012
394,0.0084,0.0032,0.0068,0.0017
395,0.0084,0.0046,0.0080,0.0013
396,0.0055,0.0055,0.0073,0.0017
397,0.0083,0.0041,0.0073,0.0016
398,0.0076,0.0050,0.0088,0.0012
399,0.0076,0.0047,0.0083,0.0032
400,0.0078,0.0039,0.0062,0.0036
401,0.0045,0.0055,0.0049,0.0027
402,0.0087,0.0059,0.0080,0.0029
403,0.0045,0.0055,0.0049,0.0027
404,0.0045,0.0055,0.0049,0.0027
405,0.0045,0.0055,0.0049,0.0027
406,0.0045,0.0055,0.0049,0.0027
407,0.0045,0.0055,0.0049,0.0027
408,0.0068,0.0027,0.0074,0.0012
409,0.0068,0.0027,0.0074,0.0012
410,0.0086,0.0017,0.0071,0.0016
411,0.0076,0.0026,0.0075,0.0011
412,0.0044,0.0029,0.0046,0.0017
413,0.0090,0.0058,0.0086,0.0038
414,0.0087,0.0023,0.0084,0.0016
415,0.0087,0.0025,0.0068,0.0011
416,0.0087,0.0026,0.0068,0.0013
417,0.0082,0.0021,0.0067,0.0016
418,0.0055,0.0038,0.0068,0.0017
419,0.0081,0.0034,0.0080,0.0012
420,0.0080,0.0028,0.0069,0.0017
421,0.0076,0.0035,0.0086,0.0012
422,0.0074,0.0034,0.0086,0.0012
423,0.0050,0.0030,0.0048,0.0017
424,0.0094,0.0059,0.0090,0.0048
425,0.0073,0.0042,0.0079,0.0033
426,0.0071,0.0041,0.0062,0.0031
427,0.0079,0.0032,0.0063,0.0034
428,0.0065,0.0039,0.0050,0.0032
429,0.0036,0.0039,0.0048,0.0027
430,0.0074,0.0048,0.0070,0.0047
431,0.0056,0.0037,0.0056,0.0031
432,0.0056,0.0034,0.0061,0.0025
433,0.0078,0.0025,0.0070,0.0029
434,0.0042,0.0029,0.0049,0.0018
435,0.0100,0.0076,0.0080,0.0044
436,0.0087,0.0025,0.0068,0.0011
437,0.0090,0.0019,0.0073,0.0015
438,0.0079,0.0025,0.0078,0.0023
439,0.0083,0.0026,0.0079,0.0028
440,0.0050,0.0038,0.0053,0.0024
441,0.0086,0.0029,0.0073,0.0031
442,0.0085,0.0030,0.0070,0.0031
443,0.0090,0.0026,0.0083,0.0045
444,0.0077,0.0035,0.0073,0.0035
445,0.0043,0.0056,0.0086,0.0057
446,0.0075,0.0072,0.0077,0.0020
447,0.0105,0.0077,0.0089,0.0057
448,0.0081,0.0039,0.0078,0.0042
449,0.0087,0.0026,0.0068,0.0013
450,0.0068,0.0027,0.0074,0.0012
451,0.0086,0.0017,0.0071,0.0016
452,0.0041,0.0029,0.0047,0.0019
453,0.0068,0.0027,0.0074,0.0012
454,0.0086,0.0017,0.0071,0.0016
455,0.0068,0.0027,0.0074,0.0012
456,0.0068,0.0027,0.0074,0.0012
457,0.0041,0.0029,0.0047,0.0019
458,0.0088,0.0055,0.0082,0.0013
459,0.0068,0.0027,0.0074,0.0012
460,0.0068,0.0027,0.0074,0.0012
461,0.0082,0.0021,0.0067,0.0016
462,0.0068,0.0027,0.0074,0.0012
463,0.0041,0.0029,0.0047,0.0019
464,0.0086,0.0017,0.0071,0.0016
465,0.0068,0.0027,0.0074,0.0012
466,0.0068,0.0027,0.0074,0.0012
467,0.0086,0.0017,0.0071,0.0016
468,0.0041,0.0029,0.0047,0.0019
469,0.0079,0.0048,0.0061,0.0012
470,0.0068,0.0027,0.0074,0.0012
471,0.0086,0.0017,0.0071,0.0016
472,0.0068,0.0027,0.0074,0.0012
473,0.0084,0.0031,0.0076,0.0013
474,0.0041,0.0029,0.0047,0.0019
475,0.0068,0.0027,0.0074,0.0012
476,0.0068,0.0027,0.0074,0.0012
477,0.0086,0.0017,0.0071,0.0016
478,0.0068,0.0027,0.0074,0.0012
479,0.0041,0.0029,0.0047,0.0019
480,0.0079,0.0048,0.0061,0.0012
481,0.0086,0.0017,0.0071,0.0016
482,0.0068,0.0027,0.0074,0.0012
483,0.0068,0.0027,0.0074,0.0012
484,0.0086,0.0017,0.0071,0.0016
485,0.0054,0.0038,0.0071,0.0017
486,0.0068,0.0027,0.0074,0.0012
487,0.0086,0.0017,0.0071,0.0016
488,0.0068,0.0027,0.0074,0.0012
489,0.0068,0.0027,0.0074,0.0012
490,0.0041,0.0029,0.0047,0.0019
491,0.0080,0.0059,0.0080,0.0016
492,0.0081,0.0042,0.0077,0.0012
493,0.0076,0.0028,0.0067,0.0012
494,0.0091,0.0060,0.0097,0.0016
495,0.0067,0.0024,0.0056,0.0012
496,0.0055,0.0038,0.0068,0.0017
497,0.0080,0.0028,0.0069,0.0017
498,0.0059,0.0026,0.0045,0.0012
499,0.0056,0.0025,0.0042,0.0012
500,0.0084,0.0019,0.0066,0.0016
501,0.0081,0.0035,0.0073,0.0026
502,0.0079,0.0048,0.0061,0.0012
503,0.0061,0.0024,0.0063,0.0012
504,0.0087,0.0019,0.0078,0.0016
505,0.0084,0.0024,0.0069,0.0011
506,0.0087,0.0025,0.0068,0.0011
507,0.0055,0.0036,0.0059,0.0016
508,0.0086,0.0028,0.0071,0.0013
509,0.0076,0.0035,0.0086,0.0012
510,0.0081,0.0022,0.0067,0.0016
511,0.0081,0.0034,0.0080,0.0012
512,0.0053,0.0038,0.0070,0.0018
513,0.0079,0.0048,0.0061,0.0012
514,0.0080,0.0032,0.0072,0.0016
515,0.0074,0.0034,0.0086,0.0012
516,0.0073,0.0042,0.0079,0.0033
517,0.0080,0.0031,0.0064,0.0035
518,0.0034,0.0052,0.0041,0.0030
519,0.0034,0.0052,0.0041,0.0030
520,0.0034,0.0052,0.0041,0.0030
521,0.0034,0.0052,0.0041,0.0030
522,0.0034,0.0052,0.0041,0.0030
523,0.0034,0.0052,0.0041,0.0030
524,0.0079,0.0048,0.0061,0.0012
525,0.0108,0.0024,0.0111,0.0011
526,0.0108,0.0024,0.0111,0.0011
527,0.0131,0.0015,0.0110,0.0018
528,0.0104,0.0023,0.0101,0.0011
529,0.0061,0.0026,0.0057,0.0018
530,0.0121,0.0021,0.0118,0.0017
531,0.0098,0.0022,0.0078,0.0011
532,0.0094,0.0023,0.0075,0.0012
533,0.0093,0.0019,0.0076,0.0016
534,0.0055,0.0034,0.0072,0.0019
535,0.0079,0.0048,0.0061,0.0012
536,0.0083,0.0030,0.0083,0.0012
537,0.0083,0.0026,0.0073,0.0016
538,0.0076,0.0030,0.0087,0.0012
539,0.0074,0.0029,0.0086,0.0012
540,0.0060,0.0027,0.0056,0.0017
541,0.0078,0.0033,0.0089,0.0039
542,0.0075,0.0032,0.0065,0.0037
543,0.0080,0.0023,0.0065,0.0039
544,0.0074,0.0030,0.0054,0.0039
545,0.0051,0.0033,0.0055,0.0032
546,0.0080,0.0059,0.0080,0.0016
547,0.0097,0.0038,0.0101,0.0054
548,0.0085,0.0031,0.0085,0.0037
549,0.0091,0.0029,0.0094,0.0030
550,0.0117,0.0022,0.0108,0.0035
551,0.0066,0.0026,0.0066,0.0018
552,0.0098,0.0022,0.0078,0.0011
553,0.0136,0.0017,0.0111,0.0015
554,0.0112,0.0023,0.0107,0.0025
555,0.0112,0.0024,0.0104,0.0032
556,0.0062,0.0037,0.0059,0.0033
557,0.0095,0.0074,0.0074,0.0051
558,0.0079,0.0048,0.0061,0.0012
559,0.0105,0.0027,0.0086,0.0038
560,0.0098,0.0029,0.0077,0.0038
561,0.0118,0.0023,0.0106,0.0046
562,0.0083,0.0033,0.0076,0.0041
563,0.0042,0.0059,0.0095,0.0071
564,0.0088,0.0038,0.0084,0.0043
565,0.0094,0.0023,0.0075,0.0012
566,0.0108,0.0024,0.0111,0.0011
567,0.0131,0.0015,0.0110,0.0018
568,0.0066,0.0026,0.0064,0.0020
569,0.0079,0.0048,0.0061,0.0012
570,0.0108,0.0024,0.0111,0.0011
571,0.0131,0.0015,0.0110,0.0018
572,0.0108,0.0024,0.0111,0.0011
573,0.0108,0.0024,0.0111,0.0011
574,0.0066,0.0026,0.0064,0.0020
575,0.0108,0.0024,0.0111,0.0011
576,0.0108,0.0024,0.0111,0.0011
577,0.0093,0.0019,0.0076,0.0016
578,0.0108,0.0024,0.0111,0.0011
579,0.0066,0.0026,0.0064,0.0020
580,0.0090,0.0057,0.0084,0.0013
581,0.0131,0.0015,0.0110,0.0018
582,0.0108,0.0024,0.0111,0.0011
583,0.0108,0.0024,0.0111,0.0011
584,0.0131,0.0015,0.0110,0.0018
585,0.0066,0.0026,0.0064,0.0020
586,0.0108,0.0024,0.0111,0.0011
587,0.0131,0.0015,0.0110,0.0018
588,0.0108,0.0024,0.0111,0.0011
589,0.0087,0.0028,0.0080,0.0012
590,0.0066,0.0026,0.0064,0.0020
591,0.0079,0.0048,0.0061,0.0012
592,0.0108,0.0024,0.0111,0.0011
593,0.0108,0.0024,0.0111,0.0011
594,0.0131,0.0015,0.0110,0.0018
595,0.0108,0.0024,0.0111,0.0011
596,0.0066,0.0026,0.0064,0.0020
597,0.0131,0.0015,0.0110,0.0018
598,0.0108,0.0024,0.0111,0.0011
599,0.0108,0.0024,0.0111,0.0011
600,0.0131,0.0015,0.0110,0.0018
601,0.0053,0.0032,0.0072,0.0020
602,0.0080,0.0059,0.0080,0.0016
603,0.0108,0.0024,0.0111,0.0011
604,0.0131,0.0015,0.0110,0.0018
605,0.0108,0.0024,0.0111,0.0011
606,0.0108,0.0024,0.0111,0.0011
607,0.0066,0.0026,0.0064,0.0020
608,0.0146,0.0041,0.0127,0.0015
609,0.0144,0.0026,0.0113,0.0013
610,0.0146,0.0059,0.0142,0.0019
611,0.0138,0.0022,0.0098,0.0012
612,0.0055,0.0034,0.0072,0.0019
613,0.0079,0.0048,0.0061,0.0012
614,0.0083,0.0026,0.0073,0.0016
615,0.0130,0.0025,0.0092,0.0011
616,0.0125,0.0024,0.0091,0.0011
617,0.0140,0.0018,0.0102,0.0018
618,0.0112,0.0033,0.0104,0.0026
619,0.0111,0.0021,0.0106,0.0011
620,0.0126,0.0016,0.0114,0.0017
621,0.0100,0.0022,0.0084,0.0012
622,0.0098,0.0022,0.0078,0.0011
623,0.0059,0.0032,0.0065,0.0018
624,0.0079,0.0048,0.0061,0.0012
625,0.0091,0.0025,0.0076,0.0012
626,0.0076,0.0030,0.0087,0.0012
627,0.0089,0.0020,0.0073,0.0016
628,0.0083,0.0030,0.0083,0.0012
629,0.0052,0.0032,0.0071,0.0020
630,0.0081,0.0030,0.0075,0.0016
631,0.0074,0.0029,0.0086,0.0012
632,0.0078,0.0033,0.0089,0.0039
633,0.0079,0.0027,0.0064,0.0037
634,0.0046,0.0045,0.0051,0.0037
635,0.0079,0.0048,0.0061,0.0012
636,0.0046,0.0045,0.0051,0.0037
637,0.0046,0.0045,0.0051,0.0037
638,0.0046,0.0045,0.0051,0.0037
639,0.0046,0.0045,0.0051,0.0037
640,0.0046,0.0045,0.0051,0.0037
641,0.0058,0.0058,0.0064,0.0012
642,0.0058,0.0058,0.0064,0.0012
643,0.0070,0.0049,0.0062,0.0017
644,0.0062,0.0059,0.0064,0.0012
645,0.0049,0.0071,0.0053,0.0020
646,0.0079,0.0048,0.0061,0.0012
647,0.0071,0.0053,0.0069,0.0016
648,0.0067,0.0065,0.0054,0.0014
649,0.0067,0.0068,0.0053,0.0015
650,0.0073,0.0058,0.0064,0.0015
651,0.0057,0.0083,0.0061,0.0020
652,0.0064,0.0076,0.0060,0.0014
653,0.0078,0.0070,0.0068,0.0015
654,0.0063,0.0080,0.0068,0.0013
655,0.0063,0.0084,0.0071,0.0012
656,0.0053,0.0073,0.0053,0.0022
657,0.0080,0.0059,0.0080,0.0016
658,0.0066,0.0085,0.0075,0.0043
659,0.0063,0.0076,0.0057,0.0036
660,0.0073,0.0059,0.0063,0.0061
661,0.0058,0.0064,0.0051,0.0029
662,0.0047,0.0074,0.0063,0.0025
663,0.0070,0.0071,0.0072,0.0048
664,0.0052,0.0063,0.0063,0.0023
665,0.0052,0.0061,0.0064,0.0019
666,0.0069,0.0052,0.0064,0.0026
667,0.0047,0.0067,0.0060,0.0018
668,0.0096,0.0069,0.0081,0.0046
669,0.0079,0.0048,0.0061,0.0012
670,0.0067,0.0065,0.0054,0.0014
671,0.0071,0.0050,0.0063,0.0015
672,0.0064,0.0059,0.0067,0.0013
673,0.0065,0.0061,0.0067,0.0014
674,0.0054,0.0069,0.0056,0.0033
675,0.0067,0.0066,0.0065,0.0021
676,0.0067,0.0065,0.0063,0.0026
677,0.0073,0.0063,0.0087,0.0032
678,0.0064,0.0071,0.0067,0.0042
679,0.0060,0.0109,0.0087,0.0038
680,0.0079,0.0048,0.0061,0.0012
681,0.0079,0.0069,0.0098,0.0049
682,0.0067,0.0068,0.0053,0.0015
683,0.0058,0.0058,0.0064,0.0012
684,0.0070,0.0049,0.0062,0.0017
685,0.0047,0.0066,0.0057,0.0019
686,0.0058,0.0058,0.0064,0.0012
687,0.0070,0.0049,0.0062,0.0017
688,0.0058,0.0058,0.0064,0.0012
689,0.0058,0.0058,0.0064,0.0012
690,0.0047,0.0066,0.0057,0.0019
691,0.0079,0.0048,0.0061,0.0012
692,0.0058,0.0058,0.0064,0.0012
693,0.0058,0.0058,0.0064,0.0012
694,0.0073,0.0058,0.0064,0.0015
695,0.0058,0.0058,0.0064,0.0012
696,0.0047,0.0066,0.0057,0.0019
697,0.0070,0.0049,0.0062,0.0017
698,0.0058,0.0058,0.0064,0.0012
699,0.0058,0.0058,0.0064,0.0012
700,0.0070,0.0049,0.0062,0.0017
701,0.0047,0.0066,0.0057,0.0019
702,0.0092,0.0059,0.0083,0.0013
703,0.0058,0.0058,0.0064,0.0012
704,0.0070,0.0049,0.0062,0.0017
705,0.0058,0.0058,0.0064,0.0012
706,0.0065,0.0074,0.0057,0.0015
707,0.0047,0.0066,0.0057,0.0019
708,0.0058,0.0058,0.0064,0.0012
709,0.0058,0.0058,0.0064,0.0012
710,0.0070,0.0049,0.0062,0.0017
711,0.0058,0.0058,0.0064,0.0012
712,0.0047,0.0066,0.0057,0.0019
713,0.0080,0.0059,0.0080,0.0016
714,0.0070,0.0049,0.0062,0.0017
715,0.0058,0.0058,0.0064,0.0012
716,0.0058,0.0058,0.0064,0.0012
717,0.0070,0.0049,0.0062,0.0017
718,0.0057,0.0086,0.0064,0.0019
719,0.0058,0.0058,0.0064,0.0012
720,0.0070,0.0049,0.0062,0.0017
721,0.0058,0.0058,0.0064,0.0012
722,0.0058,0.0058,0.0064,0.0012
723,0.0047,0.0066,0.0057,0.0019
724,0.0079,0.0048,0.0061,0.0012
725,0.0063,0.0049,0.0080,0.0014
726,0.0059,0.0044,0.0073,0.0013
727,0.0080,0.0063,0.0091,0.0016
728,0.0052,0.0050,0.0065,0.0011
729,0.0057,0.0083,0.0061,0.0020
730,0.0078,0.0070,0.0068,0.0015
731,0.0047,0.0054,0.0054,0.0011
732,0.0046,0.0054,0.0050,0.0011
733,0.0069,0.0046,0.0066,0.0016
734,0.0073,0.0065,0.0076,0.0020
735,0.0079,0.0048,0.0061,0.0012
736,0.0052,0.0056,0.0057,0.0012
737,0.0070,0.0050,0.0065,0.0017
738,0.0066,0.0061,0.0059,0.0012
739,0.0067,0.0065,0.0054,0.0014
740,0.0056,0.0078,0.0056,0.0022
741,0.0066,0.0072,0.0054,0.0015
742,0.0063,0.0080,0.0068,0.0013
743,0.0074,0.0063,0.0065,0.0015
744,0.0064,0.0076,0.0060,0.0014
745,0.0056,0.0092,0.0067,0.0018
746,0.0079,0.0048,0.0061,0.0012
747,0.0080,0.0071,0.0070,0.0015
748,0.0063,0.0084,0.0071,0.0012
749,0.0066,0.0085,0.0075,0.0043
750,0.0074,0.0075,0.0061,0.0065
751,0.0048,0.0077,0.0059,0.0031
752,0.0048,0.0077,0.0059,0.0031
753,0.0048,0.0077,0.0059,0.0031
754,0.0048,0.0077,0.0059,0.0031
755,0.0048,0.0077,0.0059,0.0031
756,0.0048,0.0077,0.0059,0.0031
757,0.0079,0.0048,0.0061,0.0012
758,0.0056,0.0050,0.0057,0.0012
759,0.0056,0.0050,0.0057,0.0012
760,0.0069,0.0042,0.0057,0.0017
761,0.0061,0.0051,0.0057,0.0012
762,0.0046,0.0060,0.0051,0.0020
763,0.0070,0.0044,0.0062,0.0017
764,0.0066,0.0055,0.0050,0.0013
765,0.0065,0.0057,0.0051,0.0014
766,0.0072,0.0049,0.0059,0.0015
767,0.0054,0.0068,0.0054,0.0017
768,0.0080,0.0059,0.0080,0.0016
769,0.0062,0.0061,0.0055,0.0012
770,0.0077,0.0055,0.0065,0.0015
771,0.0062,0.0064,0.0058,0.0012
772,0.0063,0.0066,0.0060,0.0012
773,0.0049,0.0062,0.0051,0.0020
774,0.0065,0.0067,0.0074,0.0036
775,0.0061,0.0061,0.0054,0.0032
776,0.0072,0.0050,0.0059,0.0049
777,0.0056,0.0055,0.0045,0.0026
778,0.0044,0.0062,0.0057,0.0025
779,0.0095,0.0066,0.0082,0.0038
780,0.0079,0.0048,0.0061,0.0012
781,0.0069,0.0062,0.0064,0.0042
782,0.0050,0.0055,0.0054,0.0022
783,0.0050,0.0054,0.0056,0.0019
784,0.0068,0.0043,0.0058,0.0026
785,0.0045,0.0058,0.0054,0.0018
786,0.0066,0.0055,0.0050,0.0013
787,0.0070,0.0044,0.0058,0.0016
788,0.0062,0.0051,0.0060,0.0013
789,0.0064,0.0053,0.0060,0.0014
790,0.0050,0.0062,0.0055,0.0032
791,0.0079,0.0048,0.0061,0.0012
792,0.0065,0.0057,0.0056,0.0020
793,0.0065,0.0058,0.0055,0.0026
794,0.0072,0.0052,0.0074,0.0027
795,0.0061,0.0060,0.0060,0.0042
796,0.0053,0.0074,0.0079,0.0036
797,0.0079,0.0061,0.0083,0.0045
798,0.0065,0.0057,0.0051,0.0014
799,0.0056,0.0050,0.0057,0.0012
800,0.0069,0.0042,0.0057,0.0017
801,0.0044,0.0058,0.0053,0.0019
802,0.0079,0.0048,0.0061,0.0012
803,0.0056,0.0050,0.0057,0.0012
804,0.0069,0.0042,0.0057,0.0017
805,0.0056,0.0050,0.0057,0.0012
806,0.0056,0.0050,0.0057,0.0012
807,0.0044,0.0058,0.0053,0.0019
808,0.0056,0.0050,0.0057,0.0012
809,0.0056,0.0050,0.0057,0.0012
810,0.0072,0.0049,0.0059,0.0015
811,0.0056,0.0050,0.0057,0.0012
812,0.0044,0.0058,0.0053,0.0019
813,0.0079,0.0048,0.0061,0.0012
814,0.0069,0.0042,0.0057,0.0017
815,0.0056,0.0050,0.0057,0.0012
816,0.0056,0.0050,0.0057,0.0012
817,0.0069,0.0042,0.0057,0.0017
818,0.0044,0.0058,0.0053,0.0019
819,0.0056,0.0050,0.0057,0.0012
820,0.0069,0.0042,0.0057,0.0017
821,0.0056,0.0050,0.0057,0.0012
822,0.0063,0.0060,0.0054,0.0013
823,0.0044,0.0058,0.0053,0.0019
824,0.0082,0.0071,0.0070,0.0015
825,0.0056,0.0050,0.0057,0.0012
826,0.0056,0.0050,0.0057,0.0012
827,0.0069,0.0042,0.0057,0.0017
828,0.0056,0.0050,0.0057,0.0012
829,0.0044,0.0058,0.0053,0.0019
830,0.0069,0.0042,0.0057,0.0017
831,0.0056,0.0050,0.0057,0.0012
832,0.0056,0.0050,0.0057,0.0012
833,0.0069,0.0042,0.0057,0.0017
834,0.0054,0.0070,0.0055,0.0017
835,0.0079,0.0048,0.0061,0.0012
836,0.0056,0.0050,0.0057,0.0012
837,0.0069,0.0042,0.0057,0.0017
838,0.0056,0.0050,0.0057,0.0012
839,0.0056,0.0050,0.0057,0.0012
840,0.0044,0.0058,0.0053,0.0019
841,0.0062,0.0043,0.0068,0.0013
842,0.0058,0.0040,0.0066,0.0012
843,0.0081,0.0055,0.0080,0.0016
844,0.0051,0.0048,0.0062,0.0011
845,0.0054,0.0068,0.0054,0.0017
846,0.0079,0.0048,0.0061,0.0012
847,0.0077,0.0055,0.0065,0.0015
848,0.0045,0.0052,0.0051,0.0012
849,0.0044,0.0051,0.0044,0.0012
850,0.0068,0.0043,0.0064,0.0017
851,0.0072,0.0058,0.0070,0.0020
852,0.0050,0.0048,0.0050,0.0012
853,0.0069,0.0042,0.0059,0.0017
854,0.0065,0.0052,0.0052,0.0013
855,0.0066,0.0055,0.0050,0.0013
856,0.0053,0.0065,0.0052,0.0019
857,0.0079,0.0048,0.0061,0.0012
858,0.0064,0.0059,0.0052,0.0014
859,0.0062,0.0064,0.0058,0.0012
860,0.0073,0.0052,0.0063,0.0015
861,0.0062,0.0061,0.0055,0.0012
862,0.0056,0.0074,0.0056,0.0017
863,0.0079,0.0057,0.0065,0.0015
864,0.0063,0.0066,0.0060,0.0012
865,0.0065,0.0067,0.0074,0.0036
866,0.0073,0.0062,0.0059,0.0053
867,0.0045,0.0064,0.0053,0.0031
868,0.0079,0.0048,0.0061,0.0012
869,0.0045,0.0064,0.0053,0.0031
870,0.0045,0.0064,0.0053,0.0031
871,0.0045,0.0064,0.0053,0.0031
872,0.0045,0.0064,0.0053,0.0031
873,0.0045,0.0064,0.0053,0.0031
874,0.0054,0.0034,0.0051,0.0013
875,0.0054,0.0034,0.0051,0.0013
876,0.0070,0.0028,0.0058,0.0017
877,0.0058,0.0034,0.0051,0.0014
878,0.0041,0.0041,0.0047,0.0022
879,0.0080,0.0059,0.0080,0.0016
880,0.0069,0.0029,0.0057,0.0018
881,0.0063,0.0036,0.0047,0.0016
882,0.0062,0.0037,0.0047,0.0017
883,0.0069,0.0031,0.0057,0.0017
884,0.0052,0.0049,0.0049,0.0018
885,0.0059,0.0043,0.0051,0.0014
886,0.0075,0.0036,0.0063,0.0016
887,0.0061,0.0045,0.0053,0.0012
888,0.0064,0.0046,0.0054,0.0012
889,0.0045,0.0042,0.0046,0.0022
890,0.0094,0.0064,0.0079,0.0031
891,0.0116,0.0041,0.0090,0.0015
892,0.0060,0.0043,0.0069,0.0030
893,0.0057,0.0042,0.0048,0.0028
894,0.0076,0.0036,0.0054,0.0033
895,0.0054,0.0040,0.0040,0.0023
896,0.0039,0.0043,0.0052,0.0023
897,0.0076,0.0051,0.0054,0.0035
898,0.0049,0.0041,0.0042,0.0022
899,0.0049,0.0039,0.0045,0.0021
900,0.0072,0.0029,0.0055,0.0024
901,0.0041,0.0040,0.0051,0.0020
902,0.0111,0.0038,0.0093,0.0014
903,0.0063,0.0036,0.0047,0.0016
904,0.0070,0.0031,0.0060,0.0016
905,0.0060,0.0033,0.0054,0.0013
906,0.0062,0.0034,0.0055,0.0014
907,0.0045,0.0045,0.0054,0.0033
908,0.0063,0.0037,0.0052,0.0021
909,0.0063,0.0039,0.0054,0.0028
910,0.0072,0.0033,0.0065,0.0023
911,0.0059,0.0042,0.0058,0.0045
912,0.0050,0.0051,0.0073,0.0033
913,0.0106,0.0042,0.0096,0.0013
914,0.0081,0.0047,0.0073,0.0045
915,0.0062,0.0037,0.0047,0.0017
916,0.0054,0.0034,0.0051,0.0013
917,0.0070,0.0028,0.0058,0.0017
918,0.0040,0.0040,0.0049,0.0020
919,0.0054,0.0034,0.0051,0.0013
920,0.0070,0.0028,0.0058,0.0017
921,0.0054,0.0034,0.0051,0.0013
922,0.0054,0.0034,0.0051,0.0013
923,0.0040,0.0040,0.0049,0.0020
924,0.0102,0.0048,0.0095,0.0013
925,0.0054,0.0034,0.0051,0.0013
926,0.0054,0.0034,0.0051,0.0013
927,0.0069,0.0031,0.0057,0.0017
928,0.0054,0.0034,0.0051,0.0013
929,0.0040,0.0040,0.0049,0.0020
930,0.0070,0.0028,0.0058,0.0017
931,0.0054,0.0034,0.0051,0.0013
932,0.0054,0.0034,0.0051,0.0013
933,0.0070,0.0028,0.0058,0.0017
934,0.0040,0.0040,0.0049,0.0020
935,0.0080,0.0070,0.0071,0.0015
936,0.0054,0.0034,0.0051,0.0013
937,0.0070,0.0028,0.0058,0.0017
938,0.0054,0.0034,0.0051,0.0013
939,0.0060,0.0041,0.0049,0.0015
940,0.0040,0.0040,0.0049,0.0020
941,0.0054,0.0034,0.0051,0.0013
942,0.0054,0.0034,0.0051,0.0013
943,0.0070,0.0028,0.0058,0.0017
944,0.0054,0.0034,0.0051,0.0013
945,0.0040,0.0040,0.0049,0.0020
946,0.0096,0.0063,0.0079,0.0012
947,0.0070,0.0028,0.0058,0.0017
948,0.0054,0.0034,0.0051,0.0013
949,0.0054,0.0034,0.0051,0.0013
950,0.0070,0.0028,0.0058,0.0017
951,0.0053,0.0050,0.0050,0.0017
952,0.0054,0.0034,0.0051,0.0013
953,0.0070,0.0028,0.0058,0.0017
954,0.0054,0.0034,0.0051,0.0013
955,0.0054,0.0034,0.0051,0.0013
956,0.0040,0.0040,0.0049,0.0020
957,0.0091,0.0052,0.0085,0.0012
958,0.0073,0.0037,0.0078,0.0013
959,0.0068,0.0030,0.0083,0.0012
960,0.0095,0.0054,0.0087,0.0015
961,0.0058,0.0037,0.0084,0.0011
962,0.0052,0.0049,0.0049,0.0018
963,0.0075,0.0036,0.0063,0.0016
964,0.0049,0.0041,0.0067,0.0011
965,0.0046,0.0039,0.0055,0.0012
966,0.0074,0.0031,0.0082,0.0016
967,0.0069,0.0041,0.0064,0.0020
968,0.0087,0.0051,0.0078,0.0012
969,0.0048,0.0033,0.0044,0.0013
970,0.0069,0.0027,0.0055,0.0017
971,0.0062,0.0035,0.0047,0.0014
972,0.0063,0.0036,0.0047,0.0016
973,0.0049,0.0047,0.0047,0.0020
974,0.0061,0.0039,0.0047,0.0016
975,0.0061,0.0045,0.0053,0.0012
976,0.0071,0.0032,0.0061,0.0017
977,0.0059,0.0043,0.0051,0.0014
978,0.0057,0.0052,0.0050,0.0017
979,0.0083,0.0049,0.0070,0.0012
980,0.0077,0.0038,0.0062,0.0015
981,0.0064,0.0046,0.0054,0.0012
982,0.0060,0.0043,0.0069,0.0030
983,0.0075,0.0040,0.0055,0.0038
984,0.0038,0.0050,0.0046,0.0028
985,0.0038,0.0050,0.0046,0.0028
986,0.0038,0.0050,0.0046,0.0028
987,0.0038,0.0050,0.0046,0.0028
988,0.0038,0.0050,0.0046,0.0028
989,0.0038,0.0050,0.0046,0.0028
990,0.0113,0.0057,0.0089,0.0017
991,0.0053,0.0028,0.0049,0.0011
992,0.0053,0.0028,0.0049,0.0011
993,0.0066,0.0018,0.0055,0.0015
994,0.0059,0.0027,0.0049,0.0011
995,0.0042,0.0028,0.0047,0.0017
996,0.0069,0.0025,0.0056,0.0015
997,0.0065,0.0025,0.0048,0.0012
998,0.0064,0.0026,0.0048,0.0013
999,0.0072,0.0022,0.0059,0.0015
1000,0.0059,0.0035,0.0045,0.0016
1001,0.0085,0.0071,0.0088,0.0029
1002,0.0079,0.0046,0.0061,0.0012
1003,0.0064,0.0031,0.0049,0.0013
1004,0.0079,0.0027,0.0063,0.0016
1005,0.0069,0.0032,0.0050,0.0012
1006,0.0074,0.0031,0.0050,0.0012
1007,0.0046,0.0029,0.0046,0.0017
1008,0.0067,0.0037,0.0065,0.0029
1009,0.0064,0.0036,0.0052,0.0027
1010,0.0083,0.0029,0.0061,0.0030
1011,0.0061,0.0036,0.0049,0.0023
1012,0.0042,0.0037,0.0054,0.0023
1013,0.0081,0.0050,0.0063,0.0012
1014,0.0075,0.0048,0.0054,0.0033
1015,0.0051,0.0038,0.0040,0.0022
1016,0.0050,0.0035,0.0042,0.0018
1017,0.0067,0.0028,0.0053,0.0022
1018,0.0041,0.0029,0.0051,0.0017
1019,0.0065,0.0025,0.0048,0.0012
1020,0.0067,0.0018,0.0057,0.0015
1021,0.0059,0.0026,0.0053,0.0017
1022,0.0061,0.0027,0.0054,0.0019
1023,0.0046,0.0036,0.0055,0.0023
1024,0.0084,0.0051,0.0069,0.0012
1025,0.0063,0.0029,0.0054,0.0021
1026,0.0064,0.0030,0.0059,0.0025
1027,0.0070,0.0026,0.0065,0.0030
1028,0.0062,0.0034,0.0062,0.0038
1029,0.0062,0.0054,0.0071,0.0042
1030,0.0082,0.0039,0.0076,0.0043
1031,0.0064,0.0026,0.0048,0.0013
1032,0.0053,0.0028,0.0049,0.0011
1033,0.0066,0.0018,0.0055,0.0015
1034,0.0040,0.0028,0.0049,0.0016
1035,0.0086,0.0054,0.0076,0.0013
1036,0.0053,0.0028,0.0049,0.0011
1037,0.0066,0.0018,0.0055,0.0015
1038,0.0053,0.0028,0.0049,0.0011
1039,0.0053,0.0028,0.0049,0.0011
1040,0.0040,0.0028,0.0049,0.0016
1041,0.0053,0.0028,0.0049,0.0011
1042,0.0053,0.0028,0.0049,0.0011
1043,0.0072,0.0022,0.0059,0.0015
1044,0.0053,0.0028,0.0049,0.0011
1045,0.0040,0.0028,0.0049,0.0016
1046,0.0076,0.0066,0.0075,0.0017
1047,0.0066,0.0018,0.0055,0.0015
1048,0.0053,0.0028,0.0049,0.0011
1049,0.0053,0.0028,0.0049,0.0011
1050,0.0066,0.0018,0.0055,0.0015
1051,0.0040,0.0028,0.0049,0.0016
1052,0.0053,0.0028,0.0049,0.0011
1053,0.0066,0.0018,0.0055,0.0015
1054,0.0053,0.0028,0.0049,0.0011
1055,0.0064,0.0029,0.0049,0.0013
1056,0.0040,0.0028,0.0049,0.0016
1057,0.0090,0.0057,0.0084,0.0013
1058,0.0053,0.0028,0.0049,0.0011
1059,0.0053,0.0028,0.0049,0.0011
1060,0.0066,0.0018,0.0055,0.0015
1061,0.0053,0.0028,0.0049,0.0011
1062,0.0040,0.0028,0.0049,0.0016
1063,0.0066,0.0018,0.0055,0.0015
1064,0.0053,0.0028,0.0049,0.0011
1065,0.0053,0.0028,0.0049,0.0011
1066,0.0066,0.0018,0.0055,0.0015
1067,0.0064,0.0034,0.0045,0.0016
1068,0.0099,0.0064,0.0079,0.0013
1069,0.0053,0.0028,0.0049,0.0011
1070,0.0066,0.0018,0.0055,0.0015
1071,0.0053,0.0028,0.0049,0.0011
1072,0.0053,0.0028,0.0049,0.0011
1073,0.0040,0.0028,0.0049,0.0016
1074,0.0060,0.0040,0.0067,0.0013
1075,0.0056,0.0027,0.0067,0.0012
1076,0.0077,0.0060,0.0078,0.0015
1077,0.0047,0.0022,0.0067,0.0012
1078,0.0059,0.0035,0.0045,0.0016
1079,0.0092,0.0059,0.0083,0.0013
1080,0.0079,0.0027,0.0063,0.0016
1081,0.0040,0.0025,0.0055,0.0012
1082,0.0039,0.0024,0.0047,0.0012
1083,0.0065,0.0018,0.0069,0.0015
1084,0.0068,0.0034,0.0062,0.0020
1085,0.0046,0.0025,0.0042,0.0012
1086,0.0067,0.0020,0.0054,0.0015
1087,0.0063,0.0025,0.0048,0.0011
1088,0.0065,0.0025,0.0048,0.0012
1089,0.0053,0.0033,0.0044,0.0017
1090,0.0094,0.0061,0.0081,0.0012
1091,0.0063,0.0027,0.0048,0.0014
1092,0.0069,0.0032,0.0050,0.0012
1093,0.0073,0.0022,0.0063,0.0015
1094,0.0064,0.0031,0.0049,0.0013
1095,0.0069,0.0036,0.0044,0.0017
1096,0.0082,0.0030,0.0062,0.0016
1097,0.0074,0.0031,0.0050,0.0012
1098,0.0067,0.0037,0.0065,0.0029
1099,0.0083,0.0031,0.0061,0.0037
1100,0.0041,0.0047,0.0042,0.0026
1101,0.0085,0.0073,0.0070,0.0015
1102,0.0041,0.0047,0.0042,0.0026
1103,0.0041,0.0047,0.0042,0.0026
1104,0.0041,0.0047,0.0042,0.0026
1105,0.0041,0.0047,0.0042,0.0026
1106,0.0041,0.0047,0.0042,0.0026
1107,0.0064,0.0026,0.0067,0.0011
1108,0.0064,0.0026,0.0067,0.0011
1109,0.0085,0.0016,0.0068,0.0016
1110,0.0062,0.0025,0.0057,0.0012
1111,0.0038,0.0025,0.0043,0.0016
1112,0.0081,0.0057,0.0062,0.0012
1113,0.0090,0.0066,0.0067,0.0023
1114,0.0099,0.0064,0.0079,0.0013
1115,0.0076,0.0024,0.0072,0.0015
1116,0.0061,0.0023,0.0044,0.0011
1117,0.0061,0.0023,0.0045,0.0012
1118,0.0068,0.0020,0.0055,0.0015
1119,0.0057,0.0030,0.0044,0.0017
1120,0.0061,0.0029,0.0048,0.0012
1121,0.0075,0.0026,0.0062,0.0015
1122,0.0068,0.0027,0.0049,0.0012
1123,0.0074,0.0026,0.0049,0.0012
1124,0.0042,0.0027,0.0042,0.0016
1125,0.0103,0.0065,0.0079,0.0014
1126,0.0058,0.0030,0.0068,0.0030
1127,0.0055,0.0030,0.0046,0.0028
1128,0.0068,0.0022,0.0052,0.0031
1129,0.0051,0.0030,0.0037,0.0026
1130,0.0035,0.0032,0.0050,0.0024
1131,0.0069,0.0040,0.0068,0.0038
1132,0.0050,0.0033,0.0049,0.0025
1133,0.0053,0.0031,0.0056,0.0021
1134,0.0078,0.0025,0.0069,0.0025
1135,0.0039,0.0026,0.0049,0.0017
1136,0.0092,0.0060,0.0071,0.0051
1137,0.0061,0.0023,0.0044,0.0011
1138,0.0088,0.0015,0.0068,0.0015
1139,0.0068,0.0025,0.0063,0.0020
1140,0.0068,0.0026,0.0060,0.0023
1141,0.0041,0.0036,0.0049,0.0025
1142,0.0063,0.0027,0.0050,0.0026
1143,0.0061,0.0028,0.0051,0.0028
1144,0.0076,0.0023,0.0069,0.0031
1145,0.0056,0.0033,0.0056,0.0038
1146,0.0054,0.0058,0.0072,0.0053
1147,0.0093,0.0058,0.0079,0.0046
1148,0.0074,0.0037,0.0072,0.0043
1149,0.0061,0.0023,0.0045,0.0012
1150,0.0064,0.0026,0.0067,0.0011
1151,0.0085,0.0016,0.0068,0.0016
1152,0.0038,0.0025,0.0046,0.0017
1153,0.0064,0.0026,0.0067,0.0011
1154,0.0085,0.0016,0.0068,0.0016
1155,0.0064,0.0026,0.0067,0.0011
1156,0.0064,0.0026,0.0067,0.0011
1157,0.0038,0.0025,0.0046,0.0017
1158,0.0082,0.0065,0.0078,0.0040
1159,0.0064,0.0026,0.0067,0.0011
1160,0.0064,0.0026,0.0067,0.0011
1161,0.0068,0.0020,0.0055,0.0015
1162,0.0064,0.0026,0.0067,0.0011
1163,0.0038,0.0025,0.0046,0.0017
1164,0.0085,0.0016,0.0068,0.0016
1165,0.0064,0.0026,0.0067,0.0011
1166,0.0064,0.0026,0.0067,0.0011
1167,0.0085,0.0016,0.0068,0.0016
1168,0.0038,0.0025,0.0046,0.0017
1169,0.0082,0.0065,0.0078,0.0040
1170,0.0064,0.0026,0.0067,0.0011
1171,0.0085,0.0016,0.0068,0.0016
1172,0.0064,0.0026,0.0067,0.0011
1173,0.0060,0.0027,0.0047,0.0012
1174,0.0038,0.0025,0.0046,0.0017
1175,0.0064,0.0026,0.0067,0.0011
1176,0.0064,0.0026,0.0067,0.0011
1177,0.0085,0.0016,0.0068,0.0016
1178,0.0064,0.0026,0.0067,0.0011
1179,0.0038,0.0025,0.0046,0.0017
1180,0.0082,0.0065,0.0078,0.0040
1181,0.0085,0.0016,0.0068,0.0016
1182,0.0064,0.0026,0.0067,0.0011
1183,0.0064,0.0026,0.0067,0.0011
1184,0.0085,0.0016,0.0068,0.0016
1185,0.0062,0.0029,0.0044,0.0018
1186,0.0064,0.0026,0.0067,0.0011
1187,0.0085,0.0016,0.0068,0.0016
1188,0.0064,0.0026,0.0067,0.0011
1189,0.0064,0.0026,0.0067,0.0011
1190,0.0038,0.0025,0.0046,0.0017
1191,0.0082,0.0065,0.0078,0.0040
1192,0.0103,0.0039,0.0089,0.0014
1193,0.0101,0.0025,0.0081,0.0013
1194,0.0106,0.0059,0.0102,0.0016
1195,0.0094,0.0020,0.0070,0.0012
1196,0.0057,0.0030,0.0044,0.0017
1197,0.0075,0.0026,0.0062,0.0015
1198,0.0086,0.0022,0.0060,0.0011
1199,0.0081,0.0021,0.0056,0.0011
1200,0.0095,0.0016,0.0071,0.0016
1201,0.0076,0.0032,0.0072,0.0022
1202,0.0082,0.0065,0.0078,0.0040
1203,0.0067,0.0022,0.0063,0.0011
1204,0.0081,0.0019,0.0070,0.0015
1205,0.0062,0.0022,0.0046,0.0012
1206,0.0061,0.0023,0.0044,0.0011
1207,0.0049,0.0031,0.0043,0.0016
1208,0.0060,0.0025,0.0045,0.0012
1209,0.0068,0.0027,0.0049,0.0012
1210,0.0069,0.0021,0.0060,0.0015
1211,0.0061,0.0029,0.0048,0.0012
1212,0.0068,0.0031,0.0044,0.0018
1213,0.0082,0.0065,0.0078,0.0040
1214,0.0079,0.0029,0.0061,0.0015
1215,0.0074,0.0026,0.0049,0.0012
1216,0.0058,0.0030,0.0068,0.0030
1217,0.0069,0.0030,0.0052,0.0036
1218,0.0034,0.0042,0.0040,0.0028
1219,0.0034,0.0042,0.0040,0.0028
1220,0.0034,0.0042,0.0040,0.0028
1221,0.0034,0.0042,0.0040,0.0028
1222,0.0034,0.0042,0.0040,0.0028
1223,0.0034,0.0042,0.0040,0.0028
1224,0.0087,0.0064,0.0063,0.0021
1225,0.0076,0.0030,0.0059,0.0013
1226,0.0076,0.0030,0.0059,0.0013
1227,0.0076,0.0030,0.0059,0.0013
1228,0.0077,0.0031,0.0060,0.0013
1229,0.0071,0.0042,0.0074,0.0019
1230,0.0080,0.0033,0.0066,0.0014
1231,0.0082,0.0034,0.0071,0.0015
1232,0.0084,0.0036,0.0076,0.0016
1233,0.0086,0.0038,0.0077,0.0015
1234,0.0077,0.0056,0.0065,0.0015
1235,0.0085,0.0061,0.0062,0.0018
1236,0.0091,0.0046,0.0075,0.0013
1237,0.0093,0.0049,0.0074,0.0012
1238,0.0097,0.0050,0.0075,0.0012
1239,0.0101,0.0050,0.0075,0.0013
1240,0.0071,0.0044,0.0072,0.0020
1241,0.0091,0.0044,0.0068,0.0050
1242,0.0092,0.0044,0.0076,0.0045
1243,0.0091,0.0043,0.0081,0.0037
1244,0.0090,0.0042,0.0079,0.0029
1245,0.0080,0.0045,0.0085,0.0024
1246,0.0084,0.0059,0.0062,0.0015
1247,0.0086,0.0041,0.0064,0.0023
1248,0.0083,0.0039,0.0060,0.0022
1249,0.0081,0.0036,0.0058,0.0020
1250,0.0079,0.0032,0.0057,0.0017
1251,0.0079,0.0040,0.0078,0.0017
1252,0.0082,0.0034,0.0071,0.0015
1253,0.0076,0.0030,0.0060,0.0013
1254,0.0076,0.0031,0.0063,0.0014
1255,0.0078,0.0032,0.0065,0.0015
1256,0.0073,0.0048,0.0080,0.0032
1257,0.0084,0.0067,0.0080,0.0016
1258,0.0082,0.0037,0.0074,0.0022
1259,0.0085,0.0038,0.0081,0.0029
1260,0.0089,0.0040,0.0088,0.0039
1261,0.0093,0.0041,0.0091,0.0049
1262,0.0099,0.0053,0.0077,0.0041
1263,0.0105,0.0045,0.0088,0.0056
1264,0.0084,0.0036,0.0076,0.0016
1265,0.0076,0.0030,0.0059,0.0013
1266,0.0076,0.0030,0.0059,0.0013
1267,0.0076,0.0040,0.0076,0.0018
1268,0.0086,0.0063,0.0074,0.0013
1269,0.0076,0.0030,0.0059,0.0013
1270,0.0076,0.0030,0.0059,0.0013
1271,0.0076,0.0030,0.0059,0.0013
1272,0.0076,0.0030,0.0059,0.0013
1273,0.0076,0.0040,0.0076,0.0018
1274,0.0076,0.0030,0.0059,0.0013
1275,0.0076,0.0030,0.0059,0.0013
1276,0.0086,0.0038,0.0077,0.0015
1277,0.0076,0.0030,0.0059,0.0013
1278,0.0076,0.0040,0.0076,0.0018
1279,0.0081,0.0057,0.0064,0.0012
1280,0.0076,0.0030,0.0059,0.0013
1281,0.0076,0.0030,0.0059,0.0013
1282,0.0076,0.0030,0.0059,0.0013
1283,0.0076,0.0030,0.0059,0.0013
1284,0.0076,0.0040,0.0076,0.0018
1285,0.0076,0.0030,0.0059,0.0013
1286,0.0076,0.0030,0.0059,0.0013
1287,0.0076,0.0030,0.0059,0.0013
1288,0.0088,0.0042,0.0076,0.0014
1289,0.0076,0.0040,0.0076,0.0018
1290,0.0081,0.0059,0.0066,0.0014
1291,0.0076,0.0030,0.0059,0.0013
1292,0.0076,0.0030,0.0059,0.0013
1293,0.0076,0.0030,0.0059,0.0013
1294,0.0076,0.0030,0.0059,0.0013
1295,0.0076,0.0040,0.0076,0.0018
1296,0.0076,0.0030,0.0059,0.0013
1297,0.0076,0.0030,0.0059,0.0013
1298,0.0076,0.0030,0.0059,0.0013
1299,0.0076,0.0030,0.0059,0.0013
1300,0.0079,0.0056,0.0065,0.0015
1301,0.0082,0.0061,0.0068,0.0016
1302,0.0076,0.0030,0.0059,0.0013
1303,0.0076,0.0030,0.0059,0.0013
1304,0.0076,0.0030,0.0059,0.0013
1305,0.0076,0.0030,0.0059,0.0013
1306,0.0076,0.0040,0.0076,0.0018
1307,0.0123,0.0035,0.0100,0.0015
1308,0.0117,0.0027,0.0107,0.0014
1309,0.0112,0.0031,0.0112,0.0013
1310,0.0106,0.0037,0.0111,0.0013
1311,0.0077,0.0056,0.0065,0.0015
1312,0.0078,0.0071,0.0081,0.0034
1313,0.0093,0.0049,0.0074,0.0012
1314,0.0093,0.0042,0.0098,0.0012
1315,0.0088,0.0040,0.0087,0.0012
1316,0.0083,0.0037,0.0075,0.0012
1317,0.0111,0.0040,0.0087,0.0018
1318,0.0077,0.0030,0.0060,0.0013
1319,0.0077,0.0031,0.0060,0.0013
1320,0.0080,0.0033,0.0066,0.0014
1321,0.0082,0.0034,0.0071,0.0015
1322,0.0073,0.0051,0.0067,0.0018
1323,0.0083,0.0058,0.0064,0.0012
1324,0.0085,0.0067,0.0075,0.0023
1325,0.0086,0.0038,0.0077,0.0015
1326,0.0097,0.0050,0.0075,0.0012
1327,0.0088,0.0042,0.0076,0.0014
1328,0.0091,0.0046,0.0075,0.0013
1329,0.0083,0.0056,0.0066,0.0015
1330,0.0097,0.0050,0.0075,0.0012
1331,0.0101,0.0050,0.0075,0.0013
1332,0.0091,0.0044,0.0068,0.0050
1333,0.0092,0.0044,0.0076,0.0045
1334,0.0079,0.0055,0.0074,0.0034
1335,0.0088,0.0066,0.0080,0.0029
1336,0.0079,0.0055,0.0074,0.0034
1337,0.0079,0.0055,0.0074,0.0034
1338,0.0079,0.0055,0.0074,0.0034
1339,0.0079,0.0055,0.0074,0.0034
1340,0.0079,0.0055,0.0074,0.0034
1341,0.0074,0.0022,0.0058,0.0013
1342,0.0074,0.0022,0.0058,0.0013
1343,0.0074,0.0022,0.0058,0.0013
1344,0.0077,0.0023,0.0059,0.0012
1345,0.0071,0.0030,0.0071,0.0015
1346,0.0091,0.0065,0.0086,0.0038
1347,0.0080,0.0021,0.0065,0.0012
1348,0.0082,0.0022,0.0070,0.0012
1349,0.0084,0.0024,0.0074,0.0013
1350,0.0086,0.0026,0.0075,0.0013
1351,0.0078,0.0040,0.0062,0.0015
1352,0.0091,0.0034,0.0073,0.0013
1353,0.0094,0.0036,0.0072,0.0012
1354,0.0099,0.0036,0.0073,0.0013
1355,0.0104,0.0034,0.0073,0.0013
1356,0.0070,0.0032,0.0069,0.0016
1357,0.0095,0.0070,0.0089,0.0047
1358,0.0098,0.0040,0.0070,0.0048
1359,0.0099,0.0039,0.0082,0.0042
1360,0.0098,0.0038,0.0087,0.0035
1361,0.0095,0.0037,0.0084,0.0029
1362,0.0082,0.0038,0.0087,0.0023
1363,0.0088,0.0036,0.0066,0.0024
1364,0.0084,0.0034,0.0060,0.0023
1365,0.0081,0.0030,0.0057,0.0020
1366,0.0078,0.0027,0.0056,0.0016
1367,0.0078,0.0029,0.0076,0.0015
1368,0.0101,0.0113,0.0082,0.0046
1369,0.0082,0.0022,0.0070,0.0012
1370,0.0074,0.0023,0.0060,0.0016
1371,0.0075,0.0022,0.0062,0.0020
1372,0.0076,0.0024,0.0064,0.0023
1373,0.0073,0.0040,0.0076,0.0025
1374,0.0081,0.0028,0.0073,0.0026
1375,0.0085,0.0029,0.0082,0.0029
1376,0.0089,0.0031,0.0088,0.0036
1377,0.0094,0.0033,0.0091,0.0044
1378,0.0104,0.0057,0.0075,0.0050
1379,0.0105,0.0107,0.0091,0.0057
1380,0.0109,0.0035,0.0088,0.0054
1381,0.0084,0.0024,0.0074,0.0013
1382,0.0074,0.0022,0.0058,0.0013
1383,0.0074,0.0022,0.0058,0.0013
1384,0.0076,0.0029,0.0074,0.0015
1385,0.0074,0.0022,0.0058,0.0013
1386,0.0074,0.0022,0.0058,0.0013
1387,0.0074,0.0022,0.0058,0.0013
1388,0.0074,0.0022,0.0058,0.0013
1389,0.0076,0.0029,0.0074,0.0015
1390,0.0088,0.0066,0.0079,0.0014
1391,0.0074,0.0022,0.0058,0.0013
1392,0.0074,0.0022,0.0058,0.0013
1393,0.0086,0.0026,0.0075,0.0013
1394,0.0074,0.0022,0.0058,0.0013
1395,0.0076,0.0029,0.0074,0.0015
1396,0.0074,0.0022,0.0058,0.0013
1397,0.0074,0.0022,0.0058,0.0013
1398,0.0074,0.0022,0.0058,0.0013
1399,0.0074,0.0022,0.0058,0.0013
1400,0.0076,0.0029,0.0074,0.0015
1401,0.0081,0.0057,0.0062,0.0012
1402,0.0074,0.0022,0.0058,0.0013
1403,0.0074,0.0022,0.0058,0.0013
1404,0.0074,0.0022,0.0058,0.0013
1405,0.0089,0.0030,0.0073,0.0013
1406,0.0076,0.0029,0.0074,0.0015
1407,0.0074,0.0022,0.0058,0.0013
1408,0.0074,0.0022,0.0058,0.0013
1409,0.0074,0.0022,0.0058,0.0013
1410,0.0074,0.0022,0.0058,0.0013
1411,0.0076,0.0029,0.0074,0.0015
1412,0.0081,0.0057,0.0062,0.0012
1413,0.0074,0.0022,0.0058,0.0013
1414,0.0074,0.0022,0.0058,0.0013
1415,0.0074,0.0022,0.0058,0.0013
1416,0.0074,0.0022,0.0058,0.0013
1417,0.0082,0.0040,0.0062,0.0015
1418,0.0074,0.0022,0.0058,0.0013
1419,0.0074,0.0022,0.0058,0.0013
1420,0.0074,0.0022,0.0058,0.0013
1421,0.0074,0.0022,0.0058,0.0013
1422,0.0076,0.0029,0.0074,0.0015
1423,0.0081,0.0067,0.0078,0.0017
1424,0.0115,0.0038,0.0092,0.0014
1425,0.0110,0.0023,0.0094,0.0014
1426,0.0105,0.0017,0.0096,0.0013
1427,0.0100,0.0021,0.0095,0.0013
1428,0.0078,0.0040,0.0062,0.0015
1429,0.0094,0.0036,0.0072,0.0012
1430,0.0089,0.0025,0.0085,0.0013
1431,0.0084,0.0024,0.0078,0.0013
1432,0.0080,0.0021,0.0069,0.0013
1433,0.0110,0.0032,0.0087,0.0019
1434,0.0076,0.0070,0.0078,0.0018
1435,0.0081,0.0057,0.0062,0.0012
1436,0.0075,0.0019,0.0058,0.0013
1437,0.0077,0.0023,0.0059,0.0012
1438,0.0080,0.0021,0.0065,0.0012
1439,0.0082,0.0022,0.0070,0.0012
1440,0.0073,0.0038,0.0063,0.0015
1441,0.0086,0.0026,0.0075,0.0013
1442,0.0099,0.0036,0.0073,0.0013
1443,0.0089,0.0030,0.0073,0.0013
1444,0.0091,0.0034,0.0073,0.0013
1445,0.0086,0.0039,0.0063,0.0016
1446,0.0081,0.0057,0.0062,0.0012
1447,0.0099,0.0036,0.0073,0.0013
1448,0.0104,0.0034,0.0073,0.0013
1449,0.0098,0.0040,0.0070,0.0048
1450,0.0099,0.0039,0.0082,0.0042
1451,0.0082,0.0052,0.0075,0.0029
1452,0.0082,0.0052,0.0075,0.0029
1453,0.0082,0.0052,0.0075,0.0029
1454,0.0082,0.0052,0.0075,0.0029
1455,0.0082,0.0052,0.0075,0.0029
1456,0.0082,0.0052,0.0075,0.0029
1457,0.0081,0.0057,0.0062,0.0012
1458,0.0086,0.0020,0.0078,0.0013
1459,0.0086,0.0020,0.0078,0.0013
1460,0.0086,0.0020,0.0078,0.0013
1461,0.0082,0.0020,0.0070,0.0013
1462,0.0070,0.0027,0.0069,0.0016
1463,0.0081,0.0018,0.0066,0.0013
1464,0.0081,0.0019,0.0068,0.0012
1465,0.0083,0.0020,0.0072,0.0012
1466,0.0085,0.0023,0.0073,0.0013
1467,0.0077,0.0036,0.0062,0.0016
1468,0.0081,0.0057,0.0062,0.0012
1469,0.0090,0.0030,0.0072,0.0012
1470,0.0093,0.0032,0.0071,0.0012
1471,0.0098,0.0031,0.0072,0.0013
1472,0.0103,0.0028,0.0072,0.0013
1473,0.0069,0.0029,0.0067,0.0015
1474,0.0089,0.0031,0.0067,0.0047
1475,0.0090,0.0030,0.0073,0.0042
1476,0.0088,0.0030,0.0077,0.0036
1477,0.0086,0.0029,0.0074,0.0032
1478,0.0078,0.0033,0.0083,0.0026
1479,0.0081,0.0067,0.0078,0.0017
1480,0.0083,0.0029,0.0064,0.0030
1481,0.0083,0.0028,0.0066,0.0028
1482,0.0083,0.0025,0.0069,0.0024
1483,0.0085,0.0023,0.0074,0.0018
1484,0.0079,0.0025,0.0076,0.0016
1485,0.0081,0.0019,0.0068,0.0012
1486,0.0087,0.0020,0.0078,0.0017
1487,0.0086,0.0020,0.0076,0.0023
1488,0.0085,0.0022,0.0073,0.0028
1489,0.0071,0.0039,0.0072,0.0030
1490,0.0081,0.0057,0.0062,0.0012
1491,0.0084,0.0026,0.0071,0.0032
1492,0.0084,0.0027,0.0076,0.0034
1493,0.0087,0.0030,0.0082,0.0039
1494,0.0091,0.0032,0.0086,0.0046
1495,0.0099,0.0061,0.0076,0.0062
1496,0.0103,0.0034,0.0085,0.0056
1497,0.0083,0.0020,0.0072,0.0012
1498,0.0086,0.0020,0.0078,0.0013
1499,0.0086,0.0020,0.0078,0.0013
1500,0.0076,0.0026,0.0073,0.0017
1501,0.0081,0.0057,0.0062,0.0012
1502,0.0086,0.0020,0.0078,0.0013
1503,0.0086,0.0020,0.0078,0.0013
1504,0.0086,0.0020,0.0078,0.0013
1505,0.0086,0.0020,0.0078,0.0013
1506,0.0076,0.0026,0.0073,0.0017
1507,0.0086,0.0020,0.0078,0.0013
1508,0.0086,0.0020,0.0078,0.0013
1509,0.0085,0.0023,0.0073,0.0013
1510,0.0086,0.0020,0.0078,0.0013
1511,0.0076,0.0026,0.0073,0.0017
1512,0.0090,0.0068,0.0081,0.0015
1513,0.0086,0.0020,0.0078,0.0013
1514,0.0086,0.0020,0.0078,0.0013
1515,0.0086,0.0020,0.0078,0.0013
1516,0.0086,0.0020,0.0078,0.0013
1517,0.0076,0.0026,0.0073,0.0017
1518,0.0086,0.0020,0.0078,0.0013
1519,0.0086,0.0020,0.0078,0.0013
1520,0.0086,0.0020,0.0078,0.0013
1521,0.0087,0.0027,0.0072,0.0012
1522,0.0076,0.0026,0.0073,0.0017
1523,0.0081,0.0057,0.0062,0.0012
1524,0.0086,0.0020,0.0078,0.0013
1525,0.0086,0.0020,0.0078,0.0013
1526,0.0086,0.0020,0.0078,0.0013
1527,0.0086,0.0020,0.0078,0.0013
1528,0.0076,0.0026,0.0073,0.0017
1529,0.0086,0.0020,0.0078,0.0013
1530,0.0086,0.0020,0.0078,0.0013
1531,0.0086,0.0020,0.0078,0.0013
1532,0.0086,0.0020,0.0078,0.0013
1533,0.0081,0.0034,0.0062,0.0017
1534,0.0081,0.0067,0.0078,0.0017
1535,0.0086,0.0020,0.0078,0.0013
1536,0.0086,0.0020,0.0078,0.0013
1537,0.0086,0.0020,0.0078,0.0013
1538,0.0086,0.0020,0.0078,0.0013
1539,0.0076,0.0026,0.0073,0.0017
1540,0.0146,0.0037,0.0119,0.0015
1541,0.0142,0.0021,0.0112,0.0014
1542,0.0137,0.0016,0.0108,0.0013
1543,0.0132,0.0019,0.0103,0.0013
1544,0.0077,0.0036,0.0062,0.0016
1545,0.0085,0.0060,0.0069,0.0012
1546,0.0081,0.0057,0.0062,0.0012
1547,0.0093,0.0032,0.0071,0.0012
1548,0.0120,0.0023,0.0093,0.0012
1549,0.0112,0.0022,0.0088,0.0012
1550,0.0106,0.0018,0.0083,0.0012
1551,0.0117,0.0029,0.0097,0.0021
1552,0.0092,0.0016,0.0079,0.0012
1553,0.0082,0.0020,0.0070,0.0013
1554,0.0081,0.0018,0.0066,0.0013
1555,0.0081,0.0019,0.0068,0.0012
1556,0.0071,0.0034,0.0063,0.0015
1557,0.0081,0.0057,0.0062,0.0012
1558,0.0085,0.0023,0.0073,0.0013
1559,0.0098,0.0031,0.0072,0.0013
1560,0.0087,0.0027,0.0072,0.0012
1561,0.0090,0.0030,0.0072,0.0012
1562,0.0086,0.0032,0.0062,0.0018
1563,0.0098,0.0031,0.0072,0.0013
1564,0.0103,0.0028,0.0072,0.0013
1565,0.0089,0.0031,0.0067,0.0047
1566,0.0090,0.0030,0.0073,0.0042
1567,0.0078,0.0046,0.0073,0.0031
1568,0.0081,0.0057,0.0062,0.0012
1569,0.0078,0.0046,0.0073,0.0031
1570,0.0078,0.0046,0.0073,0.0031
1571,0.0078,0.0046,0.0073,0.0031
1572,0.0078,0.0046,0.0073,0.0031
1573,0.0078,0.0046,0.0073,0.0031
1574,0.0066,0.0057,0.0071,0.0011
1575,0.0066,0.0057,0.0071,0.0011
1576,0.0089,0.0049,0.0075,0.0018
1577,0.0075,0.0058,0.0074,0.0011
1578,0.0056,0.0069,0.0054,0.0018
1579,0.0081,0.0057,0.0062,0.0012
1580,0.0091,0.0053,0.0082,0.0018
1581,0.0088,0.0062,0.0072,0.0013
1582,0.0090,0.0064,0.0072,0.0014
1583,0.0091,0.0057,0.0074,0.0018
1584,0.0075,0.0077,0.0071,0.0019
1585,0.0091,0.0069,0.0081,0.0014
1586,0.0093,0.0065,0.0076,0.0018
1587,0.0089,0.0072,0.0088,0.0013
1588,0.0088,0.0074,0.0091,0.0012
1589,0.0062,0.0070,0.0056,0.0019
1590,0.0081,0.0067,0.0078,0.0017
1591,0.0075,0.0071,0.0075,0.0039
1592,0.0073,0.0067,0.0064,0.0035
1593,0.0091,0.0065,0.0069,0.0052
1594,0.0069,0.0066,0.0055,0.0031
1595,0.0054,0.0070,0.0061,0.0025
1596,0.0087,0.0080,0.0073,0.0048
1597,0.0060,0.0065,0.0060,0.0026
1598,0.0059,0.0061,0.0062,0.0022
1599,0.0086,0.0053,0.0073,0.0029
1600,0.0056,0.0066,0.0058,0.0017
1601,0.0081,0.0057,0.0062,0.0012
1602,0.0088,0.0062,0.0072,0.0013
1603,0.0091,0.0051,0.0077,0.0017
1604,0.0076,0.0058,0.0078,0.0015
1605,0.0080,0.0060,0.0081,0.0019
1606,0.0067,0.0069,0.0061,0.0025
1607,0.0087,0.0066,0.0080,0.0023
1608,0.0088,0.0065,0.0078,0.0025
1609,0.0094,0.0064,0.0097,0.0044
1610,0.0084,0.0069,0.0079,0.0034
1611,0.0071,0.0110,0.0088,0.0034
1612,0.0081,0.0057,0.0062,0.0012
1613,0.0094,0.0070,0.0098,0.0051
1614,0.0090,0.0064,0.0072,0.0014
1615,0.0066,0.0057,0.0071,0.0011
1616,0.0089,0.0049,0.0075,0.0018
1617,0.0055,0.0066,0.0056,0.0018
1618,0.0066,0.0057,0.0071,0.0011
1619,0.0089,0.0049,0.0075,0.0018
1620,0.0066,0.0057,0.0071,0.0011
1621,0.0066,0.0057,0.0071,0.0011
1622,0.0055,0.0066,0.0056,0.0018
1623,0.0081,0.0057,0.0062,0.0012
1624,0.0066,0.0057,0.0071,0.0011
1625,0.0066,0.0057,0.0071,0.0011
1626,0.0091,0.0057,0.0074,0.0018
1627,0.0066,0.0057,0.0071,0.0011
1628,0.0055,0.0066,0.0056,0.0018
1629,0.0089,0.0049,0.0075,0.0018
1630,0.0066,0.0057,0.0071,0.0011
1631,0.0066,0.0057,0.0071,0.0011
1632,0.0089,0.0049,0.0075,0.0018
1633,0.0055,0.0066,0.0056,0.0018
1634,0.0091,0.0070,0.0080,0.0015
1635,0.0066,0.0057,0.0071,0.0011
1636,0.0089,0.0049,0.0075,0.0018
1637,0.0066,0.0057,0.0071,0.0011
1638,0.0091,0.0068,0.0079,0.0015
1639,0.0055,0.0066,0.0056,0.0018
1640,0.0066,0.0057,0.0071,0.0011
1641,0.0066,0.0057,0.0071,0.0011
1642,0.0089,0.0049,0.0075,0.0018
1643,0.0066,0.0057,0.0071,0.0011
1644,0.0055,0.0066,0.0056,0.0018
1645,0.0081,0.0067,0.0078,0.0017
1646,0.0089,0.0049,0.0075,0.0018
1647,0.0066,0.0057,0.0071,0.0011
1648,0.0066,0.0057,0.0071,0.0011
1649,0.0089,0.0049,0.0075,0.0018
1650,0.0075,0.0079,0.0075,0.0018
1651,0.0066,0.0057,0.0071,0.0011
1652,0.0089,0.0049,0.0075,0.0018
1653,0.0066,0.0057,0.0071,0.0011
1654,0.0066,0.0057,0.0071,0.0011
1655,0.0055,0.0066,0.0056,0.0018
1656,0.0086,0.0063,0.0074,0.0013
1657,0.0081,0.0057,0.0062,0.0012
1658,0.0067,0.0049,0.0081,0.0016
1659,0.0064,0.0043,0.0072,0.0015
1660,0.0088,0.0063,0.0101,0.0018
1661,0.0057,0.0049,0.0063,0.0013
1662,0.0075,0.0077,0.0071,0.0019
1663,0.0093,0.0065,0.0076,0.0018
1664,0.0051,0.0054,0.0053,0.0012
1665,0.0049,0.0054,0.0048,0.0012
1666,0.0085,0.0048,0.0075,0.0018
1667,0.0096,0.0066,0.0079,0.0023
1668,0.0081,0.0057,0.0062,0.0012
1669,0.0058,0.0055,0.0060,0.0011
1670,0.0090,0.0051,0.0079,0.0018
1671,0.0084,0.0060,0.0073,0.0012
1672,0.0088,0.0062,0.0072,0.0013
1673,0.0071,0.0074,0.0063,0.0020
1674,0.0091,0.0066,0.0075,0.0015
1675,0.0089,0.0072,0.0088,0.0013
1676,0.0092,0.0060,0.0075,0.0018
1677,0.0091,0.0069,0.0081,0.0014
1678,0.0075,0.0082,0.0078,0.0018
1679,0.0081,0.0057,0.0062,0.0012
1680,0.0094,0.0066,0.0077,0.0018
1681,0.0088,0.0074,0.0091,0.0012
1682,0.0075,0.0071,0.0075,0.0039
1683,0.0092,0.0064,0.0072,0.0054
1684,0.0053,0.0073,0.0053,0.0033
1685,0.0053,0.0073,0.0053,0.0033
1686,0.0053,0.0073,0.0053,0.0033
1687,0.0053,0.0073,0.0053,0.0033
1688,0.0053,0.0073,0.0053,0.0033
1689,0.0053,0.0073,0.0053,0.0033
1690,0.0081,0.0057,0.0062,0.0012
1691,0.0065,0.0048,0.0068,0.0011
1692,0.0065,0.0048,0.0068,0.0011
1693,0.0089,0.0043,0.0074,0.0019
1694,0.0075,0.0050,0.0072,0.0011
1695,0.0053,0.0060,0.0053,0.0017
1696,0.0091,0.0044,0.0081,0.0019
1697,0.0087,0.0053,0.0070,0.0012
1698,0.0089,0.0055,0.0072,0.0013
1699,0.0090,0.0049,0.0072,0.0018
1700,0.0066,0.0070,0.0066,0.0016
1701,0.0081,0.0067,0.0078,0.0017
1702,0.0086,0.0061,0.0079,0.0012
1703,0.0091,0.0055,0.0075,0.0018
1704,0.0082,0.0064,0.0083,0.0012
1705,0.0081,0.0066,0.0084,0.0013
1706,0.0058,0.0062,0.0055,0.0017
1707,0.0075,0.0060,0.0073,0.0036
1708,0.0073,0.0059,0.0062,0.0033
1709,0.0090,0.0056,0.0068,0.0044
1710,0.0068,0.0058,0.0054,0.0029
1711,0.0053,0.0062,0.0059,0.0025
1712,0.0081,0.0057,0.0062,0.0012
1713,0.0086,0.0069,0.0071,0.0045
1714,0.0060,0.0056,0.0057,0.0026
1715,0.0059,0.0053,0.0060,0.0022
1716,0.0086,0.0043,0.0072,0.0029
1717,0.0055,0.0058,0.0055,0.0017
1718,0.0087,0.0053,0.0070,0.0012
1719,0.0091,0.0046,0.0076,0.0017
1720,0.0076,0.0049,0.0075,0.0015
1721,0.0080,0.0052,0.0078,0.0017
1722,0.0062,0.0064,0.0061,0.0024
1723,0.0081,0.0057,0.0062,0.0012
1724,0.0086,0.0058,0.0076,0.0021
1725,0.0086,0.0058,0.0074,0.0023
1726,0.0094,0.0053,0.0090,0.0038
1727,0.0082,0.0059,0.0077,0.0033
1728,0.0066,0.0073,0.0084,0.0033
1729,0.0093,0.0061,0.0090,0.0044
1730,0.0089,0.0055,0.0072,0.0013
1731,0.0065,0.0048,0.0068,0.0011
1732,0.0089,0.0043,0.0074,0.0019
1733,0.0053,0.0058,0.0053,0.0018
1734,0.0081,0.0057,0.0062,0.0012
1735,0.0065,0.0048,0.0068,0.0011
1736,0.0089,0.0043,0.0074,0.0019
1737,0.0065,0.0048,0.0068,0.0011
1738,0.0065,0.0048,0.0068,0.0011
1739,0.0053,0.0058,0.0053,0.0018
1740,0.0065,0.0048,0.0068,0.0011
1741,0.0065,0.0048,0.0068,0.0011
1742,0.0090,0.0049,0.0072,0.0018
1743,0.0065,0.0048,0.0068,0.0011
1744,0.0053,0.0058,0.0053,0.0018
1745,0.0081,0.0057,0.0062,0.0012
1746,0.0089,0.0043,0.0074,0.0019
1747,0.0065,0.0048,0.0068,0.0011
1748,0.0065,0.0048,0.0068,0.0011
1749,0.0089,0.0043,0.0074,0.0019
1750,0.0053,0.0058,0.0053,0.0018
1751,0.0065,0.0048,0.0068,0.0011
1752,0.0089,0.0043,0.0074,0.0019
1753,0.0065,0.0048,0.0068,0.0011
1754,0.0088,0.0059,0.0077,0.0013
1755,0.0053,0.0058,0.0053,0.0018
1756,0.0082,0.0082,0.0072,0.0018
1757,0.0065,0.0048,0.0068,0.0011
1758,0.0065,0.0048,0.0068,0.0011
1759,0.0089,0.0043,0.0074,0.0019
1760,0.0065,0.0048,0.0068,0.0011
1761,0.0053,0.0058,0.0053,0.0018
1762,0.0089,0.0043,0.0074,0.0019
1763,0.0065,0.0048,0.0068,0.0011
1764,0.0065,0.0048,0.0068,0.0011
1765,0.0089,0.0043,0.0074,0.0019
1766,0.0065,0.0071,0.0069,0.0016
1767,0.0088,0.0066,0.0079,0.0014
1768,0.0081,0.0057,0.0062,0.0012
1769,0.0065,0.0048,0.0068,0.0011
1770,0.0089,0.0043,0.0074,0.0019
1771,0.0065,0.0048,0.0068,0.0011
1772,0.0065,0.0048,0.0068,0.0011
1773,0.0053,0.0058,0.0053,0.0018
1774,0.0065,0.0043,0.0071,0.0014
1775,0.0063,0.0039,0.0066,0.0013
1776,0.0087,0.0056,0.0094,0.0018
1777,0.0057,0.0049,0.0062,0.0011
1778,0.0066,0.0070,0.0066,0.0016
1779,0.0081,0.0057,0.0062,0.0012
1780,0.0091,0.0055,0.0075,0.0018
1781,0.0051,0.0053,0.0052,0.0011
1782,0.0050,0.0051,0.0047,0.0011
1783,0.0085,0.0045,0.0075,0.0019
1784,0.0096,0.0058,0.0077,0.0023
1785,0.0058,0.0046,0.0058,0.0011
1786,0.0090,0.0043,0.0077,0.0019
1787,0.0083,0.0051,0.0070,0.0012
1788,0.0087,0.0053,0.0070,0.0012
1789,0.0064,0.0066,0.0061,0.0017
1790,0.0081,0.0057,0.0062,0.0012
1791,0.0089,0.0057,0.0074,0.0013
1792,0.0082,0.0064,0.0083,0.0012
1793,0.0090,0.0051,0.0074,0.0018
1794,0.0086,0.0061,0.0079,0.0012
1795,0.0064,0.0073,0.0070,0.0016
1796,0.0091,0.0058,0.0075,0.0018
1797,0.0081,0.0066,0.0084,0.0013
1798,0.0075,0.0060,0.0073,0.0036
1799,0.0091,0.0055,0.0070,0.0047
1800,0.0052,0.0067,0.0051,0.0033
1801,0.0081,0.0057,0.0062,0.0012
1802,0.0052,0.0067,0.0051,0.0033
1803,0.0052,0.0067,0.0051,0.0033
1804,0.0052,0.0067,0.0051,0.0033
1805,0.0052,0.0067,0.0051,0.0033
1806,0.0052,0.0067,0.0051,0.0033
1807,0.0065,0.0030,0.0069,0.0012
1808,0.0065,0.0030,0.0069,0.0012
1809,0.0087,0.0031,0.0073,0.0020
1810,0.0076,0.0031,0.0072,0.0013
1811,0.0056,0.0041,0.0049,0.0019
1812,0.0081,0.0067,0.0078,0.0017
1813,0.0090,0.0028,0.0080,0.0020
1814,0.0089,0.0034,0.0069,0.0014
1815,0.0090,0.0035,0.0069,0.0015
1816,0.0091,0.0032,0.0071,0.0019
1817,0.0064,0.0057,0.0070,0.0016
1818,0.0086,0.0047,0.0080,0.0013
1819,0.0091,0.0039,0.0073,0.0018
1820,0.0081,0.0052,0.0087,0.0012
1821,0.0079,0.0052,0.0088,0.0012
1822,0.0060,0.0043,0.0051,0.0019
1823,0.0116,0.0048,0.0095,0.0017
1824,0.0072,0.0048,0.0072,0.0034
1825,0.0070,0.0047,0.0058,0.0031
1826,0.0090,0.0042,0.0068,0.0036
1827,0.0066,0.0044,0.0051,0.0029
1828,0.0054,0.0046,0.0056,0.0023
1829,0.0086,0.0055,0.0069,0.0044
1830,0.0058,0.0040,0.0055,0.0029
1831,0.0057,0.0036,0.0058,0.0026
1832,0.0084,0.0028,0.0071,0.0031
1833,0.0058,0.0040,0.0054,0.0019
1834,0.0112,0.0042,0.0093,0.0016
1835,0.0089,0.0034,0.0069,0.0014
1836,0.0089,0.0034,0.0074,0.0017
1837,0.0076,0.0030,0.0075,0.0014
1838,0.0081,0.0031,0.0078,0.0017
1839,0.0061,0.0047,0.0056,0.0023
1840,0.0086,0.0035,0.0074,0.0020
1841,0.0086,0.0038,0.0072,0.0022
1842,0.0093,0.0034,0.0085,0.0034
1843,0.0079,0.0041,0.0075,0.0032
1844,0.0058,0.0051,0.0083,0.0034
1845,0.0107,0.0044,0.0094,0.0015
1846,0.0091,0.0048,0.0084,0.0038
1847,0.0090,0.0035,0.0069,0.0015
1848,0.0065,0.0030,0.0069,0.0012
1849,0.0087,0.0031,0.0073,0.0020
1850,0.0056,0.0039,0.0052,0.0019
1851,0.0065,0.0030,0.0069,0.0012
1852,0.0087,0.0031,0.0073,0.0020
1853,0.0065,0.0030,0.0069,0.0012
1854,0.0065,0.0030,0.0069,0.0012
1855,0.0056,0.0039,0.0052,0.0019
1856,0.0103,0.0049,0.0092,0.0014
1857,0.0065,0.0030,0.0069,0.0012
1858,0.0065,0.0030,0.0069,0.0012
1859,0.0091,0.0032,0.0071,0.0019
1860,0.0065,0.0030,0.0069,0.0012
1861,0.0056,0.0039,0.0052,0.0019
1862,0.0087,0.0031,0.0073,0.0020
1863,0.0065,0.0030,0.0069,0.0012
1864,0.0065,0.0030,0.0069,0.0012
1865,0.0087,0.0031,0.0073,0.0020
1866,0.0056,0.0039,0.0052,0.0019
1867,0.0080,0.0080,0.0071,0.0019
1868,0.0065,0.0030,0.0069,0.0012
1869,0.0087,0.0031,0.0073,0.0020
1870,0.0065,0.0030,0.0069,0.0012
1871,0.0089,0.0042,0.0076,0.0014
1872,0.0056,0.0039,0.0052,0.0019
1873,0.0065,0.0030,0.0069,0.0012
1874,0.0065,0.0030,0.0069,0.0012
1875,0.0087,0.0031,0.0073,0.0020
1876,0.0065,0.0030,0.0069,0.0012
1877,0.0056,0.0039,0.0052,0.0019
1878,0.0090,0.0068,0.0081,0.0015
1879,0.0095,0.0074,0.0079,0.0013
1880,0.0087,0.0031,0.0073,0.0020
1881,0.0065,0.0030,0.0069,0.0012
1882,0.0065,0.0030,0.0069,0.0012
1883,0.0087,0.0031,0.0073,0.0020
1884,0.0063,0.0058,0.0073,0.0016
1885,0.0065,0.0030,0.0069,0.0012
1886,0.0087,0.0031,0.0073,0.0020
1887,0.0065,0.0030,0.0069,0.0012
1888,0.0065,0.0030,0.0069,0.0012
1889,0.0056,0.0039,0.0052,0.0019
1890,0.0093,0.0054,0.0083,0.0013
1891,0.0064,0.0038,0.0069,0.0013
1892,0.0060,0.0029,0.0072,0.0013
1893,0.0090,0.0054,0.0092,0.0018
1894,0.0053,0.0037,0.0072,0.0011
1895,0.0064,0.0057,0.0070,0.0016
1896,0.0091,0.0039,0.0073,0.0018
1897,0.0046,0.0042,0.0059,0.0011
1898,0.0045,0.0040,0.0049,0.0011
1899,0.0084,0.0035,0.0083,0.0018
1900,0.0096,0.0041,0.0077,0.0023
1901,0.0089,0.0054,0.0076,0.0012
1902,0.0056,0.0031,0.0056,0.0012
1903,0.0089,0.0028,0.0076,0.0020
1904,0.0085,0.0032,0.0070,0.0013
1905,0.0089,0.0034,0.0069,0.0014
1906,0.0065,0.0051,0.0060,0.0017
1907,0.0090,0.0038,0.0072,0.0015
1908,0.0081,0.0052,0.0087,0.0012
1909,0.0092,0.0033,0.0072,0.0019
1910,0.0086,0.0047,0.0080,0.0013
1911,0.0061,0.0058,0.0075,0.0016
1912,0.0086,0.0054,0.0069,0.0012
1913,0.0091,0.0044,0.0075,0.0018
1914,0.0079,0.0052,0.0088,0.0012
1915,0.0072,0.0048,0.0072,0.0034
1916,0.0090,0.0039,0.0069,0.0041
1917,0.0052,0.0058,0.0050,0.0028
1918,0.0052,0.0058,0.0050,0.0028
1919,0.0052,0.0058,0.0050,0.0028
1920,0.0052,0.0058,0.0050,0.0028
1921,0.0052,0.0058,0.0050,0.0028
1922,0.0052,0.0058,0.0050,0.0028
1923,0.0114,0.0065,0.0090,0.0017
1924,0.0069,0.0022,0.0075,0.0011
1925,0.0069,0.0022,0.0075,0.0011
1926,0.0092,0.0019,0.0075,0.0018
1927,0.0076,0.0022,0.0076,0.0011
1928,0.0051,0.0029,0.0050,0.0016
1929,0.0092,0.0023,0.0085,0.0018
1930,0.0087,0.0022,0.0069,0.0012
1931,0.0088,0.0023,0.0070,0.0013
1932,0.0090,0.0022,0.0071,0.0018
1933,0.0060,0.0041,0.0074,0.0016
1934,0.0081,0.0055,0.0062,0.0012
1935,0.0083,0.0034,0.0082,0.0012
1936,0.0089,0.0031,0.0074,0.0019
1937,0.0078,0.0036,0.0089,0.0012
1938,0.0076,0.0035,0.0090,0.0012
1939,0.0055,0.0030,0.0052,0.0015
1940,0.0070,0.0043,0.0070,0.0035
1941,0.0069,0.0041,0.0058,0.0032
1942,0.0092,0.0034,0.0070,0.0037
1943,0.0064,0.0038,0.0051,0.0033
1944,0.0047,0.0039,0.0054,0.0027
1945,0.0083,0.0058,0.0064,0.0012
1946,0.0084,0.0049,0.0070,0.0049
1947,0.0057,0.0034,0.0055,0.0033
1948,0.0057,0.0030,0.0061,0.0027
1949,0.0086,0.0025,0.0073,0.0032
1950,0.0054,0.0028,0.0055,0.0017
1951,0.0087,0.0022,0.0069,0.0012
1952,0.0096,0.0021,0.0077,0.0017
1953,0.0079,0.0021,0.0080,0.0024
1954,0.0083,0.0023,0.0081,0.0029
1955,0.0055,0.0038,0.0055,0.0024
1956,0.0085,0.0060,0.0069,0.0012
1957,0.0086,0.0027,0.0075,0.0033
1958,0.0084,0.0028,0.0072,0.0032
1959,0.0096,0.0027,0.0087,0.0049
1960,0.0077,0.0033,0.0074,0.0036
1961,0.0054,0.0055,0.0084,0.0058
1962,0.0090,0.0039,0.0084,0.0045
1963,0.0088,0.0023,0.0070,0.0013
1964,0.0069,0.0022,0.0075,0.0011
1965,0.0092,0.0019,0.0075,0.0018
1966,0.0052,0.0028,0.0052,0.0018
1967,0.0086,0.0063,0.0074,0.0013
1968,0.0069,0.0022,0.0075,0.0011
1969,0.0092,0.0019,0.0075,0.0018
1970,0.0069,0.0022,0.0075,0.0011
1971,0.0069,0.0022,0.0075,0.0011
1972,0.0052,0.0028,0.0052,0.0018
1973,0.0069,0.0022,0.0075,0.0011
1974,0.0069,0.0022,0.0075,0.0011
1975,0.0090,0.0022,0.0071,0.0018
1976,0.0069,0.0022,0.0075,0.0011
1977,0.0052,0.0028,0.0052,0.0018
1978,0.0077,0.0076,0.0073,0.0020
1979,0.0092,0.0019,0.0075,0.0018
1980,0.0069,0.0022,0.0075,0.0011
1981,0.0069,0.0022,0.0075,0.0011
1982,0.0092,0.0019,0.0075,0.0018
1983,0.0052,0.0028,0.0052,0.0018
1984,0.0069,0.0022,0.0075,0.0011
1985,0.0092,0.0019,0.0075,0.0018
1986,0.0069,0.0022,0.0075,0.0011
1987,0.0086,0.0030,0.0078,0.0013
1988,0.0052,0.0028,0.0052,0.0018
1989,0.0080,0.0080,0.0071,0.0019
1990,0.0090,0.0068,0.0081,0.0015
1991,0.0069,0.0022,0.0075,0.0011
1992,0.0069,0.0022,0.0075,0.0011
1993,0.0092,0.0019,0.0075,0.0018
1994,0.0069,0.0022,0.0075,0.0011
1995,0.0052,0.0028,0.0052,0.0018
1996,0.0092,0.0019,0.0075,0.0018
1997,0.0069,0.0022,0.0075,0.0011
1998,0.0069,0.0022,0.0075,0.0011
1999,0.0092,0.0019,0.0075,0.0018
2000,0.0058,0.0040,0.0076,0.0016
2001,0.0099,0.0076,0.0080,0.0013
2002,0.0069,0.0022,0.0075,0.0011
2003,0.0092,0.0019,0.0075,0.0018
2004,0.0069,0.0022,0.0075,0.0011
2005,0.0069,0.0022,0.0075,0.0011
2006,0.0052,0.0028,0.0052,0.0018
2007,0.0093,0.0040,0.0085,0.0012
2008,0.0089,0.0025,0.0075,0.0012
2009,0.0104,0.0060,0.0107,0.0018
2010,0.0078,0.0021,0.0063,0.0011
2011,0.0060,0.0041,0.0074,0.0016
2012,0.0091,0.0070,0.0080,0.0015
2013,0.0089,0.0031,0.0074,0.0019
2014,0.0068,0.0025,0.0052,0.0012
2015,0.0064,0.0023,0.0048,0.0012
2016,0.0093,0.0022,0.0074,0.0018
2017,0.0097,0.0034,0.0081,0.0025
2018,0.0063,0.0019,0.0065,0.0012
2019,0.0092,0.0020,0.0081,0.0018
2020,0.0083,0.0021,0.0070,0.0011
2021,0.0087,0.0022,0.0069,0.0012
2022,0.0060,0.0037,0.0063,0.0015
2023,0.0093,0.0072,0.0080,0.0014
2024,0.0087,0.0026,0.0072,0.0013
2025,0.0078,0.0036,0.0089,0.0012
2026,0.0089,0.0023,0.0071,0.0019
2027,0.0083,0.0034,0.0082,0.0012
2028,0.0057,0.0040,0.0077,0.0017
2029,0.0089,0.0035,0.0076,0.0018
2030,0.0076,0.0035,0.0090,0.0012
2031,0.0070,0.0043,0.0070,0.0035
2032,0.0093,0.0031,0.0072,0.0041
2033,0.0044,0.0054,0.0046,0.0030
2034,0.0084,0.0086,0.0073,0.0017
2035,0.0044,0.0054,0.0046,0.0030
2036,0.0044,0.0054,0.0046,0.0030
2037,0.0044,0.0054,0.0046,0.0030
2038,0.0044,0.0054,0.0046,0.0030
2039,0.0044,0.0054,0.0046,0.0030
2040,0.0112,0.0019,0.0115,0.0011
2041,0.0112,0.0019,0.0115,0.0011
2042,0.0138,0.0018,0.0117,0.0021
2043,0.0107,0.0018,0.0105,0.0011
2044,0.0069,0.0025,0.0063,0.0017
2045,0.0099,0.0076,0.0080,0.0013
2046,0.0127,0.0020,0.0122,0.0020
2047,0.0100,0.0018,0.0081,0.0011
2048,0.0097,0.0019,0.0078,0.0012
2049,0.0102,0.0020,0.0083,0.0018
2050,0.0062,0.0036,0.0079,0.0018
2051,0.0086,0.0029,0.0086,0.0012
2052,0.0093,0.0028,0.0078,0.0018
2053,0.0079,0.0031,0.0091,0.0012
2054,0.0076,0.0028,0.0091,0.0012
2055,0.0067,0.0027,0.0062,0.0016
2056,0.0101,0.0078,0.0082,0.0013
2057,0.0073,0.0032,0.0079,0.0041
2058,0.0072,0.0031,0.0060,0.0039
2059,0.0091,0.0025,0.0069,0.0042
2060,0.0073,0.0028,0.0054,0.0041
2061,0.0061,0.0033,0.0061,0.0034
2062,0.0104,0.0039,0.0100,0.0057
2063,0.0088,0.0027,0.0086,0.0040
2064,0.0095,0.0024,0.0097,0.0032
2065,0.0125,0.0021,0.0113,0.0038
2066,0.0079,0.0024,0.0075,0.0017
2067,0.0095,0.0074,0.0074,0.0051
2068,0.0100,0.0018,0.0081,0.0011
2069,0.0143,0.0020,0.0118,0.0017
2070,0.0116,0.0018,0.0113,0.0026
2071,0.0115,0.0020,0.0109,0.0034
2072,0.0068,0.0037,0.0064,0.0034
2073,0.0107,0.0024,0.0091,0.0041
2074,0.0100,0.0026,0.0081,0.0041
2075,0.0125,0.0025,0.0112,0.0050
2076,0.0085,0.0031,0.0078,0.0043
2077,0.0055,0.0059,0.0094,0.0074
2078,0.0096,0.0069,0.0081,0.0046
2079,0.0098,0.0038,0.0091,0.0046
2080,0.0097,0.0019,0.0078,0.0012
2081,0.0112,0.0019,0.0115,0.0011
2082,0.0138,0.0018,0.0117,0.0021
2083,0.0077,0.0024,0.0072,0.0019
2084,0.0112,0.0019,0.0115,0.0011
2085,0.0138,0.0018,0.0117,0.0021
2086,0.0112,0.0019,0.0115,0.0011
2087,0.0112,0.0019,0.0115,0.0011
2088,0.0077,0.0024,0.0072,0.0019
2089,0.0084,0.0074,0.0079,0.0039
2090,0.0112,0.0019,0.0115,0.0011
2091,0.0112,0.0019,0.0115,0.0011
2092,0.0102,0.0020,0.0083,0.0018
2093,0.0112,0.0019,0.0115,0.0011
2094,0.0077,0.0024,0.0072,0.0019
2095,0.0138,0.0018,0.0117,0.0021
2096,0.0112,0.0019,0.0115,0.0011
2097,0.0112,0.0019,0.0115,0.0011
2098,0.0138,0.0018,0.0117,0.0021
2099,0.0077,0.0024,0.0072,0.0019
Highest RMSE Cases
Vdc  Max RMSE=  0.0156 at Case 26; 0 > 0.05
Idc  Max RMSE=  0.0113 at Case 1368; 0 > 0.05
Vd   Max RMSE=  0.0153 at Case 28; 0 > 0.05
Vq   Max RMSE=  0.0074 at Case 2077; 0 > 0.05
Total Error Summary
Vdc  RMSE=  0.0077
Idc  RMSE=  0.0046
Vd   RMSE=  0.0071
Vq   RMSE=  0.0021
