Read Model from: ./ucf4/
Export Model to: ./ucf4/ucf4_fhf.json
idx_in [0, 1, 2, 3, 4, 5, 6]
idx_out [7, 8, 9, 10]
make_mimo_block iir
H1s[0][0]  Real Poles: [-139.9291835   -34.67872821] Freqs [Hz]: []
H1s[0][1]  Real Poles: [-110.13357416 -110.13357416] Freqs [Hz]: [7.1476433364358]
H1s[0][2]  Real Poles: [-145.25833876  -27.12011783] Freqs [Hz]: []
H1s[0][3]  Real Poles: [-97.21637256 -97.21637256] Freqs [Hz]: [6.920885029114604]
H1s[1][0]  Real Poles: [-139.36535217  -37.87199162] Freqs [Hz]: []
H1s[1][1]  Real Poles: [-139.64518721  -34.99552196] Freqs [Hz]: []
H1s[1][2]  Real Poles: [-126.4105019   -60.89730888] Freqs [Hz]: []
H1s[1][3]  Real Poles: [-114.27153069  -71.32880073] Freqs [Hz]: []
H1s[2][0]  Real Poles: [-135.78007384  -52.20048861] Freqs [Hz]: []
H1s[2][1]  Real Poles: [-148.48053591  -19.72595914] Freqs [Hz]: []
H1s[2][2]  Real Poles: [-138.37266893  -41.67994081] Freqs [Hz]: []
H1s[2][3]  Real Poles: [-127.42586109  -63.70800984] Freqs [Hz]: []
H1s[3][0]  Real Poles: [-130.29359461  -53.7896481 ] Freqs [Hz]: []
H1s[3][1]  Real Poles: [-121.79977473  -67.886432  ] Freqs [Hz]: []
H1s[3][2]  Real Poles: [-144.72861365  -27.33949944] Freqs [Hz]: []
H1s[3][3]  Real Poles: [-97.73640037 -97.73640037] Freqs [Hz]: [6.205650981654705]
model_folder = ./ucf4/
model_root = ucf4
data_path = d:/data/ucf3/ucf3.hdf5
idx_in [0, 1, 2, 3, 4, 5, 6]
idx_out [7, 8, 9, 10]
read 1500 dataframes
dt=0.010000 data_len=401 n_io=11 n_case=1500
['G', 'Ud', 'Uq', 'Vd', 'Vq', 'GVrms', 'Ctrl'] ['Vdc', 'Idc', 'Id', 'Iq'] (1500, 401, 11)
make_mimo_block iir
Idx,Vdc,Idc,Id,Iq,Vdc,Idc,Id,Iq
,RMSE,RMSE,RMSE,RMSE,MAE,MAE,MAE,MAE
Total,0.0460,0.0395,0.0383,0.0227,0.0069,0.0106,0.0101,0.0067
0,0.0459,0.0390,0.0372,0.0221,0.0063,0.0088,0.0073,0.0058
1,0.0459,0.0390,0.0372,0.0221,0.0063,0.0088,0.0073,0.0058
2,0.0459,0.0390,0.0372,0.0221,0.0063,0.0088,0.0073,0.0058
3,0.0459,0.0404,0.0396,0.0221,0.0068,0.0129,0.0134,0.0056
4,0.0459,0.0404,0.0396,0.0221,0.0068,0.0129,0.0134,0.0056
5,0.0460,0.0395,0.0395,0.0221,0.0073,0.0111,0.0143,0.0055
6,0.0460,0.0404,0.0380,0.0221,0.0070,0.0103,0.0099,0.0056
7,0.0460,0.0424,0.0380,0.0221,0.0069,0.0138,0.0093,0.0057
8,0.0460,0.0433,0.0388,0.0221,0.0068,0.0156,0.0111,0.0056
9,0.0460,0.0423,0.0387,0.0220,0.0065,0.0129,0.0103,0.0052
10,0.0460,0.0421,0.0390,0.0221,0.0065,0.0125,0.0105,0.0056
11,0.0460,0.0437,0.0405,0.0222,0.0070,0.0146,0.0124,0.0061
12,0.0460,0.0439,0.0409,0.0222,0.0071,0.0143,0.0129,0.0064
13,0.0461,0.0460,0.0409,0.0222,0.0079,0.0161,0.0130,0.0066
14,0.0460,0.0395,0.0395,0.0221,0.0073,0.0111,0.0143,0.0055
15,0.0460,0.0454,0.0415,0.0282,0.0073,0.0184,0.0159,0.0149
16,0.0460,0.0428,0.0397,0.0253,0.0069,0.0141,0.0131,0.0116
17,0.0460,0.0424,0.0401,0.0249,0.0068,0.0149,0.0142,0.0115
18,0.0460,0.0426,0.0412,0.0254,0.0068,0.0167,0.0165,0.0128
19,0.0460,0.0431,0.0415,0.0256,0.0068,0.0183,0.0173,0.0131
20,0.0459,0.0412,0.0391,0.0241,0.0067,0.0148,0.0131,0.0109
21,0.0459,0.0399,0.0382,0.0226,0.0065,0.0117,0.0107,0.0078
22,0.0459,0.0394,0.0380,0.0223,0.0065,0.0100,0.0100,0.0066
23,0.0459,0.0391,0.0377,0.0225,0.0066,0.0091,0.0092,0.0072
24,0.0459,0.0394,0.0377,0.0223,0.0062,0.0108,0.0100,0.0065
25,0.0460,0.0404,0.0380,0.0221,0.0070,0.0103,0.0099,0.0056
26,0.0459,0.0393,0.0380,0.0221,0.0068,0.0081,0.0091,0.0054
27,0.0459,0.0402,0.0400,0.0221,0.0069,0.0109,0.0138,0.0058
28,0.0459,0.0406,0.0398,0.0223,0.0065,0.0114,0.0129,0.0071
29,0.0459,0.0404,0.0392,0.0228,0.0062,0.0112,0.0115,0.0084
30,0.0459,0.0410,0.0399,0.0229,0.0065,0.0116,0.0119,0.0086
31,0.0459,0.0426,0.0420,0.0229,0.0065,0.0131,0.0150,0.0082
32,0.0460,0.0485,0.0485,0.0237,0.0072,0.0211,0.0230,0.0092
33,0.0460,0.0546,0.0543,0.0258,0.0078,0.0268,0.0285,0.0121
34,0.0460,0.0563,0.0545,0.0270,0.0077,0.0279,0.0287,0.0135
35,0.0460,0.0500,0.0462,0.0276,0.0068,0.0204,0.0182,0.0139
36,0.0460,0.0424,0.0380,0.0221,0.0069,0.0138,0.0093,0.0057
37,0.0459,0.0390,0.0372,0.0221,0.0063,0.0088,0.0073,0.0058
38,0.0459,0.0390,0.0372,0.0221,0.0063,0.0088,0.0073,0.0058
39,0.0459,0.0390,0.0372,0.0221,0.0063,0.0088,0.0073,0.0058
40,0.0459,0.0390,0.0372,0.0221,0.0063,0.0088,0.0073,0.0058
41,0.0459,0.0390,0.0372,0.0221,0.0063,0.0088,0.0073,0.0058
42,0.0459,0.0390,0.0372,0.0221,0.0063,0.0088,0.0073,0.0058
43,0.0459,0.0390,0.0372,0.0221,0.0063,0.0088,0.0073,0.0058
44,0.0459,0.0390,0.0372,0.0221,0.0063,0.0088,0.0073,0.0058
45,0.0459,0.0390,0.0372,0.0221,0.0063,0.0088,0.0073,0.0058
46,0.0459,0.0390,0.0372,0.0221,0.0063,0.0088,0.0073,0.0058
47,0.0460,0.0433,0.0388,0.0221,0.0068,0.0156,0.0111,0.0056
48,0.0459,0.0390,0.0372,0.0221,0.0063,0.0088,0.0073,0.0058
49,0.0459,0.0390,0.0372,0.0221,0.0063,0.0088,0.0073,0.0058
50,0.0459,0.0390,0.0372,0.0221,0.0063,0.0088,0.0073,0.0058
51,0.0459,0.0390,0.0372,0.0221,0.0063,0.0088,0.0073,0.0058
52,0.0459,0.0390,0.0372,0.0221,0.0063,0.0088,0.0073,0.0058
53,0.0459,0.0390,0.0372,0.0221,0.0063,0.0088,0.0073,0.0058
54,0.0459,0.0390,0.0372,0.0221,0.0063,0.0088,0.0073,0.0058
55,0.0459,0.0390,0.0372,0.0221,0.0063,0.0088,0.0073,0.0058
56,0.0459,0.0390,0.0372,0.0221,0.0063,0.0088,0.0073,0.0058
57,0.0459,0.0390,0.0372,0.0221,0.0063,0.0088,0.0073,0.0058
58,0.0460,0.0423,0.0387,0.0220,0.0065,0.0129,0.0103,0.0052
59,0.0459,0.0390,0.0372,0.0221,0.0063,0.0088,0.0073,0.0058
60,0.0459,0.0390,0.0372,0.0221,0.0063,0.0088,0.0073,0.0058
61,0.0459,0.0390,0.0372,0.0221,0.0063,0.0088,0.0073,0.0058
62,0.0459,0.0390,0.0372,0.0221,0.0063,0.0088,0.0073,0.0058
63,0.0459,0.0390,0.0372,0.0221,0.0063,0.0088,0.0073,0.0058
64,0.0459,0.0390,0.0372,0.0221,0.0063,0.0088,0.0073,0.0058
65,0.0459,0.0390,0.0372,0.0221,0.0063,0.0088,0.0073,0.0058
66,0.0459,0.0390,0.0372,0.0221,0.0063,0.0088,0.0073,0.0058
67,0.0459,0.0390,0.0372,0.0221,0.0063,0.0088,0.0073,0.0058
68,0.0459,0.0390,0.0372,0.0221,0.0063,0.0088,0.0073,0.0058
69,0.0460,0.0421,0.0390,0.0221,0.0065,0.0125,0.0105,0.0056
70,0.0459,0.0390,0.0372,0.0221,0.0063,0.0088,0.0073,0.0058
71,0.0459,0.0390,0.0372,0.0221,0.0063,0.0088,0.0073,0.0058
72,0.0459,0.0390,0.0372,0.0221,0.0063,0.0088,0.0073,0.0058
73,0.0459,0.0390,0.0372,0.0221,0.0063,0.0088,0.0073,0.0058
74,0.0459,0.0390,0.0372,0.0221,0.0063,0.0088,0.0073,0.0058
75,0.0467,0.0397,0.0410,0.0232,0.0112,0.0130,0.0160,0.0091
76,0.0467,0.0385,0.0408,0.0229,0.0107,0.0085,0.0153,0.0079
77,0.0466,0.0387,0.0401,0.0225,0.0103,0.0095,0.0151,0.0074
78,0.0464,0.0387,0.0390,0.0222,0.0097,0.0095,0.0135,0.0064
79,0.0460,0.0423,0.0387,0.0220,0.0065,0.0129,0.0103,0.0052
80,0.0460,0.0437,0.0405,0.0222,0.0070,0.0146,0.0124,0.0061
81,0.0461,0.0397,0.0391,0.0221,0.0082,0.0121,0.0130,0.0058
82,0.0460,0.0393,0.0380,0.0221,0.0076,0.0114,0.0106,0.0057
83,0.0460,0.0389,0.0380,0.0221,0.0072,0.0097,0.0110,0.0058
84,0.0460,0.0392,0.0392,0.0221,0.0070,0.0099,0.0121,0.0061
85,0.0459,0.0391,0.0386,0.0221,0.0068,0.0090,0.0106,0.0060
86,0.0459,0.0404,0.0396,0.0221,0.0068,0.0129,0.0134,0.0056
87,0.0460,0.0395,0.0395,0.0221,0.0073,0.0111,0.0143,0.0055
88,0.0460,0.0404,0.0380,0.0221,0.0070,0.0103,0.0099,0.0056
89,0.0460,0.0424,0.0380,0.0221,0.0069,0.0138,0.0093,0.0057
90,0.0460,0.0433,0.0388,0.0221,0.0068,0.0156,0.0111,0.0056
91,0.0460,0.0439,0.0409,0.0222,0.0071,0.0143,0.0129,0.0064
92,0.0460,0.0423,0.0387,0.0220,0.0065,0.0129,0.0103,0.0052
93,0.0460,0.0421,0.0390,0.0221,0.0065,0.0125,0.0105,0.0056
94,0.0460,0.0437,0.0405,0.0222,0.0070,0.0146,0.0124,0.0061
95,0.0460,0.0439,0.0409,0.0222,0.0071,0.0143,0.0129,0.0064
96,0.0461,0.0460,0.0409,0.0222,0.0079,0.0161,0.0130,0.0066
97,0.0460,0.0454,0.0415,0.0282,0.0073,0.0184,0.0159,0.0149
98,0.0460,0.0428,0.0397,0.0253,0.0069,0.0141,0.0131,0.0116
99,0.0460,0.0424,0.0401,0.0249,0.0068,0.0149,0.0142,0.0115
100,0.0459,0.0386,0.0372,0.0221,0.0063,0.0084,0.0077,0.0055
101,0.0459,0.0386,0.0372,0.0221,0.0063,0.0084,0.0077,0.0055
102,0.0459,0.0386,0.0372,0.0221,0.0063,0.0084,0.0077,0.0055
103,0.0459,0.0390,0.0380,0.0220,0.0065,0.0109,0.0109,0.0053
104,0.0459,0.0390,0.0380,0.0220,0.0065,0.0109,0.0109,0.0053
105,0.0459,0.0387,0.0382,0.0220,0.0070,0.0094,0.0117,0.0053
106,0.0459,0.0400,0.0375,0.0221,0.0067,0.0110,0.0086,0.0055
107,0.0459,0.0420,0.0381,0.0221,0.0067,0.0141,0.0096,0.0055
108,0.0460,0.0429,0.0389,0.0221,0.0067,0.0162,0.0117,0.0055
109,0.0460,0.0411,0.0383,0.0220,0.0065,0.0122,0.0099,0.0052
110,0.0460,0.0406,0.0382,0.0221,0.0065,0.0114,0.0097,0.0054
111,0.0460,0.0420,0.0398,0.0221,0.0069,0.0136,0.0118,0.0059
112,0.0460,0.0421,0.0400,0.0222,0.0069,0.0131,0.0121,0.0060
113,0.0461,0.0437,0.0398,0.0222,0.0079,0.0152,0.0124,0.0061
114,0.0459,0.0387,0.0382,0.0220,0.0070,0.0094,0.0117,0.0053
115,0.0460,0.0435,0.0413,0.0268,0.0072,0.0168,0.0162,0.0131
116,0.0460,0.0415,0.0392,0.0247,0.0069,0.0132,0.0124,0.0109
117,0.0460,0.0413,0.0396,0.0246,0.0067,0.0140,0.0135,0.0112
118,0.0459,0.0414,0.0405,0.0250,0.0066,0.0151,0.0152,0.0123
119,0.0459,0.0423,0.0414,0.0254,0.0066,0.0176,0.0172,0.0129
120,0.0459,0.0407,0.0392,0.0240,0.0065,0.0144,0.0136,0.0108
121,0.0459,0.0390,0.0379,0.0225,0.0063,0.0101,0.0099,0.0076
122,0.0459,0.0387,0.0378,0.0222,0.0064,0.0087,0.0095,0.0064
123,0.0459,0.0387,0.0376,0.0224,0.0063,0.0089,0.0091,0.0068
124,0.0459,0.0388,0.0375,0.0222,0.0060,0.0098,0.0093,0.0062
125,0.0459,0.0400,0.0375,0.0221,0.0067,0.0110,0.0086,0.0055
126,0.0459,0.0388,0.0380,0.0221,0.0069,0.0077,0.0096,0.0053
127,0.0460,0.0395,0.0395,0.0221,0.0071,0.0104,0.0138,0.0058
128,0.0459,0.0397,0.0396,0.0223,0.0065,0.0108,0.0137,0.0069
129,0.0459,0.0398,0.0392,0.0227,0.0062,0.0104,0.0121,0.0081
130,0.0459,0.0399,0.0389,0.0230,0.0063,0.0106,0.0111,0.0088
131,0.0459,0.0412,0.0407,0.0229,0.0066,0.0123,0.0140,0.0082
132,0.0460,0.0468,0.0471,0.0233,0.0075,0.0203,0.0223,0.0086
133,0.0460,0.0522,0.0525,0.0248,0.0079,0.0258,0.0278,0.0111
134,0.0460,0.0531,0.0525,0.0256,0.0078,0.0264,0.0277,0.0120
135,0.0460,0.0464,0.0437,0.0264,0.0069,0.0180,0.0163,0.0129
136,0.0459,0.0420,0.0381,0.0221,0.0067,0.0141,0.0096,0.0055
137,0.0459,0.0386,0.0372,0.0221,0.0063,0.0084,0.0077,0.0055
138,0.0459,0.0386,0.0372,0.0221,0.0063,0.0084,0.0077,0.0055
139,0.0459,0.0386,0.0372,0.0221,0.0063,0.0084,0.0077,0.0055
140,0.0459,0.0386,0.0372,0.0221,0.0063,0.0084,0.0077,0.0055
141,0.0459,0.0386,0.0372,0.0221,0.0063,0.0084,0.0077,0.0055
142,0.0459,0.0386,0.0372,0.0221,0.0063,0.0084,0.0077,0.0055
143,0.0459,0.0386,0.0372,0.0221,0.0063,0.0084,0.0077,0.0055
144,0.0459,0.0386,0.0372,0.0221,0.0063,0.0084,0.0077,0.0055
145,0.0459,0.0386,0.0372,0.0221,0.0063,0.0084,0.0077,0.0055
146,0.0459,0.0386,0.0372,0.0221,0.0063,0.0084,0.0077,0.0055
147,0.0460,0.0429,0.0389,0.0221,0.0067,0.0162,0.0117,0.0055
148,0.0459,0.0386,0.0372,0.0221,0.0063,0.0084,0.0077,0.0055
149,0.0459,0.0386,0.0372,0.0221,0.0063,0.0084,0.0077,0.0055
150,0.0459,0.0386,0.0372,0.0221,0.0063,0.0084,0.0077,0.0055
151,0.0459,0.0386,0.0372,0.0221,0.0063,0.0084,0.0077,0.0055
152,0.0459,0.0386,0.0372,0.0221,0.0063,0.0084,0.0077,0.0055
153,0.0459,0.0386,0.0372,0.0221,0.0063,0.0084,0.0077,0.0055
154,0.0459,0.0386,0.0372,0.0221,0.0063,0.0084,0.0077,0.0055
155,0.0459,0.0386,0.0372,0.0221,0.0063,0.0084,0.0077,0.0055
156,0.0459,0.0386,0.0372,0.0221,0.0063,0.0084,0.0077,0.0055
157,0.0459,0.0386,0.0372,0.0221,0.0063,0.0084,0.0077,0.0055
158,0.0460,0.0411,0.0383,0.0220,0.0065,0.0122,0.0099,0.0052
159,0.0459,0.0386,0.0372,0.0221,0.0063,0.0084,0.0077,0.0055
160,0.0459,0.0386,0.0372,0.0221,0.0063,0.0084,0.0077,0.0055
161,0.0459,0.0386,0.0372,0.0221,0.0063,0.0084,0.0077,0.0055
162,0.0459,0.0386,0.0372,0.0221,0.0063,0.0084,0.0077,0.0055
163,0.0459,0.0386,0.0372,0.0221,0.0063,0.0084,0.0077,0.0055
164,0.0459,0.0386,0.0372,0.0221,0.0063,0.0084,0.0077,0.0055
165,0.0459,0.0386,0.0372,0.0221,0.0063,0.0084,0.0077,0.0055
166,0.0459,0.0386,0.0372,0.0221,0.0063,0.0084,0.0077,0.0055
167,0.0459,0.0386,0.0372,0.0221,0.0063,0.0084,0.0077,0.0055
168,0.0459,0.0386,0.0372,0.0221,0.0063,0.0084,0.0077,0.0055
169,0.0460,0.0406,0.0382,0.0221,0.0065,0.0114,0.0097,0.0054
170,0.0459,0.0386,0.0372,0.0221,0.0063,0.0084,0.0077,0.0055
171,0.0459,0.0386,0.0372,0.0221,0.0063,0.0084,0.0077,0.0055
172,0.0459,0.0386,0.0372,0.0221,0.0063,0.0084,0.0077,0.0055
173,0.0459,0.0386,0.0372,0.0221,0.0063,0.0084,0.0077,0.0055
174,0.0459,0.0386,0.0372,0.0221,0.0063,0.0084,0.0077,0.0055
175,0.0465,0.0400,0.0391,0.0232,0.0106,0.0134,0.0131,0.0088
176,0.0465,0.0383,0.0395,0.0229,0.0101,0.0084,0.0135,0.0079
177,0.0465,0.0384,0.0388,0.0224,0.0099,0.0089,0.0130,0.0072
178,0.0464,0.0384,0.0384,0.0222,0.0096,0.0091,0.0118,0.0061
179,0.0460,0.0411,0.0383,0.0220,0.0065,0.0122,0.0099,0.0052
180,0.0460,0.0420,0.0398,0.0221,0.0069,0.0136,0.0118,0.0059
181,0.0461,0.0395,0.0389,0.0221,0.0083,0.0118,0.0121,0.0053
182,0.0460,0.0390,0.0378,0.0221,0.0077,0.0110,0.0102,0.0052
183,0.0460,0.0386,0.0384,0.0221,0.0073,0.0101,0.0121,0.0054
184,0.0460,0.0388,0.0388,0.0221,0.0071,0.0097,0.0117,0.0057
185,0.0459,0.0386,0.0380,0.0221,0.0069,0.0083,0.0097,0.0057
186,0.0459,0.0390,0.0380,0.0220,0.0065,0.0109,0.0109,0.0053
187,0.0459,0.0387,0.0382,0.0220,0.0070,0.0094,0.0117,0.0053
188,0.0459,0.0400,0.0375,0.0221,0.0067,0.0110,0.0086,0.0055
189,0.0459,0.0420,0.0381,0.0221,0.0067,0.0141,0.0096,0.0055
190,0.0460,0.0429,0.0389,0.0221,0.0067,0.0162,0.0117,0.0055
191,0.0460,0.0421,0.0400,0.0222,0.0069,0.0131,0.0121,0.0060
192,0.0460,0.0411,0.0383,0.0220,0.0065,0.0122,0.0099,0.0052
193,0.0460,0.0406,0.0382,0.0221,0.0065,0.0114,0.0097,0.0054
194,0.0460,0.0420,0.0398,0.0221,0.0069,0.0136,0.0118,0.0059
195,0.0460,0.0421,0.0400,0.0222,0.0069,0.0131,0.0121,0.0060
196,0.0461,0.0437,0.0398,0.0222,0.0079,0.0152,0.0124,0.0061
197,0.0460,0.0435,0.0413,0.0268,0.0072,0.0168,0.0162,0.0131
198,0.0460,0.0415,0.0392,0.0247,0.0069,0.0132,0.0124,0.0109
199,0.0460,0.0413,0.0396,0.0246,0.0067,0.0140,0.0135,0.0112
200,0.0459,0.0379,0.0370,0.0220,0.0067,0.0078,0.0079,0.0052
201,0.0459,0.0379,0.0370,0.0220,0.0067,0.0078,0.0079,0.0052
202,0.0459,0.0379,0.0370,0.0220,0.0067,0.0078,0.0079,0.0052
203,0.0459,0.0382,0.0374,0.0220,0.0064,0.0095,0.0096,0.0050
204,0.0459,0.0382,0.0374,0.0220,0.0064,0.0095,0.0096,0.0050
205,0.0459,0.0381,0.0381,0.0220,0.0066,0.0091,0.0114,0.0050
206,0.0459,0.0387,0.0371,0.0220,0.0064,0.0099,0.0080,0.0053
207,0.0459,0.0412,0.0386,0.0221,0.0064,0.0146,0.0118,0.0055
208,0.0459,0.0406,0.0382,0.0221,0.0064,0.0141,0.0112,0.0055
209,0.0460,0.0390,0.0375,0.0220,0.0064,0.0103,0.0090,0.0052
210,0.0460,0.0386,0.0374,0.0221,0.0064,0.0095,0.0087,0.0052
211,0.0460,0.0394,0.0378,0.0221,0.0066,0.0116,0.0095,0.0055
212,0.0460,0.0392,0.0384,0.0221,0.0065,0.0109,0.0107,0.0054
213,0.0462,0.0406,0.0383,0.0222,0.0085,0.0127,0.0105,0.0061
214,0.0459,0.0381,0.0381,0.0220,0.0066,0.0091,0.0114,0.0050
215,0.0460,0.0425,0.0418,0.0270,0.0073,0.0175,0.0175,0.0142
216,0.0460,0.0395,0.0386,0.0247,0.0069,0.0119,0.0121,0.0114
217,0.0459,0.0399,0.0391,0.0247,0.0066,0.0126,0.0128,0.0116
218,0.0459,0.0411,0.0410,0.0255,0.0064,0.0157,0.0164,0.0130
219,0.0459,0.0410,0.0412,0.0251,0.0062,0.0158,0.0168,0.0127
220,0.0459,0.0396,0.0392,0.0238,0.0061,0.0131,0.0135,0.0106
221,0.0459,0.0382,0.0377,0.0224,0.0060,0.0088,0.0094,0.0075
222,0.0459,0.0382,0.0377,0.0221,0.0060,0.0086,0.0096,0.0060
223,0.0459,0.0381,0.0374,0.0222,0.0059,0.0084,0.0089,0.0062
224,0.0459,0.0383,0.0373,0.0221,0.0058,0.0093,0.0090,0.0057
225,0.0459,0.0387,0.0371,0.0220,0.0064,0.0099,0.0080,0.0053
226,0.0460,0.0382,0.0381,0.0221,0.0072,0.0081,0.0107,0.0054
227,0.0460,0.0389,0.0395,0.0221,0.0074,0.0109,0.0144,0.0058
228,0.0459,0.0389,0.0392,0.0223,0.0068,0.0106,0.0136,0.0071
229,0.0459,0.0385,0.0381,0.0228,0.0064,0.0090,0.0109,0.0086
230,0.0459,0.0385,0.0379,0.0231,0.0065,0.0090,0.0101,0.0091
231,0.0460,0.0393,0.0389,0.0229,0.0071,0.0109,0.0122,0.0086
232,0.0460,0.0427,0.0433,0.0227,0.0077,0.0172,0.0193,0.0076
233,0.0461,0.0467,0.0478,0.0232,0.0080,0.0221,0.0245,0.0086
234,0.0461,0.0462,0.0470,0.0236,0.0079,0.0214,0.0237,0.0093
235,0.0460,0.0407,0.0399,0.0265,0.0069,0.0134,0.0127,0.0136
236,0.0459,0.0412,0.0386,0.0221,0.0064,0.0146,0.0118,0.0055
237,0.0459,0.0379,0.0370,0.0220,0.0067,0.0078,0.0079,0.0052
238,0.0459,0.0379,0.0370,0.0220,0.0067,0.0078,0.0079,0.0052
239,0.0459,0.0379,0.0370,0.0220,0.0067,0.0078,0.0079,0.0052
240,0.0459,0.0379,0.0370,0.0220,0.0067,0.0078,0.0079,0.0052
241,0.0459,0.0379,0.0370,0.0220,0.0067,0.0078,0.0079,0.0052
242,0.0459,0.0379,0.0370,0.0220,0.0067,0.0078,0.0079,0.0052
243,0.0459,0.0379,0.0370,0.0220,0.0067,0.0078,0.0079,0.0052
244,0.0459,0.0379,0.0370,0.0220,0.0067,0.0078,0.0079,0.0052
245,0.0459,0.0379,0.0370,0.0220,0.0067,0.0078,0.0079,0.0052
246,0.0459,0.0379,0.0370,0.0220,0.0067,0.0078,0.0079,0.0052
247,0.0459,0.0406,0.0382,0.0221,0.0064,0.0141,0.0112,0.0055
248,0.0459,0.0379,0.0370,0.0220,0.0067,0.0078,0.0079,0.0052
249,0.0459,0.0379,0.0370,0.0220,0.0067,0.0078,0.0079,0.0052
250,0.0459,0.0379,0.0370,0.0220,0.0067,0.0078,0.0079,0.0052
251,0.0459,0.0379,0.0370,0.0220,0.0067,0.0078,0.0079,0.0052
252,0.0459,0.0379,0.0370,0.0220,0.0067,0.0078,0.0079,0.0052
253,0.0459,0.0379,0.0370,0.0220,0.0067,0.0078,0.0079,0.0052
254,0.0459,0.0379,0.0370,0.0220,0.0067,0.0078,0.0079,0.0052
255,0.0459,0.0379,0.0370,0.0220,0.0067,0.0078,0.0079,0.0052
256,0.0459,0.0379,0.0370,0.0220,0.0067,0.0078,0.0079,0.0052
257,0.0459,0.0379,0.0370,0.0220,0.0067,0.0078,0.0079,0.0052
258,0.0460,0.0390,0.0375,0.0220,0.0064,0.0103,0.0090,0.0052
259,0.0459,0.0379,0.0370,0.0220,0.0067,0.0078,0.0079,0.0052
260,0.0459,0.0379,0.0370,0.0220,0.0067,0.0078,0.0079,0.0052
261,0.0459,0.0379,0.0370,0.0220,0.0067,0.0078,0.0079,0.0052
262,0.0459,0.0379,0.0370,0.0220,0.0067,0.0078,0.0079,0.0052
263,0.0459,0.0379,0.0370,0.0220,0.0067,0.0078,0.0079,0.0052
264,0.0459,0.0379,0.0370,0.0220,0.0067,0.0078,0.0079,0.0052
265,0.0459,0.0379,0.0370,0.0220,0.0067,0.0078,0.0079,0.0052
266,0.0459,0.0379,0.0370,0.0220,0.0067,0.0078,0.0079,0.0052
267,0.0459,0.0379,0.0370,0.0220,0.0067,0.0078,0.0079,0.0052
268,0.0459,0.0379,0.0370,0.0220,0.0067,0.0078,0.0079,0.0052
269,0.0460,0.0386,0.0374,0.0221,0.0064,0.0095,0.0087,0.0052
270,0.0459,0.0379,0.0370,0.0220,0.0067,0.0078,0.0079,0.0052
271,0.0459,0.0379,0.0370,0.0220,0.0067,0.0078,0.0079,0.0052
272,0.0459,0.0379,0.0370,0.0220,0.0067,0.0078,0.0079,0.0052
273,0.0459,0.0379,0.0370,0.0220,0.0067,0.0078,0.0079,0.0052
274,0.0459,0.0379,0.0370,0.0220,0.0067,0.0078,0.0079,0.0052
275,0.0463,0.0406,0.0377,0.0231,0.0095,0.0143,0.0094,0.0083
276,0.0463,0.0381,0.0372,0.0229,0.0093,0.0088,0.0082,0.0081
277,0.0463,0.0380,0.0376,0.0224,0.0094,0.0077,0.0093,0.0070
278,0.0463,0.0382,0.0381,0.0221,0.0093,0.0089,0.0105,0.0055
279,0.0460,0.0390,0.0375,0.0220,0.0064,0.0103,0.0090,0.0052
280,0.0460,0.0394,0.0378,0.0221,0.0066,0.0116,0.0095,0.0055
281,0.0461,0.0394,0.0388,0.0221,0.0084,0.0121,0.0117,0.0058
282,0.0461,0.0386,0.0377,0.0221,0.0079,0.0102,0.0098,0.0056
283,0.0460,0.0382,0.0377,0.0221,0.0076,0.0092,0.0107,0.0053
284,0.0460,0.0384,0.0387,0.0221,0.0075,0.0099,0.0117,0.0053
285,0.0460,0.0382,0.0381,0.0221,0.0073,0.0089,0.0104,0.0054
286,0.0459,0.0382,0.0374,0.0220,0.0064,0.0095,0.0096,0.0050
287,0.0459,0.0381,0.0381,0.0220,0.0066,0.0091,0.0114,0.0050
288,0.0459,0.0387,0.0371,0.0220,0.0064,0.0099,0.0080,0.0053
289,0.0459,0.0412,0.0386,0.0221,0.0064,0.0146,0.0118,0.0055
290,0.0459,0.0406,0.0382,0.0221,0.0064,0.0141,0.0112,0.0055
291,0.0460,0.0392,0.0384,0.0221,0.0065,0.0109,0.0107,0.0054
292,0.0460,0.0390,0.0375,0.0220,0.0064,0.0103,0.0090,0.0052
293,0.0460,0.0386,0.0374,0.0221,0.0064,0.0095,0.0087,0.0052
294,0.0460,0.0394,0.0378,0.0221,0.0066,0.0116,0.0095,0.0055
295,0.0460,0.0392,0.0384,0.0221,0.0065,0.0109,0.0107,0.0054
296,0.0462,0.0406,0.0383,0.0222,0.0085,0.0127,0.0105,0.0061
297,0.0460,0.0425,0.0418,0.0270,0.0073,0.0175,0.0175,0.0142
298,0.0460,0.0395,0.0386,0.0247,0.0069,0.0119,0.0121,0.0114
299,0.0459,0.0399,0.0391,0.0247,0.0066,0.0126,0.0128,0.0116
300,0.0459,0.0377,0.0367,0.0220,0.0069,0.0075,0.0065,0.0052
301,0.0459,0.0377,0.0367,0.0220,0.0069,0.0075,0.0065,0.0052
302,0.0459,0.0377,0.0367,0.0220,0.0069,0.0075,0.0065,0.0052
303,0.0459,0.0382,0.0376,0.0220,0.0068,0.0096,0.0100,0.0050
304,0.0459,0.0382,0.0376,0.0220,0.0068,0.0096,0.0100,0.0050
305,0.0459,0.0380,0.0381,0.0220,0.0070,0.0089,0.0119,0.0050
306,0.0459,0.0377,0.0370,0.0220,0.0064,0.0076,0.0079,0.0052
307,0.0459,0.0391,0.0375,0.0221,0.0062,0.0114,0.0097,0.0055
308,0.0459,0.0392,0.0377,0.0221,0.0063,0.0119,0.0100,0.0056
309,0.0460,0.0380,0.0369,0.0220,0.0063,0.0084,0.0074,0.0054
310,0.0460,0.0385,0.0369,0.0221,0.0063,0.0104,0.0072,0.0052
311,0.0460,0.0389,0.0371,0.0221,0.0064,0.0111,0.0081,0.0053
312,0.0460,0.0384,0.0375,0.0221,0.0066,0.0102,0.0087,0.0056
313,0.0462,0.0389,0.0375,0.0223,0.0091,0.0106,0.0090,0.0068
314,0.0459,0.0380,0.0381,0.0220,0.0070,0.0089,0.0119,0.0050
315,0.0460,0.0450,0.0438,0.0298,0.0074,0.0215,0.0206,0.0179
316,0.0460,0.0396,0.0390,0.0258,0.0069,0.0129,0.0132,0.0135
317,0.0459,0.0399,0.0395,0.0255,0.0065,0.0132,0.0139,0.0130
318,0.0459,0.0417,0.0421,0.0263,0.0063,0.0170,0.0187,0.0142
319,0.0459,0.0417,0.0425,0.0257,0.0060,0.0171,0.0193,0.0135
320,0.0459,0.0391,0.0394,0.0238,0.0062,0.0121,0.0140,0.0107
321,0.0459,0.0379,0.0376,0.0224,0.0063,0.0080,0.0092,0.0076
322,0.0459,0.0380,0.0377,0.0221,0.0062,0.0085,0.0096,0.0055
323,0.0459,0.0380,0.0376,0.0221,0.0061,0.0090,0.0100,0.0055
324,0.0459,0.0381,0.0372,0.0221,0.0062,0.0090,0.0086,0.0054
325,0.0459,0.0377,0.0370,0.0220,0.0064,0.0076,0.0079,0.0052
326,0.0460,0.0376,0.0374,0.0221,0.0074,0.0068,0.0096,0.0053
327,0.0460,0.0381,0.0382,0.0222,0.0076,0.0088,0.0118,0.0063
328,0.0460,0.0382,0.0383,0.0225,0.0071,0.0092,0.0121,0.0076
329,0.0459,0.0380,0.0374,0.0231,0.0066,0.0080,0.0090,0.0093
330,0.0459,0.0381,0.0372,0.0237,0.0067,0.0090,0.0082,0.0102
331,0.0460,0.0381,0.0373,0.0236,0.0072,0.0086,0.0083,0.0101
332,0.0460,0.0395,0.0395,0.0231,0.0076,0.0123,0.0143,0.0091
333,0.0460,0.0421,0.0432,0.0231,0.0079,0.0170,0.0199,0.0086
334,0.0460,0.0423,0.0435,0.0238,0.0077,0.0170,0.0200,0.0102
335,0.0460,0.0396,0.0386,0.0290,0.0068,0.0126,0.0106,0.0170
336,0.0459,0.0391,0.0375,0.0221,0.0062,0.0114,0.0097,0.0055
337,0.0459,0.0377,0.0367,0.0220,0.0069,0.0075,0.0065,0.0052
338,0.0459,0.0377,0.0367,0.0220,0.0069,0.0075,0.0065,0.0052
339,0.0459,0.0377,0.0367,0.0220,0.0069,0.0075,0.0065,0.0052
340,0.0459,0.0377,0.0367,0.0220,0.0069,0.0075,0.0065,0.0052
341,0.0459,0.0377,0.0367,0.0220,0.0069,0.0075,0.0065,0.0052
342,0.0459,0.0377,0.0367,0.0220,0.0069,0.0075,0.0065,0.0052
343,0.0459,0.0377,0.0367,0.0220,0.0069,0.0075,0.0065,0.0052
344,0.0459,0.0377,0.0367,0.0220,0.0069,0.0075,0.0065,0.0052
345,0.0459,0.0377,0.0367,0.0220,0.0069,0.0075,0.0065,0.0052
346,0.0459,0.0377,0.0367,0.0220,0.0069,0.0075,0.0065,0.0052
347,0.0459,0.0392,0.0377,0.0221,0.0063,0.0119,0.0100,0.0056
348,0.0459,0.0377,0.0367,0.0220,0.0069,0.0075,0.0065,0.0052
349,0.0459,0.0377,0.0367,0.0220,0.0069,0.0075,0.0065,0.0052
350,0.0459,0.0377,0.0367,0.0220,0.0069,0.0075,0.0065,0.0052
351,0.0459,0.0377,0.0367,0.0220,0.0069,0.0075,0.0065,0.0052
352,0.0459,0.0377,0.0367,0.0220,0.0069,0.0075,0.0065,0.0052
353,0.0459,0.0377,0.0367,0.0220,0.0069,0.0075,0.0065,0.0052
354,0.0459,0.0377,0.0367,0.0220,0.0069,0.0075,0.0065,0.0052
355,0.0459,0.0377,0.0367,0.0220,0.0069,0.0075,0.0065,0.0052
356,0.0459,0.0377,0.0367,0.0220,0.0069,0.0075,0.0065,0.0052
357,0.0459,0.0377,0.0367,0.0220,0.0069,0.0075,0.0065,0.0052
358,0.0460,0.0380,0.0369,0.0220,0.0063,0.0084,0.0074,0.0054
359,0.0459,0.0377,0.0367,0.0220,0.0069,0.0075,0.0065,0.0052
360,0.0459,0.0377,0.0367,0.0220,0.0069,0.0075,0.0065,0.0052
361,0.0459,0.0377,0.0367,0.0220,0.0069,0.0075,0.0065,0.0052
362,0.0459,0.0377,0.0367,0.0220,0.0069,0.0075,0.0065,0.0052
363,0.0459,0.0377,0.0367,0.0220,0.0069,0.0075,0.0065,0.0052
364,0.0459,0.0377,0.0367,0.0220,0.0069,0.0075,0.0065,0.0052
365,0.0459,0.0377,0.0367,0.0220,0.0069,0.0075,0.0065,0.0052
366,0.0459,0.0377,0.0367,0.0220,0.0069,0.0075,0.0065,0.0052
367,0.0459,0.0377,0.0367,0.0220,0.0069,0.0075,0.0065,0.0052
368,0.0459,0.0377,0.0367,0.0220,0.0069,0.0075,0.0065,0.0052
369,0.0460,0.0385,0.0369,0.0221,0.0063,0.0104,0.0072,0.0052
370,0.0459,0.0377,0.0367,0.0220,0.0069,0.0075,0.0065,0.0052
371,0.0459,0.0377,0.0367,0.0220,0.0069,0.0075,0.0065,0.0052
372,0.0459,0.0377,0.0367,0.0220,0.0069,0.0075,0.0065,0.0052
373,0.0459,0.0377,0.0367,0.0220,0.0069,0.0075,0.0065,0.0052
374,0.0459,0.0377,0.0367,0.0220,0.0069,0.0075,0.0065,0.0052
375,0.0462,0.0420,0.0396,0.0232,0.0087,0.0162,0.0141,0.0086
376,0.0462,0.0381,0.0374,0.0229,0.0087,0.0090,0.0091,0.0083
377,0.0462,0.0379,0.0378,0.0223,0.0090,0.0075,0.0102,0.0067
378,0.0462,0.0380,0.0380,0.0221,0.0090,0.0080,0.0103,0.0057
379,0.0460,0.0380,0.0369,0.0220,0.0063,0.0084,0.0074,0.0054
380,0.0460,0.0389,0.0371,0.0221,0.0064,0.0111,0.0081,0.0053
381,0.0461,0.0394,0.0390,0.0222,0.0084,0.0123,0.0126,0.0064
382,0.0461,0.0388,0.0378,0.0221,0.0080,0.0112,0.0101,0.0060
383,0.0460,0.0381,0.0371,0.0221,0.0078,0.0091,0.0082,0.0055
384,0.0460,0.0377,0.0371,0.0221,0.0077,0.0075,0.0084,0.0053
385,0.0460,0.0376,0.0371,0.0220,0.0074,0.0071,0.0082,0.0053
386,0.0459,0.0382,0.0376,0.0220,0.0068,0.0096,0.0100,0.0050
387,0.0459,0.0380,0.0381,0.0220,0.0070,0.0089,0.0119,0.0050
388,0.0459,0.0377,0.0370,0.0220,0.0064,0.0076,0.0079,0.0052
389,0.0459,0.0391,0.0375,0.0221,0.0062,0.0114,0.0097,0.0055
390,0.0459,0.0392,0.0377,0.0221,0.0063,0.0119,0.0100,0.0056
391,0.0460,0.0384,0.0375,0.0221,0.0066,0.0102,0.0087,0.0056
392,0.0460,0.0380,0.0369,0.0220,0.0063,0.0084,0.0074,0.0054
393,0.0460,0.0385,0.0369,0.0221,0.0063,0.0104,0.0072,0.0052
394,0.0460,0.0389,0.0371,0.0221,0.0064,0.0111,0.0081,0.0053
395,0.0460,0.0384,0.0375,0.0221,0.0066,0.0102,0.0087,0.0056
396,0.0462,0.0389,0.0375,0.0223,0.0091,0.0106,0.0090,0.0068
397,0.0460,0.0450,0.0438,0.0298,0.0074,0.0215,0.0206,0.0179
398,0.0460,0.0396,0.0390,0.0258,0.0069,0.0129,0.0132,0.0135
399,0.0459,0.0399,0.0395,0.0255,0.0065,0.0132,0.0139,0.0130
400,0.0459,0.0377,0.0366,0.0220,0.0070,0.0078,0.0062,0.0052
401,0.0459,0.0377,0.0366,0.0220,0.0070,0.0078,0.0062,0.0052
402,0.0459,0.0377,0.0366,0.0220,0.0070,0.0078,0.0062,0.0052
403,0.0459,0.0381,0.0374,0.0220,0.0070,0.0091,0.0093,0.0051
404,0.0459,0.0381,0.0374,0.0220,0.0070,0.0091,0.0093,0.0051
405,0.0460,0.0382,0.0386,0.0220,0.0071,0.0099,0.0128,0.0050
406,0.0459,0.0377,0.0373,0.0220,0.0065,0.0075,0.0092,0.0053
407,0.0459,0.0383,0.0370,0.0221,0.0061,0.0097,0.0080,0.0055
408,0.0459,0.0390,0.0377,0.0221,0.0063,0.0117,0.0103,0.0057
409,0.0460,0.0383,0.0370,0.0220,0.0063,0.0099,0.0081,0.0054
410,0.0460,0.0387,0.0369,0.0221,0.0062,0.0109,0.0074,0.0053
411,0.0460,0.0392,0.0370,0.0221,0.0062,0.0122,0.0078,0.0053
412,0.0460,0.0383,0.0371,0.0221,0.0068,0.0098,0.0078,0.0058
413,0.0463,0.0386,0.0373,0.0223,0.0094,0.0098,0.0081,0.0069
414,0.0460,0.0382,0.0386,0.0220,0.0071,0.0099,0.0128,0.0050
415,0.0460,0.0471,0.0455,0.0316,0.0074,0.0240,0.0227,0.0197
416,0.0460,0.0406,0.0400,0.0270,0.0069,0.0149,0.0152,0.0149
417,0.0459,0.0410,0.0406,0.0265,0.0065,0.0157,0.0164,0.0143
418,0.0459,0.0426,0.0433,0.0270,0.0063,0.0184,0.0204,0.0149
419,0.0459,0.0426,0.0438,0.0261,0.0061,0.0186,0.0211,0.0140
420,0.0459,0.0392,0.0396,0.0239,0.0063,0.0124,0.0144,0.0108
421,0.0459,0.0381,0.0379,0.0226,0.0064,0.0089,0.0106,0.0079
422,0.0459,0.0380,0.0378,0.0221,0.0064,0.0087,0.0103,0.0057
423,0.0459,0.0380,0.0376,0.0221,0.0062,0.0088,0.0100,0.0054
424,0.0459,0.0384,0.0375,0.0220,0.0063,0.0104,0.0102,0.0052
425,0.0459,0.0377,0.0373,0.0220,0.0065,0.0075,0.0092,0.0053
426,0.0460,0.0375,0.0367,0.0221,0.0075,0.0064,0.0068,0.0055
427,0.0460,0.0380,0.0379,0.0222,0.0077,0.0084,0.0112,0.0065
428,0.0460,0.0380,0.0379,0.0226,0.0071,0.0085,0.0109,0.0080
429,0.0459,0.0380,0.0373,0.0233,0.0066,0.0084,0.0083,0.0097
430,0.0459,0.0381,0.0371,0.0239,0.0068,0.0093,0.0080,0.0107
431,0.0460,0.0382,0.0372,0.0241,0.0072,0.0093,0.0081,0.0108
432,0.0460,0.0389,0.0385,0.0237,0.0075,0.0101,0.0117,0.0103
433,0.0460,0.0407,0.0416,0.0235,0.0078,0.0146,0.0176,0.0098
434,0.0460,0.0413,0.0426,0.0243,0.0077,0.0151,0.0187,0.0113
435,0.0460,0.0406,0.0388,0.0308,0.0067,0.0148,0.0116,0.0187
436,0.0459,0.0383,0.0370,0.0221,0.0061,0.0097,0.0080,0.0055
437,0.0459,0.0377,0.0366,0.0220,0.0070,0.0078,0.0062,0.0052
438,0.0459,0.0377,0.0366,0.0220,0.0070,0.0078,0.0062,0.0052
439,0.0459,0.0377,0.0366,0.0220,0.0070,0.0078,0.0062,0.0052
440,0.0459,0.0377,0.0366,0.0220,0.0070,0.0078,0.0062,0.0052
441,0.0459,0.0377,0.0366,0.0220,0.0070,0.0078,0.0062,0.0052
442,0.0459,0.0377,0.0366,0.0220,0.0070,0.0078,0.0062,0.0052
443,0.0459,0.0377,0.0366,0.0220,0.0070,0.0078,0.0062,0.0052
444,0.0459,0.0377,0.0366,0.0220,0.0070,0.0078,0.0062,0.0052
445,0.0459,0.0377,0.0366,0.0220,0.0070,0.0078,0.0062,0.0052
446,0.0459,0.0377,0.0366,0.0220,0.0070,0.0078,0.0062,0.0052
447,0.0459,0.0390,0.0377,0.0221,0.0063,0.0117,0.0103,0.0057
448,0.0459,0.0377,0.0366,0.0220,0.0070,0.0078,0.0062,0.0052
449,0.0459,0.0377,0.0366,0.0220,0.0070,0.0078,0.0062,0.0052
450,0.0459,0.0377,0.0366,0.0220,0.0070,0.0078,0.0062,0.0052
451,0.0459,0.0377,0.0366,0.0220,0.0070,0.0078,0.0062,0.0052
452,0.0459,0.0377,0.0366,0.0220,0.0070,0.0078,0.0062,0.0052
453,0.0459,0.0377,0.0366,0.0220,0.0070,0.0078,0.0062,0.0052
454,0.0459,0.0377,0.0366,0.0220,0.0070,0.0078,0.0062,0.0052
455,0.0459,0.0377,0.0366,0.0220,0.0070,0.0078,0.0062,0.0052
456,0.0459,0.0377,0.0366,0.0220,0.0070,0.0078,0.0062,0.0052
457,0.0459,0.0377,0.0366,0.0220,0.0070,0.0078,0.0062,0.0052
458,0.0460,0.0383,0.0370,0.0220,0.0063,0.0099,0.0081,0.0054
459,0.0459,0.0377,0.0366,0.0220,0.0070,0.0078,0.0062,0.0052
460,0.0459,0.0377,0.0366,0.0220,0.0070,0.0078,0.0062,0.0052
461,0.0459,0.0377,0.0366,0.0220,0.0070,0.0078,0.0062,0.0052
462,0.0459,0.0377,0.0366,0.0220,0.0070,0.0078,0.0062,0.0052
463,0.0459,0.0377,0.0366,0.0220,0.0070,0.0078,0.0062,0.0052
464,0.0459,0.0377,0.0366,0.0220,0.0070,0.0078,0.0062,0.0052
465,0.0459,0.0377,0.0366,0.0220,0.0070,0.0078,0.0062,0.0052
466,0.0459,0.0377,0.0366,0.0220,0.0070,0.0078,0.0062,0.0052
467,0.0459,0.0377,0.0366,0.0220,0.0070,0.0078,0.0062,0.0052
468,0.0459,0.0377,0.0366,0.0220,0.0070,0.0078,0.0062,0.0052
469,0.0460,0.0387,0.0369,0.0221,0.0062,0.0109,0.0074,0.0053
470,0.0459,0.0377,0.0366,0.0220,0.0070,0.0078,0.0062,0.0052
471,0.0459,0.0377,0.0366,0.0220,0.0070,0.0078,0.0062,0.0052
472,0.0459,0.0377,0.0366,0.0220,0.0070,0.0078,0.0062,0.0052
473,0.0459,0.0377,0.0366,0.0220,0.0070,0.0078,0.0062,0.0052
474,0.0459,0.0377,0.0366,0.0220,0.0070,0.0078,0.0062,0.0052
475,0.0462,0.0422,0.0408,0.0232,0.0084,0.0165,0.0158,0.0089
476,0.0461,0.0385,0.0384,0.0229,0.0085,0.0102,0.0116,0.0084
477,0.0462,0.0379,0.0383,0.0223,0.0088,0.0078,0.0118,0.0067
478,0.0462,0.0380,0.0384,0.0221,0.0089,0.0083,0.0123,0.0058
479,0.0460,0.0383,0.0370,0.0220,0.0063,0.0099,0.0081,0.0054
480,0.0460,0.0392,0.0370,0.0221,0.0062,0.0122,0.0078,0.0053
481,0.0461,0.0396,0.0393,0.0223,0.0084,0.0131,0.0137,0.0066
482,0.0461,0.0387,0.0377,0.0222,0.0081,0.0107,0.0099,0.0062
483,0.0460,0.0380,0.0372,0.0221,0.0078,0.0085,0.0087,0.0056
484,0.0460,0.0377,0.0373,0.0221,0.0077,0.0077,0.0090,0.0053
485,0.0460,0.0376,0.0369,0.0220,0.0075,0.0067,0.0075,0.0053
486,0.0459,0.0381,0.0374,0.0220,0.0070,0.0091,0.0093,0.0051
487,0.0460,0.0382,0.0386,0.0220,0.0071,0.0099,0.0128,0.0050
488,0.0459,0.0377,0.0373,0.0220,0.0065,0.0075,0.0092,0.0053
489,0.0459,0.0383,0.0370,0.0221,0.0061,0.0097,0.0080,0.0055
490,0.0459,0.0390,0.0377,0.0221,0.0063,0.0117,0.0103,0.0057
491,0.0460,0.0383,0.0371,0.0221,0.0068,0.0098,0.0078,0.0058
492,0.0460,0.0383,0.0370,0.0220,0.0063,0.0099,0.0081,0.0054
493,0.0460,0.0387,0.0369,0.0221,0.0062,0.0109,0.0074,0.0053
494,0.0460,0.0392,0.0370,0.0221,0.0062,0.0122,0.0078,0.0053
495,0.0460,0.0383,0.0371,0.0221,0.0068,0.0098,0.0078,0.0058
496,0.0463,0.0386,0.0373,0.0223,0.0094,0.0098,0.0081,0.0069
497,0.0460,0.0471,0.0455,0.0316,0.0074,0.0240,0.0227,0.0197
498,0.0460,0.0406,0.0400,0.0270,0.0069,0.0149,0.0152,0.0149
499,0.0459,0.0410,0.0406,0.0265,0.0065,0.0157,0.0164,0.0143
500,0.0459,0.0389,0.0372,0.0221,0.0065,0.0085,0.0076,0.0059
501,0.0459,0.0389,0.0372,0.0221,0.0065,0.0085,0.0076,0.0059
502,0.0459,0.0389,0.0372,0.0221,0.0065,0.0085,0.0076,0.0059
503,0.0459,0.0402,0.0394,0.0221,0.0067,0.0131,0.0134,0.0057
504,0.0459,0.0402,0.0394,0.0221,0.0067,0.0131,0.0134,0.0057
505,0.0460,0.0395,0.0395,0.0221,0.0073,0.0113,0.0143,0.0056
506,0.0460,0.0403,0.0378,0.0221,0.0070,0.0105,0.0096,0.0058
507,0.0460,0.0423,0.0379,0.0221,0.0070,0.0140,0.0092,0.0059
508,0.0460,0.0432,0.0389,0.0221,0.0070,0.0159,0.0115,0.0059
509,0.0460,0.0427,0.0391,0.0221,0.0067,0.0135,0.0107,0.0054
510,0.0460,0.0420,0.0391,0.0221,0.0065,0.0124,0.0107,0.0055
511,0.0460,0.0437,0.0411,0.0221,0.0067,0.0148,0.0130,0.0059
512,0.0460,0.0436,0.0411,0.0222,0.0070,0.0142,0.0135,0.0063
513,0.0462,0.0454,0.0407,0.0223,0.0084,0.0158,0.0129,0.0066
514,0.0460,0.0395,0.0395,0.0221,0.0073,0.0113,0.0143,0.0056
515,0.0460,0.0464,0.0416,0.0292,0.0069,0.0205,0.0159,0.0165
516,0.0459,0.0435,0.0398,0.0257,0.0065,0.0153,0.0129,0.0121
517,0.0459,0.0424,0.0401,0.0247,0.0064,0.0145,0.0136,0.0111
518,0.0459,0.0419,0.0407,0.0247,0.0063,0.0149,0.0149,0.0115
519,0.0459,0.0422,0.0410,0.0247,0.0064,0.0167,0.0159,0.0120
520,0.0459,0.0403,0.0388,0.0234,0.0064,0.0131,0.0117,0.0098
521,0.0459,0.0395,0.0382,0.0225,0.0063,0.0106,0.0101,0.0073
522,0.0459,0.0392,0.0380,0.0224,0.0062,0.0093,0.0098,0.0071
523,0.0459,0.0392,0.0378,0.0226,0.0063,0.0093,0.0097,0.0074
524,0.0459,0.0393,0.0376,0.0224,0.0061,0.0103,0.0094,0.0067
525,0.0460,0.0403,0.0378,0.0221,0.0070,0.0105,0.0096,0.0058
526,0.0460,0.0392,0.0381,0.0221,0.0071,0.0080,0.0096,0.0056
527,0.0460,0.0401,0.0400,0.0221,0.0071,0.0107,0.0142,0.0059
528,0.0459,0.0404,0.0398,0.0224,0.0065,0.0111,0.0130,0.0073
529,0.0459,0.0403,0.0393,0.0229,0.0062,0.0111,0.0116,0.0086
530,0.0459,0.0408,0.0398,0.0231,0.0064,0.0116,0.0120,0.0089
531,0.0459,0.0425,0.0423,0.0231,0.0064,0.0132,0.0153,0.0085
532,0.0460,0.0486,0.0491,0.0236,0.0067,0.0212,0.0236,0.0093
533,0.0460,0.0546,0.0549,0.0255,0.0072,0.0269,0.0292,0.0120
534,0.0460,0.0568,0.0556,0.0268,0.0070,0.0285,0.0299,0.0135
535,0.0460,0.0505,0.0470,0.0279,0.0065,0.0210,0.0189,0.0142
536,0.0460,0.0423,0.0379,0.0221,0.0070,0.0140,0.0092,0.0059
537,0.0459,0.0389,0.0372,0.0221,0.0065,0.0085,0.0076,0.0059
538,0.0459,0.0389,0.0372,0.0221,0.0065,0.0085,0.0076,0.0059
539,0.0459,0.0389,0.0372,0.0221,0.0065,0.0085,0.0076,0.0059
540,0.0459,0.0389,0.0372,0.0221,0.0065,0.0085,0.0076,0.0059
541,0.0459,0.0389,0.0372,0.0221,0.0065,0.0085,0.0076,0.0059
542,0.0459,0.0389,0.0372,0.0221,0.0065,0.0085,0.0076,0.0059
543,0.0459,0.0389,0.0372,0.0221,0.0065,0.0085,0.0076,0.0059
544,0.0459,0.0389,0.0372,0.0221,0.0065,0.0085,0.0076,0.0059
545,0.0459,0.0389,0.0372,0.0221,0.0065,0.0085,0.0076,0.0059
546,0.0459,0.0389,0.0372,0.0221,0.0065,0.0085,0.0076,0.0059
547,0.0460,0.0432,0.0389,0.0221,0.0070,0.0159,0.0115,0.0059
548,0.0459,0.0389,0.0372,0.0221,0.0065,0.0085,0.0076,0.0059
549,0.0459,0.0389,0.0372,0.0221,0.0065,0.0085,0.0076,0.0059
550,0.0459,0.0389,0.0372,0.0221,0.0065,0.0085,0.0076,0.0059
551,0.0459,0.0389,0.0372,0.0221,0.0065,0.0085,0.0076,0.0059
552,0.0459,0.0389,0.0372,0.0221,0.0065,0.0085,0.0076,0.0059
553,0.0459,0.0389,0.0372,0.0221,0.0065,0.0085,0.0076,0.0059
554,0.0459,0.0389,0.0372,0.0221,0.0065,0.0085,0.0076,0.0059
555,0.0459,0.0389,0.0372,0.0221,0.0065,0.0085,0.0076,0.0059
556,0.0459,0.0389,0.0372,0.0221,0.0065,0.0085,0.0076,0.0059
557,0.0459,0.0389,0.0372,0.0221,0.0065,0.0085,0.0076,0.0059
558,0.0460,0.0427,0.0391,0.0221,0.0067,0.0135,0.0107,0.0054
559,0.0459,0.0389,0.0372,0.0221,0.0065,0.0085,0.0076,0.0059
560,0.0459,0.0389,0.0372,0.0221,0.0065,0.0085,0.0076,0.0059
561,0.0459,0.0389,0.0372,0.0221,0.0065,0.0085,0.0076,0.0059
562,0.0459,0.0389,0.0372,0.0221,0.0065,0.0085,0.0076,0.0059
563,0.0459,0.0389,0.0372,0.0221,0.0065,0.0085,0.0076,0.0059
564,0.0459,0.0389,0.0372,0.0221,0.0065,0.0085,0.0076,0.0059
565,0.0459,0.0389,0.0372,0.0221,0.0065,0.0085,0.0076,0.0059
566,0.0459,0.0389,0.0372,0.0221,0.0065,0.0085,0.0076,0.0059
567,0.0459,0.0389,0.0372,0.0221,0.0065,0.0085,0.0076,0.0059
568,0.0459,0.0389,0.0372,0.0221,0.0065,0.0085,0.0076,0.0059
569,0.0460,0.0420,0.0391,0.0221,0.0065,0.0124,0.0107,0.0055
570,0.0459,0.0389,0.0372,0.0221,0.0065,0.0085,0.0076,0.0059
571,0.0459,0.0389,0.0372,0.0221,0.0065,0.0085,0.0076,0.0059
572,0.0459,0.0389,0.0372,0.0221,0.0065,0.0085,0.0076,0.0059
573,0.0459,0.0389,0.0372,0.0221,0.0065,0.0085,0.0076,0.0059
574,0.0459,0.0389,0.0372,0.0221,0.0065,0.0085,0.0076,0.0059
575,0.0471,0.0392,0.0410,0.0232,0.0120,0.0120,0.0163,0.0085
576,0.0471,0.0384,0.0403,0.0230,0.0118,0.0083,0.0150,0.0086
577,0.0469,0.0386,0.0397,0.0226,0.0114,0.0091,0.0147,0.0079
578,0.0467,0.0387,0.0390,0.0223,0.0108,0.0097,0.0131,0.0068
579,0.0460,0.0427,0.0391,0.0221,0.0067,0.0135,0.0107,0.0054
580,0.0460,0.0437,0.0411,0.0221,0.0067,0.0148,0.0130,0.0059
581,0.0463,0.0399,0.0394,0.0221,0.0092,0.0124,0.0133,0.0060
582,0.0461,0.0393,0.0382,0.0221,0.0085,0.0114,0.0113,0.0059
583,0.0461,0.0390,0.0386,0.0221,0.0081,0.0101,0.0123,0.0060
584,0.0460,0.0395,0.0401,0.0222,0.0079,0.0108,0.0135,0.0062
585,0.0460,0.0394,0.0392,0.0221,0.0074,0.0097,0.0118,0.0062
586,0.0459,0.0402,0.0394,0.0221,0.0067,0.0131,0.0134,0.0057
587,0.0460,0.0395,0.0395,0.0221,0.0073,0.0113,0.0143,0.0056
588,0.0460,0.0403,0.0378,0.0221,0.0070,0.0105,0.0096,0.0058
589,0.0460,0.0423,0.0379,0.0221,0.0070,0.0140,0.0092,0.0059
590,0.0460,0.0432,0.0389,0.0221,0.0070,0.0159,0.0115,0.0059
591,0.0460,0.0436,0.0411,0.0222,0.0070,0.0142,0.0135,0.0063
592,0.0460,0.0427,0.0391,0.0221,0.0067,0.0135,0.0107,0.0054
593,0.0460,0.0420,0.0391,0.0221,0.0065,0.0124,0.0107,0.0055
594,0.0460,0.0437,0.0411,0.0221,0.0067,0.0148,0.0130,0.0059
595,0.0460,0.0436,0.0411,0.0222,0.0070,0.0142,0.0135,0.0063
596,0.0462,0.0454,0.0407,0.0223,0.0084,0.0158,0.0129,0.0066
597,0.0460,0.0464,0.0416,0.0292,0.0069,0.0205,0.0159,0.0165
598,0.0459,0.0435,0.0398,0.0257,0.0065,0.0153,0.0129,0.0121
599,0.0459,0.0424,0.0401,0.0247,0.0064,0.0145,0.0136,0.0111
600,0.0459,0.0385,0.0372,0.0221,0.0067,0.0084,0.0080,0.0056
601,0.0459,0.0385,0.0372,0.0221,0.0067,0.0084,0.0080,0.0056
602,0.0459,0.0385,0.0372,0.0221,0.0067,0.0084,0.0080,0.0056
603,0.0459,0.0391,0.0380,0.0221,0.0064,0.0111,0.0110,0.0054
604,0.0459,0.0391,0.0380,0.0221,0.0064,0.0111,0.0110,0.0054
605,0.0459,0.0388,0.0383,0.0221,0.0069,0.0097,0.0119,0.0054
606,0.0459,0.0398,0.0375,0.0221,0.0067,0.0110,0.0089,0.0056
607,0.0460,0.0418,0.0380,0.0221,0.0068,0.0141,0.0096,0.0057
608,0.0460,0.0429,0.0391,0.0221,0.0070,0.0165,0.0126,0.0058
609,0.0460,0.0412,0.0385,0.0221,0.0067,0.0126,0.0106,0.0054
610,0.0460,0.0407,0.0386,0.0221,0.0064,0.0115,0.0103,0.0053
611,0.0460,0.0420,0.0403,0.0221,0.0066,0.0136,0.0125,0.0057
612,0.0460,0.0420,0.0404,0.0221,0.0069,0.0132,0.0130,0.0059
613,0.0462,0.0432,0.0397,0.0222,0.0087,0.0148,0.0123,0.0063
614,0.0459,0.0388,0.0383,0.0221,0.0069,0.0097,0.0119,0.0054
615,0.0460,0.0437,0.0409,0.0271,0.0069,0.0171,0.0151,0.0136
616,0.0459,0.0418,0.0392,0.0248,0.0065,0.0141,0.0122,0.0110
617,0.0459,0.0414,0.0397,0.0244,0.0063,0.0138,0.0131,0.0106
618,0.0459,0.0410,0.0403,0.0244,0.0062,0.0136,0.0138,0.0111
619,0.0459,0.0414,0.0408,0.0246,0.0062,0.0160,0.0158,0.0119
620,0.0459,0.0400,0.0389,0.0235,0.0062,0.0133,0.0126,0.0100
621,0.0459,0.0388,0.0379,0.0224,0.0062,0.0092,0.0097,0.0070
622,0.0459,0.0389,0.0380,0.0223,0.0062,0.0093,0.0106,0.0068
623,0.0459,0.0387,0.0377,0.0224,0.0061,0.0092,0.0096,0.0070
624,0.0459,0.0388,0.0375,0.0222,0.0060,0.0098,0.0093,0.0063
625,0.0459,0.0398,0.0375,0.0221,0.0067,0.0110,0.0089,0.0056
626,0.0460,0.0388,0.0382,0.0221,0.0072,0.0080,0.0102,0.0054
627,0.0460,0.0394,0.0396,0.0221,0.0072,0.0103,0.0140,0.0059
628,0.0459,0.0396,0.0396,0.0224,0.0066,0.0106,0.0139,0.0071
629,0.0459,0.0396,0.0391,0.0228,0.0061,0.0102,0.0120,0.0085
630,0.0459,0.0398,0.0389,0.0232,0.0062,0.0107,0.0112,0.0091
631,0.0459,0.0411,0.0409,0.0230,0.0063,0.0123,0.0143,0.0085
632,0.0460,0.0468,0.0475,0.0233,0.0069,0.0203,0.0227,0.0087
633,0.0460,0.0526,0.0534,0.0246,0.0072,0.0261,0.0286,0.0109
634,0.0460,0.0536,0.0536,0.0254,0.0070,0.0269,0.0289,0.0119
635,0.0460,0.0468,0.0444,0.0269,0.0065,0.0185,0.0170,0.0133
636,0.0460,0.0418,0.0380,0.0221,0.0068,0.0141,0.0096,0.0057
637,0.0459,0.0385,0.0372,0.0221,0.0067,0.0084,0.0080,0.0056
638,0.0459,0.0385,0.0372,0.0221,0.0067,0.0084,0.0080,0.0056
639,0.0459,0.0385,0.0372,0.0221,0.0067,0.0084,0.0080,0.0056
640,0.0459,0.0385,0.0372,0.0221,0.0067,0.0084,0.0080,0.0056
641,0.0459,0.0385,0.0372,0.0221,0.0067,0.0084,0.0080,0.0056
642,0.0459,0.0385,0.0372,0.0221,0.0067,0.0084,0.0080,0.0056
643,0.0459,0.0385,0.0372,0.0221,0.0067,0.0084,0.0080,0.0056
644,0.0459,0.0385,0.0372,0.0221,0.0067,0.0084,0.0080,0.0056
645,0.0459,0.0385,0.0372,0.0221,0.0067,0.0084,0.0080,0.0056
646,0.0459,0.0385,0.0372,0.0221,0.0067,0.0084,0.0080,0.0056
647,0.0460,0.0429,0.0391,0.0221,0.0070,0.0165,0.0126,0.0058
648,0.0459,0.0385,0.0372,0.0221,0.0067,0.0084,0.0080,0.0056
649,0.0459,0.0385,0.0372,0.0221,0.0067,0.0084,0.0080,0.0056
650,0.0459,0.0385,0.0372,0.0221,0.0067,0.0084,0.0080,0.0056
651,0.0459,0.0385,0.0372,0.0221,0.0067,0.0084,0.0080,0.0056
652,0.0459,0.0385,0.0372,0.0221,0.0067,0.0084,0.0080,0.0056
653,0.0459,0.0385,0.0372,0.0221,0.0067,0.0084,0.0080,0.0056
654,0.0459,0.0385,0.0372,0.0221,0.0067,0.0084,0.0080,0.0056
655,0.0459,0.0385,0.0372,0.0221,0.0067,0.0084,0.0080,0.0056
656,0.0459,0.0385,0.0372,0.0221,0.0067,0.0084,0.0080,0.0056
657,0.0459,0.0385,0.0372,0.0221,0.0067,0.0084,0.0080,0.0056
658,0.0460,0.0412,0.0385,0.0221,0.0067,0.0126,0.0106,0.0054
659,0.0459,0.0385,0.0372,0.0221,0.0067,0.0084,0.0080,0.0056
660,0.0459,0.0385,0.0372,0.0221,0.0067,0.0084,0.0080,0.0056
661,0.0459,0.0385,0.0372,0.0221,0.0067,0.0084,0.0080,0.0056
662,0.0459,0.0385,0.0372,0.0221,0.0067,0.0084,0.0080,0.0056
663,0.0459,0.0385,0.0372,0.0221,0.0067,0.0084,0.0080,0.0056
664,0.0459,0.0385,0.0372,0.0221,0.0067,0.0084,0.0080,0.0056
665,0.0459,0.0385,0.0372,0.0221,0.0067,0.0084,0.0080,0.0056
666,0.0459,0.0385,0.0372,0.0221,0.0067,0.0084,0.0080,0.0056
667,0.0459,0.0385,0.0372,0.0221,0.0067,0.0084,0.0080,0.0056
668,0.0459,0.0385,0.0372,0.0221,0.0067,0.0084,0.0080,0.0056
669,0.0460,0.0407,0.0386,0.0221,0.0064,0.0115,0.0103,0.0053
670,0.0459,0.0385,0.0372,0.0221,0.0067,0.0084,0.0080,0.0056
671,0.0459,0.0385,0.0372,0.0221,0.0067,0.0084,0.0080,0.0056
672,0.0459,0.0385,0.0372,0.0221,0.0067,0.0084,0.0080,0.0056
673,0.0459,0.0385,0.0372,0.0221,0.0067,0.0084,0.0080,0.0056
674,0.0459,0.0385,0.0372,0.0221,0.0067,0.0084,0.0080,0.0056
675,0.0469,0.0393,0.0392,0.0232,0.0114,0.0123,0.0135,0.0084
676,0.0469,0.0382,0.0392,0.0230,0.0113,0.0083,0.0134,0.0085
677,0.0468,0.0383,0.0388,0.0225,0.0111,0.0086,0.0129,0.0076
678,0.0467,0.0386,0.0386,0.0222,0.0106,0.0095,0.0117,0.0064
679,0.0460,0.0412,0.0385,0.0221,0.0067,0.0126,0.0106,0.0054
680,0.0460,0.0420,0.0403,0.0221,0.0066,0.0136,0.0125,0.0057
681,0.0463,0.0398,0.0392,0.0221,0.0092,0.0124,0.0126,0.0054
682,0.0462,0.0390,0.0380,0.0221,0.0086,0.0110,0.0109,0.0054
683,0.0461,0.0389,0.0391,0.0221,0.0082,0.0110,0.0133,0.0055
684,0.0461,0.0391,0.0398,0.0221,0.0080,0.0106,0.0131,0.0059
685,0.0460,0.0388,0.0385,0.0221,0.0076,0.0090,0.0108,0.0058
686,0.0459,0.0391,0.0380,0.0221,0.0064,0.0111,0.0110,0.0054
687,0.0459,0.0388,0.0383,0.0221,0.0069,0.0097,0.0119,0.0054
688,0.0459,0.0398,0.0375,0.0221,0.0067,0.0110,0.0089,0.0056
689,0.0460,0.0418,0.0380,0.0221,0.0068,0.0141,0.0096,0.0057
690,0.0460,0.0429,0.0391,0.0221,0.0070,0.0165,0.0126,0.0058
691,0.0460,0.0420,0.0404,0.0221,0.0069,0.0132,0.0130,0.0059
692,0.0460,0.0412,0.0385,0.0221,0.0067,0.0126,0.0106,0.0054
693,0.0460,0.0407,0.0386,0.0221,0.0064,0.0115,0.0103,0.0053
694,0.0460,0.0420,0.0403,0.0221,0.0066,0.0136,0.0125,0.0057
695,0.0460,0.0420,0.0404,0.0221,0.0069,0.0132,0.0130,0.0059
696,0.0462,0.0432,0.0397,0.0222,0.0087,0.0148,0.0123,0.0063
697,0.0460,0.0437,0.0409,0.0271,0.0069,0.0171,0.0151,0.0136
698,0.0459,0.0418,0.0392,0.0248,0.0065,0.0141,0.0122,0.0110
699,0.0459,0.0414,0.0397,0.0244,0.0063,0.0138,0.0131,0.0106
700,0.0459,0.0379,0.0371,0.0220,0.0070,0.0080,0.0083,0.0053
701,0.0459,0.0379,0.0371,0.0220,0.0070,0.0080,0.0083,0.0053
702,0.0459,0.0379,0.0371,0.0220,0.0070,0.0080,0.0083,0.0053
703,0.0459,0.0384,0.0376,0.0220,0.0065,0.0101,0.0102,0.0051
704,0.0459,0.0384,0.0376,0.0220,0.0065,0.0101,0.0102,0.0051
705,0.0459,0.0382,0.0382,0.0220,0.0065,0.0094,0.0116,0.0051
706,0.0459,0.0385,0.0372,0.0221,0.0063,0.0096,0.0083,0.0054
707,0.0459,0.0409,0.0385,0.0221,0.0065,0.0142,0.0116,0.0057
708,0.0460,0.0405,0.0384,0.0221,0.0068,0.0142,0.0119,0.0058
709,0.0460,0.0390,0.0377,0.0221,0.0067,0.0104,0.0095,0.0055
710,0.0460,0.0386,0.0376,0.0221,0.0064,0.0094,0.0092,0.0053
711,0.0460,0.0393,0.0379,0.0221,0.0063,0.0115,0.0097,0.0053
712,0.0460,0.0393,0.0387,0.0221,0.0069,0.0109,0.0112,0.0057
713,0.0463,0.0403,0.0383,0.0223,0.0094,0.0125,0.0106,0.0067
714,0.0459,0.0382,0.0382,0.0220,0.0065,0.0094,0.0116,0.0051
715,0.0460,0.0421,0.0412,0.0266,0.0069,0.0164,0.0165,0.0134
716,0.0459,0.0394,0.0384,0.0243,0.0064,0.0113,0.0113,0.0107
717,0.0459,0.0399,0.0391,0.0243,0.0062,0.0122,0.0121,0.0109
718,0.0459,0.0406,0.0406,0.0249,0.0061,0.0147,0.0155,0.0122
719,0.0459,0.0406,0.0409,0.0246,0.0062,0.0150,0.0160,0.0120
720,0.0459,0.0392,0.0389,0.0235,0.0063,0.0123,0.0128,0.0100
721,0.0459,0.0382,0.0378,0.0224,0.0064,0.0086,0.0095,0.0071
722,0.0459,0.0384,0.0379,0.0222,0.0063,0.0094,0.0104,0.0063
723,0.0459,0.0382,0.0375,0.0222,0.0062,0.0087,0.0093,0.0063
724,0.0459,0.0383,0.0373,0.0221,0.0063,0.0094,0.0090,0.0058
725,0.0459,0.0385,0.0372,0.0221,0.0063,0.0096,0.0083,0.0054
726,0.0460,0.0381,0.0381,0.0221,0.0075,0.0082,0.0108,0.0053
727,0.0460,0.0389,0.0396,0.0221,0.0075,0.0108,0.0145,0.0059
728,0.0459,0.0388,0.0392,0.0224,0.0068,0.0103,0.0137,0.0073
729,0.0459,0.0384,0.0381,0.0230,0.0062,0.0089,0.0107,0.0090
730,0.0459,0.0385,0.0380,0.0233,0.0062,0.0092,0.0106,0.0095
731,0.0459,0.0392,0.0389,0.0232,0.0066,0.0108,0.0125,0.0091
732,0.0460,0.0427,0.0437,0.0228,0.0071,0.0172,0.0198,0.0079
733,0.0460,0.0471,0.0489,0.0232,0.0073,0.0226,0.0256,0.0086
734,0.0460,0.0465,0.0480,0.0237,0.0071,0.0219,0.0249,0.0095
735,0.0460,0.0409,0.0402,0.0273,0.0063,0.0136,0.0133,0.0145
736,0.0459,0.0409,0.0385,0.0221,0.0065,0.0142,0.0116,0.0057
737,0.0459,0.0379,0.0371,0.0220,0.0070,0.0080,0.0083,0.0053
738,0.0459,0.0379,0.0371,0.0220,0.0070,0.0080,0.0083,0.0053
739,0.0459,0.0379,0.0371,0.0220,0.0070,0.0080,0.0083,0.0053
740,0.0459,0.0379,0.0371,0.0220,0.0070,0.0080,0.0083,0.0053
741,0.0459,0.0379,0.0371,0.0220,0.0070,0.0080,0.0083,0.0053
742,0.0459,0.0379,0.0371,0.0220,0.0070,0.0080,0.0083,0.0053
743,0.0459,0.0379,0.0371,0.0220,0.0070,0.0080,0.0083,0.0053
744,0.0459,0.0379,0.0371,0.0220,0.0070,0.0080,0.0083,0.0053
745,0.0459,0.0379,0.0371,0.0220,0.0070,0.0080,0.0083,0.0053
746,0.0459,0.0379,0.0371,0.0220,0.0070,0.0080,0.0083,0.0053
747,0.0460,0.0405,0.0384,0.0221,0.0068,0.0142,0.0119,0.0058
748,0.0459,0.0379,0.0371,0.0220,0.0070,0.0080,0.0083,0.0053
749,0.0459,0.0379,0.0371,0.0220,0.0070,0.0080,0.0083,0.0053
750,0.0459,0.0379,0.0371,0.0220,0.0070,0.0080,0.0083,0.0053
751,0.0459,0.0379,0.0371,0.0220,0.0070,0.0080,0.0083,0.0053
752,0.0459,0.0379,0.0371,0.0220,0.0070,0.0080,0.0083,0.0053
753,0.0459,0.0379,0.0371,0.0220,0.0070,0.0080,0.0083,0.0053
754,0.0459,0.0379,0.0371,0.0220,0.0070,0.0080,0.0083,0.0053
755,0.0459,0.0379,0.0371,0.0220,0.0070,0.0080,0.0083,0.0053
756,0.0459,0.0379,0.0371,0.0220,0.0070,0.0080,0.0083,0.0053
757,0.0459,0.0379,0.0371,0.0220,0.0070,0.0080,0.0083,0.0053
758,0.0460,0.0390,0.0377,0.0221,0.0067,0.0104,0.0095,0.0055
759,0.0459,0.0379,0.0371,0.0220,0.0070,0.0080,0.0083,0.0053
760,0.0459,0.0379,0.0371,0.0220,0.0070,0.0080,0.0083,0.0053
761,0.0459,0.0379,0.0371,0.0220,0.0070,0.0080,0.0083,0.0053
762,0.0459,0.0379,0.0371,0.0220,0.0070,0.0080,0.0083,0.0053
763,0.0459,0.0379,0.0371,0.0220,0.0070,0.0080,0.0083,0.0053
764,0.0459,0.0379,0.0371,0.0220,0.0070,0.0080,0.0083,0.0053
765,0.0459,0.0379,0.0371,0.0220,0.0070,0.0080,0.0083,0.0053
766,0.0459,0.0379,0.0371,0.0220,0.0070,0.0080,0.0083,0.0053
767,0.0459,0.0379,0.0371,0.0220,0.0070,0.0080,0.0083,0.0053
768,0.0459,0.0379,0.0371,0.0220,0.0070,0.0080,0.0083,0.0053
769,0.0460,0.0386,0.0376,0.0221,0.0064,0.0094,0.0092,0.0053
770,0.0459,0.0379,0.0371,0.0220,0.0070,0.0080,0.0083,0.0053
771,0.0459,0.0379,0.0371,0.0220,0.0070,0.0080,0.0083,0.0053
772,0.0459,0.0379,0.0371,0.0220,0.0070,0.0080,0.0083,0.0053
773,0.0459,0.0379,0.0371,0.0220,0.0070,0.0080,0.0083,0.0053
774,0.0459,0.0379,0.0371,0.0220,0.0070,0.0080,0.0083,0.0053
775,0.0465,0.0398,0.0379,0.0233,0.0104,0.0133,0.0098,0.0088
776,0.0466,0.0380,0.0374,0.0229,0.0106,0.0085,0.0085,0.0086
777,0.0466,0.0380,0.0380,0.0224,0.0106,0.0078,0.0098,0.0072
778,0.0466,0.0384,0.0385,0.0221,0.0105,0.0092,0.0111,0.0055
779,0.0460,0.0390,0.0377,0.0221,0.0067,0.0104,0.0095,0.0055
780,0.0460,0.0393,0.0379,0.0221,0.0063,0.0115,0.0097,0.0053
781,0.0463,0.0397,0.0391,0.0221,0.0094,0.0128,0.0120,0.0057
782,0.0462,0.0388,0.0378,0.0221,0.0088,0.0104,0.0103,0.0054
783,0.0461,0.0383,0.0381,0.0220,0.0085,0.0097,0.0116,0.0052
784,0.0461,0.0386,0.0393,0.0221,0.0083,0.0103,0.0126,0.0054
785,0.0460,0.0383,0.0385,0.0221,0.0080,0.0093,0.0110,0.0055
786,0.0459,0.0384,0.0376,0.0220,0.0065,0.0101,0.0102,0.0051
787,0.0459,0.0382,0.0382,0.0220,0.0065,0.0094,0.0116,0.0051
788,0.0459,0.0385,0.0372,0.0221,0.0063,0.0096,0.0083,0.0054
789,0.0459,0.0409,0.0385,0.0221,0.0065,0.0142,0.0116,0.0057
790,0.0460,0.0405,0.0384,0.0221,0.0068,0.0142,0.0119,0.0058
791,0.0460,0.0393,0.0387,0.0221,0.0069,0.0109,0.0112,0.0057
792,0.0460,0.0390,0.0377,0.0221,0.0067,0.0104,0.0095,0.0055
793,0.0460,0.0386,0.0376,0.0221,0.0064,0.0094,0.0092,0.0053
794,0.0460,0.0393,0.0379,0.0221,0.0063,0.0115,0.0097,0.0053
795,0.0460,0.0393,0.0387,0.0221,0.0069,0.0109,0.0112,0.0057
796,0.0463,0.0403,0.0383,0.0223,0.0094,0.0125,0.0106,0.0067
797,0.0460,0.0421,0.0412,0.0266,0.0069,0.0164,0.0165,0.0134
798,0.0459,0.0394,0.0384,0.0243,0.0064,0.0113,0.0113,0.0107
799,0.0459,0.0399,0.0391,0.0243,0.0062,0.0122,0.0121,0.0109
800,0.0460,0.0377,0.0367,0.0220,0.0073,0.0075,0.0066,0.0052
801,0.0460,0.0377,0.0367,0.0220,0.0073,0.0075,0.0066,0.0052
802,0.0460,0.0377,0.0367,0.0220,0.0073,0.0075,0.0066,0.0052
803,0.0459,0.0384,0.0378,0.0220,0.0069,0.0104,0.0107,0.0051
804,0.0459,0.0384,0.0378,0.0220,0.0069,0.0104,0.0107,0.0051
805,0.0459,0.0381,0.0384,0.0220,0.0069,0.0095,0.0124,0.0051
806,0.0459,0.0377,0.0371,0.0220,0.0062,0.0075,0.0084,0.0054
807,0.0459,0.0389,0.0375,0.0221,0.0064,0.0111,0.0095,0.0057
808,0.0460,0.0391,0.0378,0.0221,0.0067,0.0118,0.0106,0.0059
809,0.0460,0.0380,0.0369,0.0221,0.0067,0.0083,0.0076,0.0057
810,0.0460,0.0384,0.0369,0.0221,0.0065,0.0100,0.0074,0.0055
811,0.0460,0.0388,0.0372,0.0221,0.0064,0.0110,0.0083,0.0056
812,0.0460,0.0385,0.0376,0.0222,0.0073,0.0102,0.0090,0.0061
813,0.0464,0.0387,0.0375,0.0225,0.0100,0.0101,0.0090,0.0075
814,0.0459,0.0381,0.0384,0.0220,0.0069,0.0095,0.0124,0.0051
815,0.0460,0.0447,0.0436,0.0293,0.0070,0.0213,0.0204,0.0175
816,0.0459,0.0394,0.0387,0.0254,0.0064,0.0123,0.0126,0.0129
817,0.0459,0.0398,0.0394,0.0252,0.0061,0.0128,0.0135,0.0125
818,0.0459,0.0414,0.0419,0.0259,0.0060,0.0165,0.0183,0.0137
819,0.0459,0.0416,0.0424,0.0254,0.0064,0.0168,0.0191,0.0131
820,0.0459,0.0391,0.0393,0.0236,0.0066,0.0120,0.0139,0.0104
821,0.0459,0.0380,0.0378,0.0224,0.0067,0.0083,0.0094,0.0074
822,0.0459,0.0380,0.0377,0.0221,0.0066,0.0086,0.0098,0.0055
823,0.0459,0.0381,0.0377,0.0221,0.0065,0.0095,0.0105,0.0055
824,0.0459,0.0381,0.0372,0.0221,0.0066,0.0091,0.0086,0.0055
825,0.0459,0.0377,0.0371,0.0220,0.0062,0.0075,0.0084,0.0054
826,0.0460,0.0376,0.0375,0.0221,0.0077,0.0070,0.0098,0.0054
827,0.0460,0.0380,0.0381,0.0222,0.0077,0.0084,0.0115,0.0064
828,0.0459,0.0381,0.0382,0.0225,0.0071,0.0088,0.0119,0.0079
829,0.0459,0.0379,0.0374,0.0233,0.0064,0.0080,0.0090,0.0097
830,0.0459,0.0381,0.0371,0.0240,0.0063,0.0090,0.0080,0.0107
831,0.0459,0.0381,0.0373,0.0240,0.0067,0.0086,0.0085,0.0108
832,0.0460,0.0395,0.0398,0.0234,0.0070,0.0124,0.0149,0.0098
833,0.0460,0.0423,0.0440,0.0233,0.0071,0.0174,0.0209,0.0093
834,0.0460,0.0428,0.0445,0.0242,0.0069,0.0178,0.0214,0.0110
835,0.0460,0.0394,0.0386,0.0302,0.0064,0.0119,0.0104,0.0181
836,0.0459,0.0389,0.0375,0.0221,0.0064,0.0111,0.0095,0.0057
837,0.0460,0.0377,0.0367,0.0220,0.0073,0.0075,0.0066,0.0052
838,0.0460,0.0377,0.0367,0.0220,0.0073,0.0075,0.0066,0.0052
839,0.0460,0.0377,0.0367,0.0220,0.0073,0.0075,0.0066,0.0052
840,0.0460,0.0377,0.0367,0.0220,0.0073,0.0075,0.0066,0.0052
841,0.0460,0.0377,0.0367,0.0220,0.0073,0.0075,0.0066,0.0052
842,0.0460,0.0377,0.0367,0.0220,0.0073,0.0075,0.0066,0.0052
843,0.0460,0.0377,0.0367,0.0220,0.0073,0.0075,0.0066,0.0052
844,0.0460,0.0377,0.0367,0.0220,0.0073,0.0075,0.0066,0.0052
845,0.0460,0.0377,0.0367,0.0220,0.0073,0.0075,0.0066,0.0052
846,0.0460,0.0377,0.0367,0.0220,0.0073,0.0075,0.0066,0.0052
847,0.0460,0.0391,0.0378,0.0221,0.0067,0.0118,0.0106,0.0059
848,0.0460,0.0377,0.0367,0.0220,0.0073,0.0075,0.0066,0.0052
849,0.0460,0.0377,0.0367,0.0220,0.0073,0.0075,0.0066,0.0052
850,0.0460,0.0377,0.0367,0.0220,0.0073,0.0075,0.0066,0.0052
851,0.0460,0.0377,0.0367,0.0220,0.0073,0.0075,0.0066,0.0052
852,0.0460,0.0377,0.0367,0.0220,0.0073,0.0075,0.0066,0.0052
853,0.0460,0.0377,0.0367,0.0220,0.0073,0.0075,0.0066,0.0052
854,0.0460,0.0377,0.0367,0.0220,0.0073,0.0075,0.0066,0.0052
855,0.0460,0.0377,0.0367,0.0220,0.0073,0.0075,0.0066,0.0052
856,0.0460,0.0377,0.0367,0.0220,0.0073,0.0075,0.0066,0.0052
857,0.0460,0.0377,0.0367,0.0220,0.0073,0.0075,0.0066,0.0052
858,0.0460,0.0380,0.0369,0.0221,0.0067,0.0083,0.0076,0.0057
859,0.0460,0.0377,0.0367,0.0220,0.0073,0.0075,0.0066,0.0052
860,0.0460,0.0377,0.0367,0.0220,0.0073,0.0075,0.0066,0.0052
861,0.0460,0.0377,0.0367,0.0220,0.0073,0.0075,0.0066,0.0052
862,0.0460,0.0377,0.0367,0.0220,0.0073,0.0075,0.0066,0.0052
863,0.0460,0.0377,0.0367,0.0220,0.0073,0.0075,0.0066,0.0052
864,0.0460,0.0377,0.0367,0.0220,0.0073,0.0075,0.0066,0.0052
865,0.0460,0.0377,0.0367,0.0220,0.0073,0.0075,0.0066,0.0052
866,0.0460,0.0377,0.0367,0.0220,0.0073,0.0075,0.0066,0.0052
867,0.0460,0.0377,0.0367,0.0220,0.0073,0.0075,0.0066,0.0052
868,0.0460,0.0377,0.0367,0.0220,0.0073,0.0075,0.0066,0.0052
869,0.0460,0.0384,0.0369,0.0221,0.0065,0.0100,0.0074,0.0055
870,0.0460,0.0377,0.0367,0.0220,0.0073,0.0075,0.0066,0.0052
871,0.0460,0.0377,0.0367,0.0220,0.0073,0.0075,0.0066,0.0052
872,0.0460,0.0377,0.0367,0.0220,0.0073,0.0075,0.0066,0.0052
873,0.0460,0.0377,0.0367,0.0220,0.0073,0.0075,0.0066,0.0052
874,0.0460,0.0377,0.0367,0.0220,0.0073,0.0075,0.0066,0.0052
875,0.0464,0.0411,0.0398,0.0233,0.0097,0.0153,0.0146,0.0092
876,0.0464,0.0380,0.0377,0.0229,0.0100,0.0086,0.0101,0.0086
877,0.0465,0.0380,0.0384,0.0223,0.0103,0.0081,0.0120,0.0069
878,0.0465,0.0383,0.0387,0.0221,0.0103,0.0091,0.0120,0.0056
879,0.0460,0.0380,0.0369,0.0221,0.0067,0.0083,0.0076,0.0057
880,0.0460,0.0388,0.0372,0.0221,0.0064,0.0110,0.0083,0.0056
881,0.0463,0.0398,0.0393,0.0222,0.0094,0.0132,0.0131,0.0063
882,0.0462,0.0389,0.0378,0.0221,0.0090,0.0112,0.0100,0.0059
883,0.0462,0.0381,0.0371,0.0221,0.0087,0.0088,0.0083,0.0054
884,0.0461,0.0377,0.0374,0.0221,0.0085,0.0077,0.0092,0.0052
885,0.0461,0.0377,0.0373,0.0221,0.0081,0.0073,0.0087,0.0054
886,0.0459,0.0384,0.0378,0.0220,0.0069,0.0104,0.0107,0.0051
887,0.0459,0.0381,0.0384,0.0220,0.0069,0.0095,0.0124,0.0051
888,0.0459,0.0377,0.0371,0.0220,0.0062,0.0075,0.0084,0.0054
889,0.0459,0.0389,0.0375,0.0221,0.0064,0.0111,0.0095,0.0057
890,0.0460,0.0391,0.0378,0.0221,0.0067,0.0118,0.0106,0.0059
891,0.0460,0.0385,0.0376,0.0222,0.0073,0.0102,0.0090,0.0061
892,0.0460,0.0380,0.0369,0.0221,0.0067,0.0083,0.0076,0.0057
893,0.0460,0.0384,0.0369,0.0221,0.0065,0.0100,0.0074,0.0055
894,0.0460,0.0388,0.0372,0.0221,0.0064,0.0110,0.0083,0.0056
895,0.0460,0.0385,0.0376,0.0222,0.0073,0.0102,0.0090,0.0061
896,0.0464,0.0387,0.0375,0.0225,0.0100,0.0101,0.0090,0.0075
897,0.0460,0.0447,0.0436,0.0293,0.0070,0.0213,0.0204,0.0175
898,0.0459,0.0394,0.0387,0.0254,0.0064,0.0123,0.0126,0.0129
899,0.0459,0.0398,0.0394,0.0252,0.0061,0.0128,0.0135,0.0125
900,0.0460,0.0377,0.0367,0.0220,0.0073,0.0080,0.0064,0.0053
901,0.0460,0.0377,0.0367,0.0220,0.0073,0.0080,0.0064,0.0053
902,0.0460,0.0377,0.0367,0.0220,0.0073,0.0080,0.0064,0.0053
903,0.0459,0.0383,0.0376,0.0220,0.0071,0.0098,0.0100,0.0052
904,0.0459,0.0383,0.0376,0.0220,0.0071,0.0098,0.0100,0.0052
905,0.0459,0.0387,0.0392,0.0220,0.0070,0.0112,0.0140,0.0051
906,0.0459,0.0378,0.0375,0.0221,0.0062,0.0080,0.0099,0.0054
907,0.0459,0.0382,0.0370,0.0221,0.0063,0.0093,0.0079,0.0058
908,0.0460,0.0390,0.0378,0.0221,0.0067,0.0115,0.0108,0.0060
909,0.0460,0.0383,0.0369,0.0221,0.0068,0.0100,0.0077,0.0057
910,0.0460,0.0386,0.0369,0.0221,0.0066,0.0108,0.0073,0.0057
911,0.0460,0.0392,0.0370,0.0221,0.0066,0.0122,0.0077,0.0057
912,0.0461,0.0384,0.0372,0.0222,0.0075,0.0101,0.0078,0.0063
913,0.0464,0.0385,0.0373,0.0225,0.0103,0.0093,0.0082,0.0077
914,0.0459,0.0387,0.0392,0.0220,0.0070,0.0112,0.0140,0.0051
915,0.0460,0.0469,0.0453,0.0312,0.0070,0.0239,0.0226,0.0194
916,0.0459,0.0405,0.0399,0.0267,0.0065,0.0148,0.0151,0.0145
917,0.0459,0.0409,0.0406,0.0262,0.0060,0.0157,0.0164,0.0140
918,0.0459,0.0425,0.0433,0.0267,0.0061,0.0183,0.0204,0.0147
919,0.0459,0.0426,0.0439,0.0259,0.0065,0.0187,0.0212,0.0138
920,0.0459,0.0391,0.0395,0.0237,0.0067,0.0122,0.0144,0.0105
921,0.0459,0.0380,0.0379,0.0225,0.0069,0.0087,0.0105,0.0077
922,0.0459,0.0381,0.0379,0.0221,0.0068,0.0089,0.0106,0.0056
923,0.0459,0.0380,0.0377,0.0221,0.0066,0.0089,0.0101,0.0055
924,0.0459,0.0384,0.0375,0.0220,0.0067,0.0105,0.0101,0.0053
925,0.0459,0.0378,0.0375,0.0221,0.0062,0.0080,0.0099,0.0054
926,0.0460,0.0375,0.0367,0.0221,0.0077,0.0064,0.0067,0.0056
927,0.0460,0.0379,0.0379,0.0222,0.0077,0.0081,0.0111,0.0066
928,0.0460,0.0380,0.0378,0.0227,0.0071,0.0082,0.0107,0.0082
929,0.0459,0.0381,0.0373,0.0235,0.0064,0.0089,0.0083,0.0101
930,0.0459,0.0382,0.0371,0.0243,0.0064,0.0096,0.0081,0.0113
931,0.0459,0.0382,0.0372,0.0245,0.0067,0.0094,0.0080,0.0115
932,0.0460,0.0389,0.0387,0.0241,0.0069,0.0100,0.0121,0.0110
933,0.0460,0.0409,0.0422,0.0239,0.0071,0.0150,0.0186,0.0106
934,0.0460,0.0417,0.0436,0.0248,0.0068,0.0159,0.0202,0.0122
935,0.0460,0.0402,0.0387,0.0322,0.0064,0.0141,0.0107,0.0199
936,0.0459,0.0382,0.0370,0.0221,0.0063,0.0093,0.0079,0.0058
937,0.0460,0.0377,0.0367,0.0220,0.0073,0.0080,0.0064,0.0053
938,0.0460,0.0377,0.0367,0.0220,0.0073,0.0080,0.0064,0.0053
939,0.0460,0.0377,0.0367,0.0220,0.0073,0.0080,0.0064,0.0053
940,0.0460,0.0377,0.0367,0.0220,0.0073,0.0080,0.0064,0.0053
941,0.0460,0.0377,0.0367,0.0220,0.0073,0.0080,0.0064,0.0053
942,0.0460,0.0377,0.0367,0.0220,0.0073,0.0080,0.0064,0.0053
943,0.0460,0.0377,0.0367,0.0220,0.0073,0.0080,0.0064,0.0053
944,0.0460,0.0377,0.0367,0.0220,0.0073,0.0080,0.0064,0.0053
945,0.0460,0.0377,0.0367,0.0220,0.0073,0.0080,0.0064,0.0053
946,0.0460,0.0377,0.0367,0.0220,0.0073,0.0080,0.0064,0.0053
947,0.0460,0.0390,0.0378,0.0221,0.0067,0.0115,0.0108,0.0060
948,0.0460,0.0377,0.0367,0.0220,0.0073,0.0080,0.0064,0.0053
949,0.0460,0.0377,0.0367,0.0220,0.0073,0.0080,0.0064,0.0053
950,0.0460,0.0377,0.0367,0.0220,0.0073,0.0080,0.0064,0.0053
951,0.0460,0.0377,0.0367,0.0220,0.0073,0.0080,0.0064,0.0053
952,0.0460,0.0377,0.0367,0.0220,0.0073,0.0080,0.0064,0.0053
953,0.0460,0.0377,0.0367,0.0220,0.0073,0.0080,0.0064,0.0053
954,0.0460,0.0377,0.0367,0.0220,0.0073,0.0080,0.0064,0.0053
955,0.0460,0.0377,0.0367,0.0220,0.0073,0.0080,0.0064,0.0053
956,0.0460,0.0377,0.0367,0.0220,0.0073,0.0080,0.0064,0.0053
957,0.0460,0.0377,0.0367,0.0220,0.0073,0.0080,0.0064,0.0053
958,0.0460,0.0383,0.0369,0.0221,0.0068,0.0100,0.0077,0.0057
959,0.0460,0.0377,0.0367,0.0220,0.0073,0.0080,0.0064,0.0053
960,0.0460,0.0377,0.0367,0.0220,0.0073,0.0080,0.0064,0.0053
961,0.0460,0.0377,0.0367,0.0220,0.0073,0.0080,0.0064,0.0053
962,0.0460,0.0377,0.0367,0.0220,0.0073,0.0080,0.0064,0.0053
963,0.0460,0.0377,0.0367,0.0220,0.0073,0.0080,0.0064,0.0053
964,0.0460,0.0377,0.0367,0.0220,0.0073,0.0080,0.0064,0.0053
965,0.0460,0.0377,0.0367,0.0220,0.0073,0.0080,0.0064,0.0053
966,0.0460,0.0377,0.0367,0.0220,0.0073,0.0080,0.0064,0.0053
967,0.0460,0.0377,0.0367,0.0220,0.0073,0.0080,0.0064,0.0053
968,0.0460,0.0377,0.0367,0.0220,0.0073,0.0080,0.0064,0.0053
969,0.0460,0.0386,0.0369,0.0221,0.0066,0.0108,0.0073,0.0057
970,0.0460,0.0377,0.0367,0.0220,0.0073,0.0080,0.0064,0.0053
971,0.0460,0.0377,0.0367,0.0220,0.0073,0.0080,0.0064,0.0053
972,0.0460,0.0377,0.0367,0.0220,0.0073,0.0080,0.0064,0.0053
973,0.0460,0.0377,0.0367,0.0220,0.0073,0.0080,0.0064,0.0053
974,0.0460,0.0377,0.0367,0.0220,0.0073,0.0080,0.0064,0.0053
975,0.0463,0.0414,0.0410,0.0234,0.0094,0.0157,0.0164,0.0094
976,0.0464,0.0384,0.0389,0.0229,0.0099,0.0101,0.0129,0.0086
977,0.0465,0.0382,0.0391,0.0223,0.0102,0.0089,0.0137,0.0067
978,0.0465,0.0384,0.0392,0.0221,0.0102,0.0101,0.0139,0.0058
979,0.0460,0.0383,0.0369,0.0221,0.0068,0.0100,0.0077,0.0057
980,0.0460,0.0392,0.0370,0.0221,0.0066,0.0122,0.0077,0.0057
981,0.0463,0.0399,0.0396,0.0222,0.0095,0.0140,0.0143,0.0065
982,0.0463,0.0388,0.0378,0.0221,0.0091,0.0108,0.0098,0.0060
983,0.0462,0.0381,0.0373,0.0221,0.0087,0.0086,0.0093,0.0055
984,0.0461,0.0377,0.0376,0.0221,0.0085,0.0080,0.0097,0.0052
985,0.0461,0.0376,0.0370,0.0221,0.0081,0.0068,0.0078,0.0054
986,0.0459,0.0383,0.0376,0.0220,0.0071,0.0098,0.0100,0.0052
987,0.0459,0.0387,0.0392,0.0220,0.0070,0.0112,0.0140,0.0051
988,0.0459,0.0378,0.0375,0.0221,0.0062,0.0080,0.0099,0.0054
989,0.0459,0.0382,0.0370,0.0221,0.0063,0.0093,0.0079,0.0058
990,0.0460,0.0390,0.0378,0.0221,0.0067,0.0115,0.0108,0.0060
991,0.0461,0.0384,0.0372,0.0222,0.0075,0.0101,0.0078,0.0063
992,0.0460,0.0383,0.0369,0.0221,0.0068,0.0100,0.0077,0.0057
993,0.0460,0.0386,0.0369,0.0221,0.0066,0.0108,0.0073,0.0057
994,0.0460,0.0392,0.0370,0.0221,0.0066,0.0122,0.0077,0.0057
995,0.0461,0.0384,0.0372,0.0222,0.0075,0.0101,0.0078,0.0063
996,0.0464,0.0385,0.0373,0.0225,0.0103,0.0093,0.0082,0.0077
997,0.0460,0.0469,0.0453,0.0312,0.0070,0.0239,0.0226,0.0194
998,0.0459,0.0405,0.0399,0.0267,0.0065,0.0148,0.0151,0.0145
999,0.0459,0.0409,0.0406,0.0262,0.0060,0.0157,0.0164,0.0140
1000,0.0459,0.0391,0.0372,0.0221,0.0062,0.0094,0.0076,0.0057
1001,0.0459,0.0391,0.0372,0.0221,0.0062,0.0094,0.0076,0.0057
1002,0.0459,0.0391,0.0372,0.0221,0.0062,0.0094,0.0076,0.0057
1003,0.0459,0.0406,0.0401,0.0221,0.0069,0.0133,0.0140,0.0054
1004,0.0459,0.0406,0.0401,0.0221,0.0069,0.0133,0.0140,0.0054
1005,0.0460,0.0398,0.0400,0.0221,0.0074,0.0115,0.0150,0.0053
1006,0.0460,0.0405,0.0382,0.0221,0.0071,0.0101,0.0104,0.0054
1007,0.0460,0.0423,0.0381,0.0221,0.0070,0.0133,0.0095,0.0054
1008,0.0460,0.0429,0.0387,0.0220,0.0068,0.0147,0.0111,0.0053
1009,0.0460,0.0423,0.0389,0.0220,0.0066,0.0124,0.0107,0.0051
1010,0.0460,0.0423,0.0393,0.0221,0.0069,0.0132,0.0115,0.0059
1011,0.0460,0.0438,0.0403,0.0223,0.0075,0.0149,0.0124,0.0067
1012,0.0461,0.0439,0.0404,0.0223,0.0072,0.0144,0.0123,0.0068
1013,0.0461,0.0461,0.0408,0.0223,0.0078,0.0161,0.0131,0.0066
1014,0.0460,0.0398,0.0400,0.0221,0.0074,0.0115,0.0150,0.0053
1015,0.0460,0.0451,0.0422,0.0277,0.0077,0.0181,0.0173,0.0142
1016,0.0460,0.0430,0.0404,0.0253,0.0074,0.0145,0.0144,0.0117
1017,0.0460,0.0430,0.0408,0.0254,0.0074,0.0162,0.0158,0.0124
1018,0.0460,0.0439,0.0422,0.0264,0.0074,0.0187,0.0184,0.0140
1019,0.0460,0.0448,0.0427,0.0267,0.0074,0.0204,0.0193,0.0143
1020,0.0460,0.0424,0.0398,0.0248,0.0072,0.0165,0.0147,0.0118
1021,0.0460,0.0405,0.0386,0.0228,0.0069,0.0130,0.0120,0.0084
1022,0.0460,0.0396,0.0382,0.0223,0.0069,0.0110,0.0109,0.0062
1023,0.0460,0.0393,0.0379,0.0224,0.0069,0.0100,0.0100,0.0069
1024,0.0459,0.0396,0.0380,0.0223,0.0065,0.0116,0.0111,0.0064
1025,0.0460,0.0405,0.0382,0.0221,0.0071,0.0101,0.0104,0.0054
1026,0.0459,0.0394,0.0380,0.0221,0.0065,0.0084,0.0086,0.0054
1027,0.0459,0.0403,0.0398,0.0221,0.0067,0.0110,0.0133,0.0057
1028,0.0459,0.0406,0.0397,0.0223,0.0064,0.0115,0.0125,0.0069
1029,0.0459,0.0407,0.0394,0.0226,0.0063,0.0113,0.0117,0.0080
1030,0.0459,0.0411,0.0399,0.0228,0.0065,0.0116,0.0118,0.0083
1031,0.0460,0.0429,0.0421,0.0229,0.0067,0.0132,0.0147,0.0080
1032,0.0460,0.0487,0.0481,0.0239,0.0076,0.0211,0.0224,0.0093
1033,0.0461,0.0544,0.0533,0.0262,0.0083,0.0265,0.0274,0.0123
1034,0.0461,0.0560,0.0535,0.0275,0.0084,0.0275,0.0274,0.0137
1035,0.0460,0.0499,0.0457,0.0275,0.0076,0.0199,0.0176,0.0137
1036,0.0460,0.0423,0.0381,0.0221,0.0070,0.0133,0.0095,0.0054
1037,0.0459,0.0391,0.0372,0.0221,0.0062,0.0094,0.0076,0.0057
1038,0.0459,0.0391,0.0372,0.0221,0.0062,0.0094,0.0076,0.0057
1039,0.0459,0.0391,0.0372,0.0221,0.0062,0.0094,0.0076,0.0057
1040,0.0459,0.0391,0.0372,0.0221,0.0062,0.0094,0.0076,0.0057
1041,0.0459,0.0391,0.0372,0.0221,0.0062,0.0094,0.0076,0.0057
1042,0.0459,0.0391,0.0372,0.0221,0.0062,0.0094,0.0076,0.0057
1043,0.0459,0.0391,0.0372,0.0221,0.0062,0.0094,0.0076,0.0057
1044,0.0459,0.0391,0.0372,0.0221,0.0062,0.0094,0.0076,0.0057
1045,0.0459,0.0391,0.0372,0.0221,0.0062,0.0094,0.0076,0.0057
1046,0.0459,0.0391,0.0372,0.0221,0.0062,0.0094,0.0076,0.0057
1047,0.0460,0.0429,0.0387,0.0220,0.0068,0.0147,0.0111,0.0053
1048,0.0459,0.0391,0.0372,0.0221,0.0062,0.0094,0.0076,0.0057
1049,0.0459,0.0391,0.0372,0.0221,0.0062,0.0094,0.0076,0.0057
1050,0.0459,0.0391,0.0372,0.0221,0.0062,0.0094,0.0076,0.0057
1051,0.0459,0.0391,0.0372,0.0221,0.0062,0.0094,0.0076,0.0057
1052,0.0459,0.0391,0.0372,0.0221,0.0062,0.0094,0.0076,0.0057
1053,0.0459,0.0391,0.0372,0.0221,0.0062,0.0094,0.0076,0.0057
1054,0.0459,0.0391,0.0372,0.0221,0.0062,0.0094,0.0076,0.0057
1055,0.0459,0.0391,0.0372,0.0221,0.0062,0.0094,0.0076,0.0057
1056,0.0459,0.0391,0.0372,0.0221,0.0062,0.0094,0.0076,0.0057
1057,0.0459,0.0391,0.0372,0.0221,0.0062,0.0094,0.0076,0.0057
1058,0.0460,0.0423,0.0389,0.0220,0.0066,0.0124,0.0107,0.0051
1059,0.0459,0.0391,0.0372,0.0221,0.0062,0.0094,0.0076,0.0057
1060,0.0459,0.0391,0.0372,0.0221,0.0062,0.0094,0.0076,0.0057
1061,0.0459,0.0391,0.0372,0.0221,0.0062,0.0094,0.0076,0.0057
1062,0.0459,0.0391,0.0372,0.0221,0.0062,0.0094,0.0076,0.0057
1063,0.0459,0.0391,0.0372,0.0221,0.0062,0.0094,0.0076,0.0057
1064,0.0459,0.0391,0.0372,0.0221,0.0062,0.0094,0.0076,0.0057
1065,0.0459,0.0391,0.0372,0.0221,0.0062,0.0094,0.0076,0.0057
1066,0.0459,0.0391,0.0372,0.0221,0.0062,0.0094,0.0076,0.0057
1067,0.0459,0.0391,0.0372,0.0221,0.0062,0.0094,0.0076,0.0057
1068,0.0459,0.0391,0.0372,0.0221,0.0062,0.0094,0.0076,0.0057
1069,0.0460,0.0423,0.0393,0.0221,0.0069,0.0132,0.0115,0.0059
1070,0.0459,0.0391,0.0372,0.0221,0.0062,0.0094,0.0076,0.0057
1071,0.0459,0.0391,0.0372,0.0221,0.0062,0.0094,0.0076,0.0057
1072,0.0459,0.0391,0.0372,0.0221,0.0062,0.0094,0.0076,0.0057
1073,0.0459,0.0391,0.0372,0.0221,0.0062,0.0094,0.0076,0.0057
1074,0.0459,0.0391,0.0372,0.0221,0.0062,0.0094,0.0076,0.0057
1075,0.0465,0.0406,0.0410,0.0234,0.0106,0.0141,0.0157,0.0097
1076,0.0464,0.0388,0.0415,0.0229,0.0100,0.0092,0.0157,0.0083
1077,0.0463,0.0390,0.0406,0.0224,0.0094,0.0100,0.0151,0.0069
1078,0.0462,0.0388,0.0392,0.0222,0.0088,0.0094,0.0136,0.0061
1079,0.0460,0.0423,0.0389,0.0220,0.0066,0.0124,0.0107,0.0051
1080,0.0460,0.0438,0.0403,0.0223,0.0075,0.0149,0.0124,0.0067
1081,0.0460,0.0395,0.0389,0.0221,0.0074,0.0118,0.0126,0.0056
1082,0.0459,0.0392,0.0378,0.0221,0.0068,0.0114,0.0099,0.0055
1083,0.0459,0.0389,0.0377,0.0221,0.0063,0.0099,0.0100,0.0057
1084,0.0459,0.0390,0.0384,0.0221,0.0061,0.0090,0.0106,0.0059
1085,0.0459,0.0390,0.0380,0.0221,0.0061,0.0084,0.0094,0.0059
1086,0.0459,0.0406,0.0401,0.0221,0.0069,0.0133,0.0140,0.0054
1087,0.0460,0.0398,0.0400,0.0221,0.0074,0.0115,0.0150,0.0053
1088,0.0460,0.0405,0.0382,0.0221,0.0071,0.0101,0.0104,0.0054
1089,0.0460,0.0423,0.0381,0.0221,0.0070,0.0133,0.0095,0.0054
1090,0.0460,0.0429,0.0387,0.0220,0.0068,0.0147,0.0111,0.0053
1091,0.0461,0.0439,0.0404,0.0223,0.0072,0.0144,0.0123,0.0068
1092,0.0460,0.0423,0.0389,0.0220,0.0066,0.0124,0.0107,0.0051
1093,0.0460,0.0423,0.0393,0.0221,0.0069,0.0132,0.0115,0.0059
1094,0.0460,0.0438,0.0403,0.0223,0.0075,0.0149,0.0124,0.0067
1095,0.0461,0.0439,0.0404,0.0223,0.0072,0.0144,0.0123,0.0068
1096,0.0461,0.0461,0.0408,0.0223,0.0078,0.0161,0.0131,0.0066
1097,0.0460,0.0451,0.0422,0.0277,0.0077,0.0181,0.0173,0.0142
1098,0.0460,0.0430,0.0404,0.0253,0.0074,0.0145,0.0144,0.0117
1099,0.0460,0.0430,0.0408,0.0254,0.0074,0.0162,0.0158,0.0124
1100,0.0459,0.0386,0.0372,0.0221,0.0061,0.0086,0.0075,0.0054
1101,0.0459,0.0386,0.0372,0.0221,0.0061,0.0086,0.0075,0.0054
1102,0.0459,0.0386,0.0372,0.0221,0.0061,0.0086,0.0075,0.0054
1103,0.0459,0.0393,0.0383,0.0220,0.0066,0.0113,0.0116,0.0052
1104,0.0459,0.0393,0.0383,0.0220,0.0066,0.0113,0.0116,0.0052
1105,0.0460,0.0388,0.0384,0.0220,0.0071,0.0096,0.0124,0.0051
1106,0.0459,0.0399,0.0375,0.0220,0.0068,0.0106,0.0088,0.0053
1107,0.0459,0.0419,0.0380,0.0220,0.0068,0.0137,0.0094,0.0053
1108,0.0460,0.0426,0.0386,0.0220,0.0067,0.0155,0.0107,0.0052
1109,0.0460,0.0408,0.0382,0.0220,0.0065,0.0115,0.0100,0.0051
1110,0.0460,0.0408,0.0382,0.0221,0.0069,0.0118,0.0100,0.0058
1111,0.0460,0.0421,0.0394,0.0222,0.0074,0.0138,0.0116,0.0065
1112,0.0460,0.0421,0.0395,0.0222,0.0070,0.0133,0.0116,0.0065
1113,0.0461,0.0437,0.0397,0.0222,0.0075,0.0150,0.0122,0.0062
1114,0.0460,0.0388,0.0384,0.0220,0.0071,0.0096,0.0124,0.0051
1115,0.0460,0.0438,0.0422,0.0268,0.0077,0.0177,0.0180,0.0133
1116,0.0460,0.0415,0.0396,0.0248,0.0074,0.0135,0.0135,0.0113
1117,0.0460,0.0418,0.0402,0.0252,0.0073,0.0153,0.0150,0.0122
1118,0.0460,0.0422,0.0412,0.0258,0.0072,0.0168,0.0169,0.0133
1119,0.0460,0.0438,0.0425,0.0264,0.0072,0.0194,0.0191,0.0140
1120,0.0460,0.0419,0.0400,0.0247,0.0070,0.0160,0.0151,0.0116
1121,0.0459,0.0393,0.0380,0.0227,0.0067,0.0113,0.0107,0.0081
1122,0.0459,0.0389,0.0378,0.0222,0.0068,0.0095,0.0094,0.0061
1123,0.0459,0.0388,0.0377,0.0223,0.0066,0.0094,0.0096,0.0065
1124,0.0459,0.0390,0.0377,0.0222,0.0063,0.0106,0.0101,0.0060
1125,0.0459,0.0399,0.0375,0.0220,0.0068,0.0106,0.0088,0.0053
1126,0.0459,0.0389,0.0378,0.0221,0.0066,0.0078,0.0089,0.0054
1127,0.0459,0.0396,0.0394,0.0221,0.0069,0.0104,0.0133,0.0056
1128,0.0459,0.0399,0.0396,0.0223,0.0065,0.0111,0.0135,0.0067
1129,0.0459,0.0399,0.0392,0.0226,0.0062,0.0103,0.0120,0.0078
1130,0.0459,0.0402,0.0391,0.0228,0.0064,0.0107,0.0109,0.0084
1131,0.0460,0.0415,0.0407,0.0228,0.0069,0.0123,0.0137,0.0079
1132,0.0460,0.0468,0.0466,0.0234,0.0079,0.0203,0.0217,0.0087
1133,0.0461,0.0522,0.0517,0.0252,0.0084,0.0256,0.0268,0.0113
1134,0.0461,0.0527,0.0512,0.0259,0.0085,0.0258,0.0264,0.0123
1135,0.0460,0.0462,0.0432,0.0261,0.0077,0.0174,0.0156,0.0124
1136,0.0459,0.0419,0.0380,0.0220,0.0068,0.0137,0.0094,0.0053
1137,0.0459,0.0386,0.0372,0.0221,0.0061,0.0086,0.0075,0.0054
1138,0.0459,0.0386,0.0372,0.0221,0.0061,0.0086,0.0075,0.0054
1139,0.0459,0.0386,0.0372,0.0221,0.0061,0.0086,0.0075,0.0054
1140,0.0459,0.0386,0.0372,0.0221,0.0061,0.0086,0.0075,0.0054
1141,0.0459,0.0386,0.0372,0.0221,0.0061,0.0086,0.0075,0.0054
1142,0.0459,0.0386,0.0372,0.0221,0.0061,0.0086,0.0075,0.0054
1143,0.0459,0.0386,0.0372,0.0221,0.0061,0.0086,0.0075,0.0054
1144,0.0459,0.0386,0.0372,0.0221,0.0061,0.0086,0.0075,0.0054
1145,0.0459,0.0386,0.0372,0.0221,0.0061,0.0086,0.0075,0.0054
1146,0.0459,0.0386,0.0372,0.0221,0.0061,0.0086,0.0075,0.0054
1147,0.0460,0.0426,0.0386,0.0220,0.0067,0.0155,0.0107,0.0052
1148,0.0459,0.0386,0.0372,0.0221,0.0061,0.0086,0.0075,0.0054
1149,0.0459,0.0386,0.0372,0.0221,0.0061,0.0086,0.0075,0.0054
1150,0.0459,0.0386,0.0372,0.0221,0.0061,0.0086,0.0075,0.0054
1151,0.0459,0.0386,0.0372,0.0221,0.0061,0.0086,0.0075,0.0054
1152,0.0459,0.0386,0.0372,0.0221,0.0061,0.0086,0.0075,0.0054
1153,0.0459,0.0386,0.0372,0.0221,0.0061,0.0086,0.0075,0.0054
1154,0.0459,0.0386,0.0372,0.0221,0.0061,0.0086,0.0075,0.0054
1155,0.0459,0.0386,0.0372,0.0221,0.0061,0.0086,0.0075,0.0054
1156,0.0459,0.0386,0.0372,0.0221,0.0061,0.0086,0.0075,0.0054
1157,0.0459,0.0386,0.0372,0.0221,0.0061,0.0086,0.0075,0.0054
1158,0.0460,0.0408,0.0382,0.0220,0.0065,0.0115,0.0100,0.0051
1159,0.0459,0.0386,0.0372,0.0221,0.0061,0.0086,0.0075,0.0054
1160,0.0459,0.0386,0.0372,0.0221,0.0061,0.0086,0.0075,0.0054
1161,0.0459,0.0386,0.0372,0.0221,0.0061,0.0086,0.0075,0.0054
1162,0.0459,0.0386,0.0372,0.0221,0.0061,0.0086,0.0075,0.0054
1163,0.0459,0.0386,0.0372,0.0221,0.0061,0.0086,0.0075,0.0054
1164,0.0459,0.0386,0.0372,0.0221,0.0061,0.0086,0.0075,0.0054
1165,0.0459,0.0386,0.0372,0.0221,0.0061,0.0086,0.0075,0.0054
1166,0.0459,0.0386,0.0372,0.0221,0.0061,0.0086,0.0075,0.0054
1167,0.0459,0.0386,0.0372,0.0221,0.0061,0.0086,0.0075,0.0054
1168,0.0459,0.0386,0.0372,0.0221,0.0061,0.0086,0.0075,0.0054
1169,0.0460,0.0408,0.0382,0.0221,0.0069,0.0118,0.0100,0.0058
1170,0.0459,0.0386,0.0372,0.0221,0.0061,0.0086,0.0075,0.0054
1171,0.0459,0.0386,0.0372,0.0221,0.0061,0.0086,0.0075,0.0054
1172,0.0459,0.0386,0.0372,0.0221,0.0061,0.0086,0.0075,0.0054
1173,0.0459,0.0386,0.0372,0.0221,0.0061,0.0086,0.0075,0.0054
1174,0.0459,0.0386,0.0372,0.0221,0.0061,0.0086,0.0075,0.0054
1175,0.0464,0.0409,0.0391,0.0233,0.0100,0.0145,0.0127,0.0093
1176,0.0463,0.0385,0.0398,0.0228,0.0095,0.0090,0.0135,0.0081
1177,0.0462,0.0386,0.0390,0.0224,0.0090,0.0094,0.0130,0.0068
1178,0.0462,0.0385,0.0383,0.0221,0.0086,0.0089,0.0117,0.0058
1179,0.0460,0.0408,0.0382,0.0220,0.0065,0.0115,0.0100,0.0051
1180,0.0460,0.0421,0.0394,0.0222,0.0074,0.0138,0.0116,0.0065
1181,0.0460,0.0393,0.0387,0.0221,0.0074,0.0115,0.0118,0.0054
1182,0.0459,0.0390,0.0377,0.0221,0.0068,0.0114,0.0097,0.0053
1183,0.0459,0.0386,0.0379,0.0221,0.0065,0.0097,0.0111,0.0053
1184,0.0459,0.0385,0.0380,0.0221,0.0063,0.0087,0.0101,0.0056
1185,0.0459,0.0385,0.0376,0.0221,0.0062,0.0079,0.0087,0.0056
1186,0.0459,0.0393,0.0383,0.0220,0.0066,0.0113,0.0116,0.0052
1187,0.0460,0.0388,0.0384,0.0220,0.0071,0.0096,0.0124,0.0051
1188,0.0459,0.0399,0.0375,0.0220,0.0068,0.0106,0.0088,0.0053
1189,0.0459,0.0419,0.0380,0.0220,0.0068,0.0137,0.0094,0.0053
1190,0.0460,0.0426,0.0386,0.0220,0.0067,0.0155,0.0107,0.0052
1191,0.0460,0.0421,0.0395,0.0222,0.0070,0.0133,0.0116,0.0065
1192,0.0460,0.0408,0.0382,0.0220,0.0065,0.0115,0.0100,0.0051
1193,0.0460,0.0408,0.0382,0.0221,0.0069,0.0118,0.0100,0.0058
1194,0.0460,0.0421,0.0394,0.0222,0.0074,0.0138,0.0116,0.0065
1195,0.0460,0.0421,0.0395,0.0222,0.0070,0.0133,0.0116,0.0065
1196,0.0461,0.0437,0.0397,0.0222,0.0075,0.0150,0.0122,0.0062
1197,0.0460,0.0438,0.0422,0.0268,0.0077,0.0177,0.0180,0.0133
1198,0.0460,0.0415,0.0396,0.0248,0.0074,0.0135,0.0135,0.0113
1199,0.0460,0.0418,0.0402,0.0252,0.0073,0.0153,0.0150,0.0122
1200,0.0459,0.0379,0.0369,0.0220,0.0062,0.0076,0.0073,0.0051
1201,0.0459,0.0379,0.0369,0.0220,0.0062,0.0076,0.0073,0.0051
1202,0.0459,0.0379,0.0369,0.0220,0.0062,0.0076,0.0073,0.0051
1203,0.0459,0.0383,0.0376,0.0220,0.0063,0.0098,0.0101,0.0049
1204,0.0459,0.0383,0.0376,0.0220,0.0063,0.0098,0.0101,0.0049
1205,0.0459,0.0381,0.0381,0.0220,0.0066,0.0090,0.0115,0.0049
1206,0.0459,0.0387,0.0371,0.0220,0.0065,0.0097,0.0082,0.0051
1207,0.0459,0.0410,0.0382,0.0220,0.0064,0.0142,0.0111,0.0052
1208,0.0459,0.0404,0.0379,0.0220,0.0064,0.0136,0.0100,0.0052
1209,0.0460,0.0388,0.0372,0.0220,0.0063,0.0096,0.0083,0.0050
1210,0.0460,0.0388,0.0372,0.0221,0.0068,0.0102,0.0084,0.0056
1211,0.0460,0.0395,0.0376,0.0222,0.0072,0.0119,0.0094,0.0061
1212,0.0460,0.0393,0.0380,0.0221,0.0066,0.0109,0.0102,0.0059
1213,0.0461,0.0406,0.0382,0.0221,0.0077,0.0126,0.0103,0.0055
1214,0.0459,0.0381,0.0381,0.0220,0.0066,0.0090,0.0115,0.0049
1215,0.0460,0.0430,0.0425,0.0274,0.0077,0.0185,0.0185,0.0149
1216,0.0460,0.0398,0.0391,0.0251,0.0073,0.0130,0.0132,0.0121
1217,0.0460,0.0401,0.0394,0.0251,0.0071,0.0136,0.0138,0.0123
1218,0.0460,0.0416,0.0415,0.0260,0.0070,0.0167,0.0174,0.0135
1219,0.0459,0.0417,0.0418,0.0257,0.0067,0.0170,0.0180,0.0133
1220,0.0459,0.0404,0.0398,0.0243,0.0065,0.0142,0.0146,0.0112
1221,0.0459,0.0384,0.0377,0.0225,0.0063,0.0094,0.0097,0.0078
1222,0.0459,0.0382,0.0376,0.0221,0.0063,0.0085,0.0093,0.0058
1223,0.0459,0.0381,0.0374,0.0221,0.0062,0.0085,0.0089,0.0060
1224,0.0459,0.0384,0.0374,0.0221,0.0058,0.0097,0.0093,0.0056
1225,0.0459,0.0387,0.0371,0.0220,0.0065,0.0097,0.0082,0.0051
1226,0.0459,0.0382,0.0379,0.0221,0.0069,0.0081,0.0104,0.0054
1227,0.0460,0.0389,0.0393,0.0221,0.0072,0.0109,0.0140,0.0056
1228,0.0459,0.0390,0.0392,0.0223,0.0068,0.0108,0.0135,0.0068
1229,0.0459,0.0386,0.0381,0.0227,0.0065,0.0090,0.0107,0.0081
1230,0.0459,0.0386,0.0379,0.0229,0.0067,0.0092,0.0100,0.0085
1231,0.0460,0.0393,0.0388,0.0227,0.0074,0.0109,0.0119,0.0080
1232,0.0461,0.0427,0.0428,0.0226,0.0082,0.0172,0.0187,0.0074
1233,0.0461,0.0466,0.0471,0.0234,0.0086,0.0220,0.0237,0.0089
1234,0.0461,0.0458,0.0459,0.0236,0.0087,0.0209,0.0224,0.0091
1235,0.0460,0.0406,0.0395,0.0255,0.0078,0.0130,0.0122,0.0125
1236,0.0459,0.0410,0.0382,0.0220,0.0064,0.0142,0.0111,0.0052
1237,0.0459,0.0379,0.0369,0.0220,0.0062,0.0076,0.0073,0.0051
1238,0.0459,0.0379,0.0369,0.0220,0.0062,0.0076,0.0073,0.0051
1239,0.0459,0.0379,0.0369,0.0220,0.0062,0.0076,0.0073,0.0051
1240,0.0459,0.0379,0.0369,0.0220,0.0062,0.0076,0.0073,0.0051
1241,0.0459,0.0379,0.0369,0.0220,0.0062,0.0076,0.0073,0.0051
1242,0.0459,0.0379,0.0369,0.0220,0.0062,0.0076,0.0073,0.0051
1243,0.0459,0.0379,0.0369,0.0220,0.0062,0.0076,0.0073,0.0051
1244,0.0459,0.0379,0.0369,0.0220,0.0062,0.0076,0.0073,0.0051
1245,0.0459,0.0379,0.0369,0.0220,0.0062,0.0076,0.0073,0.0051
1246,0.0459,0.0379,0.0369,0.0220,0.0062,0.0076,0.0073,0.0051
1247,0.0459,0.0404,0.0379,0.0220,0.0064,0.0136,0.0100,0.0052
1248,0.0459,0.0379,0.0369,0.0220,0.0062,0.0076,0.0073,0.0051
1249,0.0459,0.0379,0.0369,0.0220,0.0062,0.0076,0.0073,0.0051
1250,0.0459,0.0379,0.0369,0.0220,0.0062,0.0076,0.0073,0.0051
1251,0.0459,0.0379,0.0369,0.0220,0.0062,0.0076,0.0073,0.0051
1252,0.0459,0.0379,0.0369,0.0220,0.0062,0.0076,0.0073,0.0051
1253,0.0459,0.0379,0.0369,0.0220,0.0062,0.0076,0.0073,0.0051
1254,0.0459,0.0379,0.0369,0.0220,0.0062,0.0076,0.0073,0.0051
1255,0.0459,0.0379,0.0369,0.0220,0.0062,0.0076,0.0073,0.0051
1256,0.0459,0.0379,0.0369,0.0220,0.0062,0.0076,0.0073,0.0051
1257,0.0459,0.0379,0.0369,0.0220,0.0062,0.0076,0.0073,0.0051
1258,0.0460,0.0388,0.0372,0.0220,0.0063,0.0096,0.0083,0.0050
1259,0.0459,0.0379,0.0369,0.0220,0.0062,0.0076,0.0073,0.0051
1260,0.0459,0.0379,0.0369,0.0220,0.0062,0.0076,0.0073,0.0051
1261,0.0459,0.0379,0.0369,0.0220,0.0062,0.0076,0.0073,0.0051
1262,0.0459,0.0379,0.0369,0.0220,0.0062,0.0076,0.0073,0.0051
1263,0.0459,0.0379,0.0369,0.0220,0.0062,0.0076,0.0073,0.0051
1264,0.0459,0.0379,0.0369,0.0220,0.0062,0.0076,0.0073,0.0051
1265,0.0459,0.0379,0.0369,0.0220,0.0062,0.0076,0.0073,0.0051
1266,0.0459,0.0379,0.0369,0.0220,0.0062,0.0076,0.0073,0.0051
1267,0.0459,0.0379,0.0369,0.0220,0.0062,0.0076,0.0073,0.0051
1268,0.0459,0.0379,0.0369,0.0220,0.0062,0.0076,0.0073,0.0051
1269,0.0460,0.0388,0.0372,0.0221,0.0068,0.0102,0.0084,0.0056
1270,0.0459,0.0379,0.0369,0.0220,0.0062,0.0076,0.0073,0.0051
1271,0.0459,0.0379,0.0369,0.0220,0.0062,0.0076,0.0073,0.0051
1272,0.0459,0.0379,0.0369,0.0220,0.0062,0.0076,0.0073,0.0051
1273,0.0459,0.0379,0.0369,0.0220,0.0062,0.0076,0.0073,0.0051
1274,0.0459,0.0379,0.0369,0.0220,0.0062,0.0076,0.0073,0.0051
1275,0.0463,0.0415,0.0376,0.0231,0.0090,0.0153,0.0094,0.0086
1276,0.0461,0.0383,0.0372,0.0228,0.0086,0.0097,0.0081,0.0078
1277,0.0461,0.0381,0.0374,0.0224,0.0084,0.0082,0.0091,0.0067
1278,0.0461,0.0382,0.0378,0.0221,0.0082,0.0086,0.0101,0.0056
1279,0.0460,0.0388,0.0372,0.0220,0.0063,0.0096,0.0083,0.0050
1280,0.0460,0.0395,0.0376,0.0222,0.0072,0.0119,0.0094,0.0061
1281,0.0460,0.0392,0.0386,0.0221,0.0074,0.0116,0.0115,0.0060
1282,0.0460,0.0386,0.0376,0.0221,0.0069,0.0105,0.0094,0.0058
1283,0.0459,0.0382,0.0375,0.0221,0.0067,0.0090,0.0099,0.0055
1284,0.0459,0.0381,0.0379,0.0221,0.0066,0.0090,0.0103,0.0053
1285,0.0459,0.0380,0.0377,0.0220,0.0066,0.0084,0.0096,0.0053
1286,0.0459,0.0383,0.0376,0.0220,0.0063,0.0098,0.0101,0.0049
1287,0.0459,0.0381,0.0381,0.0220,0.0066,0.0090,0.0115,0.0049
1288,0.0459,0.0387,0.0371,0.0220,0.0065,0.0097,0.0082,0.0051
1289,0.0459,0.0410,0.0382,0.0220,0.0064,0.0142,0.0111,0.0052
1290,0.0459,0.0404,0.0379,0.0220,0.0064,0.0136,0.0100,0.0052
1291,0.0460,0.0393,0.0380,0.0221,0.0066,0.0109,0.0102,0.0059
1292,0.0460,0.0388,0.0372,0.0220,0.0063,0.0096,0.0083,0.0050
1293,0.0460,0.0388,0.0372,0.0221,0.0068,0.0102,0.0084,0.0056
1294,0.0460,0.0395,0.0376,0.0222,0.0072,0.0119,0.0094,0.0061
1295,0.0460,0.0393,0.0380,0.0221,0.0066,0.0109,0.0102,0.0059
1296,0.0461,0.0406,0.0382,0.0221,0.0077,0.0126,0.0103,0.0055
1297,0.0460,0.0430,0.0425,0.0274,0.0077,0.0185,0.0185,0.0149
1298,0.0460,0.0398,0.0391,0.0251,0.0073,0.0130,0.0132,0.0121
1299,0.0460,0.0401,0.0394,0.0251,0.0071,0.0136,0.0138,0.0123
1300,0.0459,0.0377,0.0367,0.0220,0.0065,0.0077,0.0065,0.0051
1301,0.0459,0.0377,0.0367,0.0220,0.0065,0.0077,0.0065,0.0051
1302,0.0459,0.0377,0.0367,0.0220,0.0065,0.0077,0.0065,0.0051
1303,0.0459,0.0382,0.0376,0.0220,0.0066,0.0096,0.0101,0.0049
1304,0.0459,0.0382,0.0376,0.0220,0.0066,0.0096,0.0101,0.0049
1305,0.0460,0.0379,0.0381,0.0220,0.0071,0.0086,0.0118,0.0049
1306,0.0459,0.0378,0.0371,0.0220,0.0067,0.0076,0.0081,0.0050
1307,0.0459,0.0390,0.0374,0.0220,0.0063,0.0113,0.0093,0.0053
1308,0.0459,0.0391,0.0374,0.0220,0.0062,0.0115,0.0090,0.0053
1309,0.0460,0.0380,0.0369,0.0220,0.0063,0.0085,0.0076,0.0050
1310,0.0460,0.0389,0.0372,0.0221,0.0068,0.0115,0.0087,0.0054
1311,0.0460,0.0392,0.0372,0.0221,0.0070,0.0120,0.0087,0.0059
1312,0.0460,0.0386,0.0374,0.0221,0.0063,0.0106,0.0091,0.0056
1313,0.0461,0.0389,0.0374,0.0221,0.0082,0.0104,0.0086,0.0058
1314,0.0460,0.0379,0.0381,0.0220,0.0071,0.0086,0.0118,0.0049
1315,0.0460,0.0454,0.0443,0.0301,0.0078,0.0219,0.0211,0.0182
1316,0.0460,0.0399,0.0393,0.0262,0.0073,0.0135,0.0137,0.0138
1317,0.0460,0.0400,0.0396,0.0258,0.0070,0.0136,0.0143,0.0133
1318,0.0460,0.0422,0.0426,0.0267,0.0069,0.0175,0.0193,0.0146
1319,0.0459,0.0420,0.0429,0.0259,0.0065,0.0175,0.0197,0.0138
1320,0.0459,0.0394,0.0396,0.0240,0.0062,0.0126,0.0144,0.0110
1321,0.0459,0.0380,0.0377,0.0225,0.0059,0.0085,0.0096,0.0078
1322,0.0459,0.0381,0.0377,0.0221,0.0059,0.0089,0.0101,0.0057
1323,0.0459,0.0382,0.0378,0.0221,0.0058,0.0095,0.0106,0.0054
1324,0.0459,0.0381,0.0372,0.0221,0.0057,0.0092,0.0087,0.0053
1325,0.0459,0.0378,0.0371,0.0220,0.0067,0.0076,0.0081,0.0050
1326,0.0460,0.0376,0.0372,0.0221,0.0071,0.0067,0.0090,0.0053
1327,0.0460,0.0382,0.0382,0.0221,0.0074,0.0091,0.0117,0.0061
1328,0.0460,0.0382,0.0382,0.0224,0.0071,0.0093,0.0118,0.0074
1329,0.0459,0.0380,0.0374,0.0229,0.0067,0.0081,0.0091,0.0088
1330,0.0459,0.0381,0.0372,0.0233,0.0069,0.0089,0.0084,0.0095
1331,0.0460,0.0382,0.0373,0.0232,0.0076,0.0087,0.0083,0.0093
1332,0.0461,0.0396,0.0393,0.0228,0.0081,0.0123,0.0137,0.0083
1333,0.0461,0.0420,0.0425,0.0229,0.0085,0.0168,0.0189,0.0081
1334,0.0461,0.0419,0.0425,0.0235,0.0085,0.0162,0.0184,0.0094
1335,0.0460,0.0398,0.0388,0.0277,0.0077,0.0132,0.0114,0.0155
1336,0.0459,0.0390,0.0374,0.0220,0.0063,0.0113,0.0093,0.0053
1337,0.0459,0.0377,0.0367,0.0220,0.0065,0.0077,0.0065,0.0051
1338,0.0459,0.0377,0.0367,0.0220,0.0065,0.0077,0.0065,0.0051
1339,0.0459,0.0377,0.0367,0.0220,0.0065,0.0077,0.0065,0.0051
1340,0.0459,0.0377,0.0367,0.0220,0.0065,0.0077,0.0065,0.0051
1341,0.0459,0.0377,0.0367,0.0220,0.0065,0.0077,0.0065,0.0051
1342,0.0459,0.0377,0.0367,0.0220,0.0065,0.0077,0.0065,0.0051
1343,0.0459,0.0377,0.0367,0.0220,0.0065,0.0077,0.0065,0.0051
1344,0.0459,0.0377,0.0367,0.0220,0.0065,0.0077,0.0065,0.0051
1345,0.0459,0.0377,0.0367,0.0220,0.0065,0.0077,0.0065,0.0051
1346,0.0459,0.0377,0.0367,0.0220,0.0065,0.0077,0.0065,0.0051
1347,0.0459,0.0391,0.0374,0.0220,0.0062,0.0115,0.0090,0.0053
1348,0.0459,0.0377,0.0367,0.0220,0.0065,0.0077,0.0065,0.0051
1349,0.0459,0.0377,0.0367,0.0220,0.0065,0.0077,0.0065,0.0051
1350,0.0459,0.0377,0.0367,0.0220,0.0065,0.0077,0.0065,0.0051
1351,0.0459,0.0377,0.0367,0.0220,0.0065,0.0077,0.0065,0.0051
1352,0.0459,0.0377,0.0367,0.0220,0.0065,0.0077,0.0065,0.0051
1353,0.0459,0.0377,0.0367,0.0220,0.0065,0.0077,0.0065,0.0051
1354,0.0459,0.0377,0.0367,0.0220,0.0065,0.0077,0.0065,0.0051
1355,0.0459,0.0377,0.0367,0.0220,0.0065,0.0077,0.0065,0.0051
1356,0.0459,0.0377,0.0367,0.0220,0.0065,0.0077,0.0065,0.0051
1357,0.0459,0.0377,0.0367,0.0220,0.0065,0.0077,0.0065,0.0051
1358,0.0460,0.0380,0.0369,0.0220,0.0063,0.0085,0.0076,0.0050
1359,0.0459,0.0377,0.0367,0.0220,0.0065,0.0077,0.0065,0.0051
1360,0.0459,0.0377,0.0367,0.0220,0.0065,0.0077,0.0065,0.0051
1361,0.0459,0.0377,0.0367,0.0220,0.0065,0.0077,0.0065,0.0051
1362,0.0459,0.0377,0.0367,0.0220,0.0065,0.0077,0.0065,0.0051
1363,0.0459,0.0377,0.0367,0.0220,0.0065,0.0077,0.0065,0.0051
1364,0.0459,0.0377,0.0367,0.0220,0.0065,0.0077,0.0065,0.0051
1365,0.0459,0.0377,0.0367,0.0220,0.0065,0.0077,0.0065,0.0051
1366,0.0459,0.0377,0.0367,0.0220,0.0065,0.0077,0.0065,0.0051
1367,0.0459,0.0377,0.0367,0.0220,0.0065,0.0077,0.0065,0.0051
1368,0.0459,0.0377,0.0367,0.0220,0.0065,0.0077,0.0065,0.0051
1369,0.0460,0.0389,0.0372,0.0221,0.0068,0.0115,0.0087,0.0054
1370,0.0459,0.0377,0.0367,0.0220,0.0065,0.0077,0.0065,0.0051
1371,0.0459,0.0377,0.0367,0.0220,0.0065,0.0077,0.0065,0.0051
1372,0.0459,0.0377,0.0367,0.0220,0.0065,0.0077,0.0065,0.0051
1373,0.0459,0.0377,0.0367,0.0220,0.0065,0.0077,0.0065,0.0051
1374,0.0459,0.0377,0.0367,0.0220,0.0065,0.0077,0.0065,0.0051
1375,0.0464,0.0429,0.0394,0.0231,0.0093,0.0169,0.0132,0.0083
1376,0.0461,0.0383,0.0372,0.0228,0.0079,0.0096,0.0082,0.0080
1377,0.0461,0.0379,0.0373,0.0223,0.0079,0.0077,0.0088,0.0067
1378,0.0461,0.0379,0.0376,0.0221,0.0078,0.0075,0.0094,0.0057
1379,0.0460,0.0380,0.0369,0.0220,0.0063,0.0085,0.0076,0.0050
1380,0.0460,0.0392,0.0372,0.0221,0.0070,0.0120,0.0087,0.0059
1381,0.0460,0.0392,0.0389,0.0223,0.0074,0.0119,0.0126,0.0066
1382,0.0460,0.0388,0.0378,0.0222,0.0071,0.0112,0.0103,0.0062
1383,0.0459,0.0381,0.0371,0.0221,0.0068,0.0094,0.0082,0.0057
1384,0.0459,0.0376,0.0368,0.0221,0.0068,0.0071,0.0071,0.0054
1385,0.0459,0.0376,0.0368,0.0220,0.0067,0.0068,0.0073,0.0052
1386,0.0459,0.0382,0.0376,0.0220,0.0066,0.0096,0.0101,0.0049
1387,0.0460,0.0379,0.0381,0.0220,0.0071,0.0086,0.0118,0.0049
1388,0.0459,0.0378,0.0371,0.0220,0.0067,0.0076,0.0081,0.0050
1389,0.0459,0.0390,0.0374,0.0220,0.0063,0.0113,0.0093,0.0053
1390,0.0459,0.0391,0.0374,0.0220,0.0062,0.0115,0.0090,0.0053
1391,0.0460,0.0386,0.0374,0.0221,0.0063,0.0106,0.0091,0.0056
1392,0.0460,0.0380,0.0369,0.0220,0.0063,0.0085,0.0076,0.0050
1393,0.0460,0.0389,0.0372,0.0221,0.0068,0.0115,0.0087,0.0054
1394,0.0460,0.0392,0.0372,0.0221,0.0070,0.0120,0.0087,0.0059
1395,0.0460,0.0386,0.0374,0.0221,0.0063,0.0106,0.0091,0.0056
1396,0.0461,0.0389,0.0374,0.0221,0.0082,0.0104,0.0086,0.0058
1397,0.0460,0.0454,0.0443,0.0301,0.0078,0.0219,0.0211,0.0182
1398,0.0460,0.0399,0.0393,0.0262,0.0073,0.0135,0.0137,0.0138
1399,0.0460,0.0400,0.0396,0.0258,0.0070,0.0136,0.0143,0.0133
1400,0.0459,0.0378,0.0367,0.0220,0.0066,0.0080,0.0066,0.0051
1401,0.0459,0.0378,0.0367,0.0220,0.0066,0.0080,0.0066,0.0051
1402,0.0459,0.0378,0.0367,0.0220,0.0066,0.0080,0.0066,0.0051
1403,0.0459,0.0380,0.0374,0.0220,0.0068,0.0090,0.0094,0.0050
1404,0.0459,0.0380,0.0374,0.0220,0.0068,0.0090,0.0094,0.0050
1405,0.0460,0.0381,0.0385,0.0220,0.0073,0.0095,0.0126,0.0049
1406,0.0459,0.0377,0.0373,0.0220,0.0068,0.0074,0.0093,0.0051
1407,0.0459,0.0383,0.0369,0.0220,0.0065,0.0098,0.0078,0.0053
1408,0.0459,0.0389,0.0374,0.0220,0.0062,0.0114,0.0091,0.0054
1409,0.0460,0.0385,0.0374,0.0220,0.0063,0.0105,0.0094,0.0050
1410,0.0460,0.0391,0.0372,0.0221,0.0068,0.0118,0.0088,0.0053
1411,0.0460,0.0396,0.0373,0.0221,0.0069,0.0131,0.0089,0.0058
1412,0.0460,0.0384,0.0371,0.0221,0.0061,0.0102,0.0082,0.0054
1413,0.0461,0.0386,0.0373,0.0221,0.0085,0.0098,0.0081,0.0060
1414,0.0460,0.0381,0.0385,0.0220,0.0073,0.0095,0.0126,0.0049
1415,0.0460,0.0473,0.0458,0.0319,0.0078,0.0242,0.0228,0.0199
1416,0.0460,0.0406,0.0401,0.0271,0.0073,0.0149,0.0152,0.0149
1417,0.0460,0.0410,0.0407,0.0266,0.0069,0.0158,0.0165,0.0144
1418,0.0459,0.0427,0.0434,0.0271,0.0068,0.0184,0.0205,0.0150
1419,0.0459,0.0429,0.0441,0.0263,0.0064,0.0190,0.0214,0.0143
1420,0.0459,0.0394,0.0398,0.0240,0.0061,0.0127,0.0148,0.0109
1421,0.0459,0.0381,0.0380,0.0226,0.0060,0.0092,0.0109,0.0081
1422,0.0459,0.0381,0.0379,0.0221,0.0060,0.0091,0.0108,0.0059
1423,0.0459,0.0380,0.0376,0.0220,0.0058,0.0089,0.0101,0.0053
1424,0.0459,0.0384,0.0376,0.0220,0.0058,0.0106,0.0105,0.0052
1425,0.0459,0.0377,0.0373,0.0220,0.0068,0.0074,0.0093,0.0051
1426,0.0460,0.0375,0.0367,0.0221,0.0072,0.0067,0.0065,0.0054
1427,0.0460,0.0380,0.0378,0.0222,0.0075,0.0084,0.0108,0.0063
1428,0.0460,0.0381,0.0379,0.0225,0.0071,0.0088,0.0109,0.0076
1429,0.0459,0.0380,0.0373,0.0231,0.0068,0.0083,0.0084,0.0091
1430,0.0460,0.0381,0.0371,0.0236,0.0070,0.0091,0.0081,0.0100
1431,0.0460,0.0382,0.0372,0.0236,0.0076,0.0094,0.0083,0.0100
1432,0.0460,0.0390,0.0383,0.0233,0.0080,0.0103,0.0111,0.0093
1433,0.0461,0.0407,0.0412,0.0231,0.0084,0.0147,0.0171,0.0087
1434,0.0461,0.0409,0.0416,0.0238,0.0084,0.0140,0.0169,0.0103
1435,0.0460,0.0408,0.0392,0.0292,0.0077,0.0152,0.0126,0.0172
1436,0.0459,0.0383,0.0369,0.0220,0.0065,0.0098,0.0078,0.0053
1437,0.0459,0.0378,0.0367,0.0220,0.0066,0.0080,0.0066,0.0051
1438,0.0459,0.0378,0.0367,0.0220,0.0066,0.0080,0.0066,0.0051
1439,0.0459,0.0378,0.0367,0.0220,0.0066,0.0080,0.0066,0.0051
1440,0.0459,0.0378,0.0367,0.0220,0.0066,0.0080,0.0066,0.0051
1441,0.0459,0.0378,0.0367,0.0220,0.0066,0.0080,0.0066,0.0051
1442,0.0459,0.0378,0.0367,0.0220,0.0066,0.0080,0.0066,0.0051
1443,0.0459,0.0378,0.0367,0.0220,0.0066,0.0080,0.0066,0.0051
1444,0.0459,0.0378,0.0367,0.0220,0.0066,0.0080,0.0066,0.0051
1445,0.0459,0.0378,0.0367,0.0220,0.0066,0.0080,0.0066,0.0051
1446,0.0459,0.0378,0.0367,0.0220,0.0066,0.0080,0.0066,0.0051
1447,0.0459,0.0389,0.0374,0.0220,0.0062,0.0114,0.0091,0.0054
1448,0.0459,0.0378,0.0367,0.0220,0.0066,0.0080,0.0066,0.0051
1449,0.0459,0.0378,0.0367,0.0220,0.0066,0.0080,0.0066,0.0051
1450,0.0459,0.0378,0.0367,0.0220,0.0066,0.0080,0.0066,0.0051
1451,0.0459,0.0378,0.0367,0.0220,0.0066,0.0080,0.0066,0.0051
1452,0.0459,0.0378,0.0367,0.0220,0.0066,0.0080,0.0066,0.0051
1453,0.0459,0.0378,0.0367,0.0220,0.0066,0.0080,0.0066,0.0051
1454,0.0459,0.0378,0.0367,0.0220,0.0066,0.0080,0.0066,0.0051
1455,0.0459,0.0378,0.0367,0.0220,0.0066,0.0080,0.0066,0.0051
1456,0.0459,0.0378,0.0367,0.0220,0.0066,0.0080,0.0066,0.0051
1457,0.0459,0.0378,0.0367,0.0220,0.0066,0.0080,0.0066,0.0051
1458,0.0460,0.0385,0.0374,0.0220,0.0063,0.0105,0.0094,0.0050
1459,0.0459,0.0378,0.0367,0.0220,0.0066,0.0080,0.0066,0.0051
1460,0.0459,0.0378,0.0367,0.0220,0.0066,0.0080,0.0066,0.0051
1461,0.0459,0.0378,0.0367,0.0220,0.0066,0.0080,0.0066,0.0051
1462,0.0459,0.0378,0.0367,0.0220,0.0066,0.0080,0.0066,0.0051
1463,0.0459,0.0378,0.0367,0.0220,0.0066,0.0080,0.0066,0.0051
1464,0.0459,0.0378,0.0367,0.0220,0.0066,0.0080,0.0066,0.0051
1465,0.0459,0.0378,0.0367,0.0220,0.0066,0.0080,0.0066,0.0051
1466,0.0459,0.0378,0.0367,0.0220,0.0066,0.0080,0.0066,0.0051
1467,0.0459,0.0378,0.0367,0.0220,0.0066,0.0080,0.0066,0.0051
1468,0.0459,0.0378,0.0367,0.0220,0.0066,0.0080,0.0066,0.0051
1469,0.0460,0.0391,0.0372,0.0221,0.0068,0.0118,0.0088,0.0053
1470,0.0459,0.0378,0.0367,0.0220,0.0066,0.0080,0.0066,0.0051
1471,0.0459,0.0378,0.0367,0.0220,0.0066,0.0080,0.0066,0.0051
1472,0.0459,0.0378,0.0367,0.0220,0.0066,0.0080,0.0066,0.0051
1473,0.0459,0.0378,0.0367,0.0220,0.0066,0.0080,0.0066,0.0051
1474,0.0459,0.0378,0.0367,0.0220,0.0066,0.0080,0.0066,0.0051
1475,0.0464,0.0433,0.0408,0.0231,0.0096,0.0174,0.0153,0.0084
1476,0.0461,0.0386,0.0380,0.0228,0.0078,0.0106,0.0106,0.0082
1477,0.0460,0.0379,0.0377,0.0223,0.0077,0.0078,0.0100,0.0066
1478,0.0460,0.0379,0.0378,0.0221,0.0077,0.0069,0.0105,0.0058
1479,0.0460,0.0385,0.0374,0.0220,0.0063,0.0105,0.0094,0.0050
1480,0.0460,0.0396,0.0373,0.0221,0.0069,0.0131,0.0089,0.0058
1481,0.0460,0.0393,0.0391,0.0223,0.0074,0.0124,0.0134,0.0068
1482,0.0460,0.0386,0.0377,0.0222,0.0071,0.0107,0.0099,0.0063
1483,0.0460,0.0380,0.0371,0.0221,0.0069,0.0085,0.0082,0.0057
1484,0.0459,0.0377,0.0370,0.0221,0.0068,0.0074,0.0082,0.0054
1485,0.0459,0.0375,0.0367,0.0220,0.0069,0.0066,0.0067,0.0052
1486,0.0459,0.0380,0.0374,0.0220,0.0068,0.0090,0.0094,0.0050
1487,0.0460,0.0381,0.0385,0.0220,0.0073,0.0095,0.0126,0.0049
1488,0.0459,0.0377,0.0373,0.0220,0.0068,0.0074,0.0093,0.0051
1489,0.0459,0.0383,0.0369,0.0220,0.0065,0.0098,0.0078,0.0053
1490,0.0459,0.0389,0.0374,0.0220,0.0062,0.0114,0.0091,0.0054
1491,0.0460,0.0384,0.0371,0.0221,0.0061,0.0102,0.0082,0.0054
1492,0.0460,0.0385,0.0374,0.0220,0.0063,0.0105,0.0094,0.0050
1493,0.0460,0.0391,0.0372,0.0221,0.0068,0.0118,0.0088,0.0053
1494,0.0460,0.0396,0.0373,0.0221,0.0069,0.0131,0.0089,0.0058
1495,0.0460,0.0384,0.0371,0.0221,0.0061,0.0102,0.0082,0.0054
1496,0.0461,0.0386,0.0373,0.0221,0.0085,0.0098,0.0081,0.0060
1497,0.0460,0.0473,0.0458,0.0319,0.0078,0.0242,0.0228,0.0199
1498,0.0460,0.0406,0.0401,0.0271,0.0073,0.0149,0.0152,0.0149
1499,0.0460,0.0410,0.0407,0.0266,0.0069,0.0158,0.0165,0.0144
Total Error Summary
Vdc  MAE=  0.0069 RMSE=  0.0460
Idc  MAE=  0.0106 RMSE=  0.0395
Id   MAE=  0.0101 RMSE=  0.0383
Iq   MAE=  0.0067 RMSE=  0.0227
