Read Model from: ./ucf6/
Export Model to: ./ucf6/ucf6_fhf.json
idx_in [0, 1, 2, 3, 4, 5, 6]
idx_out [7, 8, 9, 10]
make_mimo_block stable2nd
model_folder = ./ucf6/
model_root = ucf6
data_path = d:/data/ucf3/ucf3.hdf5
idx_in [0, 1, 2, 3, 4, 5, 6]
idx_out [7, 8, 9, 10]
read 1500 dataframes
dt=0.010000 data_len=401 n_io=11 n_case=1500
['G', 'Ud', 'Uq', 'Vd', 'Vq', 'GVrms', 'Ctrl'] ['Vdc', 'Idc', 'Id', 'Iq'] (1500, 401, 11)
make_mimo_block stable2nd
Idx,Vdc,Idc,Id,Iq,Vdc,Idc,Id,Iq
,RMSE,RMSE,RMSE,RMSE,MAE,MAE,MAE,MAE
Total,0.0460,0.0359,0.0569,0.0113,0.0058,0.0083,0.0107,0.0030
0,0.0460,0.0350,0.0563,0.0102,0.0053,0.0064,0.0085,0.0021
1,0.0460,0.0350,0.0563,0.0102,0.0053,0.0064,0.0085,0.0021
2,0.0460,0.0350,0.0563,0.0102,0.0053,0.0064,0.0085,0.0021
3,0.0460,0.0364,0.0575,0.0102,0.0059,0.0101,0.0128,0.0020
4,0.0460,0.0364,0.0575,0.0102,0.0059,0.0101,0.0128,0.0020
5,0.0461,0.0358,0.0569,0.0101,0.0064,0.0088,0.0110,0.0017
6,0.0460,0.0358,0.0566,0.0101,0.0061,0.0086,0.0101,0.0017
7,0.0460,0.0361,0.0570,0.0102,0.0059,0.0095,0.0115,0.0019
8,0.0460,0.0357,0.0567,0.0101,0.0055,0.0083,0.0105,0.0018
9,0.0460,0.0367,0.0574,0.0101,0.0053,0.0101,0.0123,0.0018
10,0.0461,0.0375,0.0578,0.0102,0.0057,0.0113,0.0134,0.0021
11,0.0461,0.0389,0.0586,0.0104,0.0061,0.0125,0.0145,0.0025
12,0.0461,0.0382,0.0581,0.0105,0.0064,0.0121,0.0138,0.0026
13,0.0463,0.0395,0.0585,0.0105,0.0077,0.0138,0.0152,0.0027
14,0.0461,0.0358,0.0569,0.0101,0.0064,0.0088,0.0110,0.0017
15,0.0462,0.0439,0.0594,0.0226,0.0074,0.0168,0.0160,0.0116
16,0.0463,0.0429,0.0599,0.0192,0.0078,0.0146,0.0159,0.0093
17,0.0463,0.0407,0.0595,0.0168,0.0077,0.0127,0.0149,0.0080
18,0.0462,0.0388,0.0581,0.0155,0.0072,0.0117,0.0132,0.0074
19,0.0461,0.0391,0.0577,0.0148,0.0064,0.0130,0.0130,0.0069
20,0.0460,0.0382,0.0573,0.0130,0.0058,0.0121,0.0124,0.0054
21,0.0461,0.0366,0.0569,0.0117,0.0062,0.0091,0.0105,0.0042
22,0.0461,0.0354,0.0565,0.0114,0.0060,0.0071,0.0090,0.0042
23,0.0464,0.0384,0.0581,0.0115,0.0084,0.0135,0.0141,0.0046
24,0.0466,0.0414,0.0606,0.0108,0.0090,0.0168,0.0186,0.0038
25,0.0460,0.0358,0.0566,0.0101,0.0061,0.0086,0.0101,0.0017
26,0.0461,0.0366,0.0570,0.0106,0.0069,0.0099,0.0114,0.0032
27,0.0462,0.0372,0.0573,0.0110,0.0076,0.0101,0.0117,0.0038
28,0.0462,0.0367,0.0573,0.0106,0.0074,0.0095,0.0122,0.0033
29,0.0463,0.0370,0.0577,0.0113,0.0076,0.0108,0.0138,0.0042
30,0.0463,0.0377,0.0580,0.0125,0.0077,0.0120,0.0145,0.0057
31,0.0461,0.0381,0.0581,0.0129,0.0067,0.0120,0.0144,0.0060
32,0.0460,0.0407,0.0595,0.0129,0.0055,0.0142,0.0161,0.0058
33,0.0460,0.0447,0.0615,0.0152,0.0055,0.0178,0.0189,0.0077
34,0.0460,0.0458,0.0616,0.0179,0.0062,0.0183,0.0188,0.0102
35,0.0462,0.0452,0.0615,0.0220,0.0073,0.0199,0.0203,0.0128
36,0.0460,0.0361,0.0570,0.0102,0.0059,0.0095,0.0115,0.0019
37,0.0460,0.0350,0.0563,0.0102,0.0053,0.0064,0.0085,0.0021
38,0.0460,0.0350,0.0563,0.0102,0.0053,0.0064,0.0085,0.0021
39,0.0460,0.0350,0.0563,0.0102,0.0053,0.0064,0.0085,0.0021
40,0.0460,0.0350,0.0563,0.0102,0.0053,0.0064,0.0085,0.0021
41,0.0460,0.0350,0.0563,0.0102,0.0053,0.0064,0.0085,0.0021
42,0.0460,0.0350,0.0563,0.0102,0.0053,0.0064,0.0085,0.0021
43,0.0460,0.0350,0.0563,0.0102,0.0053,0.0064,0.0085,0.0021
44,0.0460,0.0350,0.0563,0.0102,0.0053,0.0064,0.0085,0.0021
45,0.0460,0.0350,0.0563,0.0102,0.0053,0.0064,0.0085,0.0021
46,0.0460,0.0350,0.0563,0.0102,0.0053,0.0064,0.0085,0.0021
47,0.0460,0.0357,0.0567,0.0101,0.0055,0.0083,0.0105,0.0018
48,0.0460,0.0350,0.0563,0.0102,0.0053,0.0064,0.0085,0.0021
49,0.0460,0.0350,0.0563,0.0102,0.0053,0.0064,0.0085,0.0021
50,0.0460,0.0350,0.0563,0.0102,0.0053,0.0064,0.0085,0.0021
51,0.0460,0.0350,0.0563,0.0102,0.0053,0.0064,0.0085,0.0021
52,0.0460,0.0350,0.0563,0.0102,0.0053,0.0064,0.0085,0.0021
53,0.0460,0.0350,0.0563,0.0102,0.0053,0.0064,0.0085,0.0021
54,0.0460,0.0350,0.0563,0.0102,0.0053,0.0064,0.0085,0.0021
55,0.0460,0.0350,0.0563,0.0102,0.0053,0.0064,0.0085,0.0021
56,0.0460,0.0350,0.0563,0.0102,0.0053,0.0064,0.0085,0.0021
57,0.0460,0.0350,0.0563,0.0102,0.0053,0.0064,0.0085,0.0021
58,0.0460,0.0367,0.0574,0.0101,0.0053,0.0101,0.0123,0.0018
59,0.0460,0.0350,0.0563,0.0102,0.0053,0.0064,0.0085,0.0021
60,0.0460,0.0350,0.0563,0.0102,0.0053,0.0064,0.0085,0.0021
61,0.0460,0.0350,0.0563,0.0102,0.0053,0.0064,0.0085,0.0021
62,0.0460,0.0350,0.0563,0.0102,0.0053,0.0064,0.0085,0.0021
63,0.0460,0.0350,0.0563,0.0102,0.0053,0.0064,0.0085,0.0021
64,0.0460,0.0350,0.0563,0.0102,0.0053,0.0064,0.0085,0.0021
65,0.0460,0.0350,0.0563,0.0102,0.0053,0.0064,0.0085,0.0021
66,0.0460,0.0350,0.0563,0.0102,0.0053,0.0064,0.0085,0.0021
67,0.0460,0.0350,0.0563,0.0102,0.0053,0.0064,0.0085,0.0021
68,0.0460,0.0350,0.0563,0.0102,0.0053,0.0064,0.0085,0.0021
69,0.0461,0.0375,0.0578,0.0102,0.0057,0.0113,0.0134,0.0021
70,0.0460,0.0350,0.0563,0.0102,0.0053,0.0064,0.0085,0.0021
71,0.0460,0.0350,0.0563,0.0102,0.0053,0.0064,0.0085,0.0021
72,0.0460,0.0350,0.0563,0.0102,0.0053,0.0064,0.0085,0.0021
73,0.0460,0.0350,0.0563,0.0102,0.0053,0.0064,0.0085,0.0021
74,0.0460,0.0350,0.0563,0.0102,0.0053,0.0064,0.0085,0.0021
75,0.0464,0.0357,0.0567,0.0107,0.0078,0.0092,0.0107,0.0035
76,0.0463,0.0354,0.0569,0.0108,0.0075,0.0080,0.0118,0.0035
77,0.0462,0.0352,0.0574,0.0110,0.0073,0.0072,0.0128,0.0042
78,0.0461,0.0350,0.0573,0.0111,0.0069,0.0068,0.0129,0.0044
79,0.0460,0.0367,0.0574,0.0101,0.0053,0.0101,0.0123,0.0018
80,0.0461,0.0389,0.0586,0.0104,0.0061,0.0125,0.0145,0.0025
81,0.0460,0.0350,0.0572,0.0108,0.0060,0.0069,0.0120,0.0036
82,0.0460,0.0349,0.0567,0.0105,0.0056,0.0063,0.0106,0.0029
83,0.0460,0.0349,0.0565,0.0103,0.0053,0.0064,0.0098,0.0025
84,0.0460,0.0353,0.0567,0.0102,0.0052,0.0075,0.0107,0.0021
85,0.0460,0.0352,0.0565,0.0102,0.0051,0.0072,0.0101,0.0020
86,0.0460,0.0364,0.0575,0.0102,0.0059,0.0101,0.0128,0.0020
87,0.0461,0.0358,0.0569,0.0101,0.0064,0.0088,0.0110,0.0017
88,0.0460,0.0358,0.0566,0.0101,0.0061,0.0086,0.0101,0.0017
89,0.0460,0.0361,0.0570,0.0102,0.0059,0.0095,0.0115,0.0019
90,0.0460,0.0357,0.0567,0.0101,0.0055,0.0083,0.0105,0.0018
91,0.0461,0.0382,0.0581,0.0105,0.0064,0.0121,0.0138,0.0026
92,0.0460,0.0367,0.0574,0.0101,0.0053,0.0101,0.0123,0.0018
93,0.0461,0.0375,0.0578,0.0102,0.0057,0.0113,0.0134,0.0021
94,0.0461,0.0389,0.0586,0.0104,0.0061,0.0125,0.0145,0.0025
95,0.0461,0.0382,0.0581,0.0105,0.0064,0.0121,0.0138,0.0026
96,0.0463,0.0395,0.0585,0.0105,0.0077,0.0138,0.0152,0.0027
97,0.0462,0.0439,0.0594,0.0226,0.0074,0.0168,0.0160,0.0116
98,0.0463,0.0429,0.0599,0.0192,0.0078,0.0146,0.0159,0.0093
99,0.0463,0.0407,0.0595,0.0168,0.0077,0.0127,0.0149,0.0080
100,0.0460,0.0350,0.0564,0.0101,0.0052,0.0066,0.0090,0.0020
101,0.0460,0.0350,0.0564,0.0101,0.0052,0.0066,0.0090,0.0020
102,0.0460,0.0350,0.0564,0.0101,0.0052,0.0066,0.0090,0.0020
103,0.0460,0.0352,0.0566,0.0102,0.0057,0.0075,0.0100,0.0020
104,0.0460,0.0352,0.0566,0.0102,0.0057,0.0075,0.0100,0.0020
105,0.0460,0.0350,0.0565,0.0101,0.0060,0.0068,0.0090,0.0018
106,0.0460,0.0355,0.0566,0.0101,0.0058,0.0086,0.0107,0.0018
107,0.0460,0.0361,0.0570,0.0102,0.0057,0.0095,0.0115,0.0018
108,0.0460,0.0356,0.0567,0.0101,0.0055,0.0081,0.0103,0.0017
109,0.0460,0.0365,0.0573,0.0101,0.0053,0.0099,0.0123,0.0017
110,0.0461,0.0371,0.0576,0.0102,0.0057,0.0112,0.0133,0.0020
111,0.0461,0.0382,0.0583,0.0103,0.0061,0.0121,0.0141,0.0023
112,0.0461,0.0373,0.0576,0.0104,0.0062,0.0111,0.0130,0.0025
113,0.0462,0.0387,0.0585,0.0104,0.0072,0.0131,0.0149,0.0026
114,0.0460,0.0350,0.0565,0.0101,0.0060,0.0068,0.0090,0.0018
115,0.0461,0.0409,0.0584,0.0188,0.0068,0.0145,0.0145,0.0098
116,0.0462,0.0413,0.0594,0.0166,0.0071,0.0140,0.0154,0.0081
117,0.0462,0.0393,0.0589,0.0149,0.0071,0.0119,0.0144,0.0070
118,0.0461,0.0374,0.0576,0.0137,0.0067,0.0100,0.0124,0.0062
119,0.0460,0.0373,0.0571,0.0133,0.0059,0.0109,0.0117,0.0060
120,0.0460,0.0370,0.0571,0.0120,0.0057,0.0108,0.0119,0.0046
121,0.0461,0.0357,0.0567,0.0112,0.0063,0.0076,0.0098,0.0037
122,0.0461,0.0353,0.0565,0.0110,0.0060,0.0070,0.0096,0.0039
123,0.0463,0.0368,0.0574,0.0111,0.0080,0.0107,0.0120,0.0041
124,0.0464,0.0375,0.0580,0.0107,0.0086,0.0120,0.0136,0.0035
125,0.0460,0.0355,0.0566,0.0101,0.0058,0.0086,0.0107,0.0018
126,0.0461,0.0364,0.0570,0.0105,0.0065,0.0097,0.0117,0.0030
127,0.0461,0.0363,0.0569,0.0107,0.0071,0.0093,0.0110,0.0034
128,0.0462,0.0360,0.0569,0.0105,0.0071,0.0086,0.0112,0.0029
129,0.0462,0.0362,0.0573,0.0114,0.0073,0.0097,0.0127,0.0045
130,0.0462,0.0368,0.0576,0.0131,0.0074,0.0109,0.0136,0.0065
131,0.0461,0.0372,0.0576,0.0135,0.0065,0.0113,0.0135,0.0067
132,0.0460,0.0393,0.0587,0.0129,0.0055,0.0133,0.0152,0.0058
133,0.0460,0.0424,0.0603,0.0141,0.0054,0.0167,0.0180,0.0067
134,0.0460,0.0432,0.0605,0.0161,0.0060,0.0169,0.0178,0.0083
135,0.0462,0.0430,0.0605,0.0201,0.0070,0.0183,0.0189,0.0106
136,0.0460,0.0361,0.0570,0.0102,0.0057,0.0095,0.0115,0.0018
137,0.0460,0.0350,0.0564,0.0101,0.0052,0.0066,0.0090,0.0020
138,0.0460,0.0350,0.0564,0.0101,0.0052,0.0066,0.0090,0.0020
139,0.0460,0.0350,0.0564,0.0101,0.0052,0.0066,0.0090,0.0020
140,0.0460,0.0350,0.0564,0.0101,0.0052,0.0066,0.0090,0.0020
141,0.0460,0.0350,0.0564,0.0101,0.0052,0.0066,0.0090,0.0020
142,0.0460,0.0350,0.0564,0.0101,0.0052,0.0066,0.0090,0.0020
143,0.0460,0.0350,0.0564,0.0101,0.0052,0.0066,0.0090,0.0020
144,0.0460,0.0350,0.0564,0.0101,0.0052,0.0066,0.0090,0.0020
145,0.0460,0.0350,0.0564,0.0101,0.0052,0.0066,0.0090,0.0020
146,0.0460,0.0350,0.0564,0.0101,0.0052,0.0066,0.0090,0.0020
147,0.0460,0.0356,0.0567,0.0101,0.0055,0.0081,0.0103,0.0017
148,0.0460,0.0350,0.0564,0.0101,0.0052,0.0066,0.0090,0.0020
149,0.0460,0.0350,0.0564,0.0101,0.0052,0.0066,0.0090,0.0020
150,0.0460,0.0350,0.0564,0.0101,0.0052,0.0066,0.0090,0.0020
151,0.0460,0.0350,0.0564,0.0101,0.0052,0.0066,0.0090,0.0020
152,0.0460,0.0350,0.0564,0.0101,0.0052,0.0066,0.0090,0.0020
153,0.0460,0.0350,0.0564,0.0101,0.0052,0.0066,0.0090,0.0020
154,0.0460,0.0350,0.0564,0.0101,0.0052,0.0066,0.0090,0.0020
155,0.0460,0.0350,0.0564,0.0101,0.0052,0.0066,0.0090,0.0020
156,0.0460,0.0350,0.0564,0.0101,0.0052,0.0066,0.0090,0.0020
157,0.0460,0.0350,0.0564,0.0101,0.0052,0.0066,0.0090,0.0020
158,0.0460,0.0365,0.0573,0.0101,0.0053,0.0099,0.0123,0.0017
159,0.0460,0.0350,0.0564,0.0101,0.0052,0.0066,0.0090,0.0020
160,0.0460,0.0350,0.0564,0.0101,0.0052,0.0066,0.0090,0.0020
161,0.0460,0.0350,0.0564,0.0101,0.0052,0.0066,0.0090,0.0020
162,0.0460,0.0350,0.0564,0.0101,0.0052,0.0066,0.0090,0.0020
163,0.0460,0.0350,0.0564,0.0101,0.0052,0.0066,0.0090,0.0020
164,0.0460,0.0350,0.0564,0.0101,0.0052,0.0066,0.0090,0.0020
165,0.0460,0.0350,0.0564,0.0101,0.0052,0.0066,0.0090,0.0020
166,0.0460,0.0350,0.0564,0.0101,0.0052,0.0066,0.0090,0.0020
167,0.0460,0.0350,0.0564,0.0101,0.0052,0.0066,0.0090,0.0020
168,0.0460,0.0350,0.0564,0.0101,0.0052,0.0066,0.0090,0.0020
169,0.0461,0.0371,0.0576,0.0102,0.0057,0.0112,0.0133,0.0020
170,0.0460,0.0350,0.0564,0.0101,0.0052,0.0066,0.0090,0.0020
171,0.0460,0.0350,0.0564,0.0101,0.0052,0.0066,0.0090,0.0020
172,0.0460,0.0350,0.0564,0.0101,0.0052,0.0066,0.0090,0.0020
173,0.0460,0.0350,0.0564,0.0101,0.0052,0.0066,0.0090,0.0020
174,0.0460,0.0350,0.0564,0.0101,0.0052,0.0066,0.0090,0.0020
175,0.0464,0.0355,0.0566,0.0107,0.0077,0.0087,0.0098,0.0036
176,0.0462,0.0352,0.0569,0.0107,0.0074,0.0076,0.0115,0.0033
177,0.0462,0.0351,0.0570,0.0109,0.0072,0.0067,0.0118,0.0040
178,0.0461,0.0350,0.0570,0.0110,0.0069,0.0070,0.0120,0.0042
179,0.0460,0.0365,0.0573,0.0101,0.0053,0.0099,0.0123,0.0017
180,0.0461,0.0382,0.0583,0.0103,0.0061,0.0121,0.0141,0.0023
181,0.0460,0.0349,0.0570,0.0106,0.0060,0.0068,0.0113,0.0033
182,0.0460,0.0348,0.0566,0.0104,0.0056,0.0061,0.0106,0.0027
183,0.0460,0.0351,0.0568,0.0103,0.0053,0.0074,0.0113,0.0022
184,0.0460,0.0352,0.0567,0.0102,0.0051,0.0076,0.0106,0.0019
185,0.0460,0.0350,0.0564,0.0101,0.0051,0.0066,0.0091,0.0018
186,0.0460,0.0352,0.0566,0.0102,0.0057,0.0075,0.0100,0.0020
187,0.0460,0.0350,0.0565,0.0101,0.0060,0.0068,0.0090,0.0018
188,0.0460,0.0355,0.0566,0.0101,0.0058,0.0086,0.0107,0.0018
189,0.0460,0.0361,0.0570,0.0102,0.0057,0.0095,0.0115,0.0018
190,0.0460,0.0356,0.0567,0.0101,0.0055,0.0081,0.0103,0.0017
191,0.0461,0.0373,0.0576,0.0104,0.0062,0.0111,0.0130,0.0025
192,0.0460,0.0365,0.0573,0.0101,0.0053,0.0099,0.0123,0.0017
193,0.0461,0.0371,0.0576,0.0102,0.0057,0.0112,0.0133,0.0020
194,0.0461,0.0382,0.0583,0.0103,0.0061,0.0121,0.0141,0.0023
195,0.0461,0.0373,0.0576,0.0104,0.0062,0.0111,0.0130,0.0025
196,0.0462,0.0387,0.0585,0.0104,0.0072,0.0131,0.0149,0.0026
197,0.0461,0.0409,0.0584,0.0188,0.0068,0.0145,0.0145,0.0098
198,0.0462,0.0413,0.0594,0.0166,0.0071,0.0140,0.0154,0.0081
199,0.0462,0.0393,0.0589,0.0149,0.0071,0.0119,0.0144,0.0070
200,0.0460,0.0350,0.0565,0.0101,0.0050,0.0071,0.0099,0.0019
201,0.0460,0.0350,0.0565,0.0101,0.0050,0.0071,0.0099,0.0019
202,0.0460,0.0350,0.0565,0.0101,0.0050,0.0071,0.0099,0.0019
203,0.0460,0.0348,0.0564,0.0102,0.0053,0.0066,0.0094,0.0020
204,0.0460,0.0348,0.0564,0.0102,0.0053,0.0066,0.0094,0.0020
205,0.0460,0.0351,0.0566,0.0101,0.0057,0.0071,0.0094,0.0018
206,0.0460,0.0355,0.0568,0.0101,0.0055,0.0088,0.0111,0.0018
207,0.0460,0.0368,0.0578,0.0102,0.0053,0.0115,0.0143,0.0019
208,0.0460,0.0351,0.0565,0.0101,0.0053,0.0075,0.0099,0.0017
209,0.0460,0.0356,0.0568,0.0101,0.0052,0.0083,0.0105,0.0016
210,0.0460,0.0356,0.0569,0.0101,0.0055,0.0091,0.0115,0.0017
211,0.0461,0.0355,0.0567,0.0102,0.0059,0.0082,0.0104,0.0021
212,0.0461,0.0373,0.0579,0.0102,0.0061,0.0119,0.0143,0.0022
213,0.0461,0.0377,0.0581,0.0102,0.0065,0.0123,0.0145,0.0022
214,0.0460,0.0351,0.0566,0.0101,0.0057,0.0071,0.0094,0.0018
215,0.0460,0.0372,0.0573,0.0144,0.0057,0.0110,0.0123,0.0072
216,0.0461,0.0373,0.0576,0.0127,0.0060,0.0110,0.0130,0.0058
217,0.0460,0.0371,0.0576,0.0122,0.0060,0.0107,0.0132,0.0052
218,0.0460,0.0356,0.0567,0.0120,0.0058,0.0078,0.0104,0.0050
219,0.0460,0.0354,0.0566,0.0115,0.0055,0.0080,0.0099,0.0046
220,0.0460,0.0355,0.0567,0.0108,0.0060,0.0084,0.0107,0.0035
221,0.0461,0.0351,0.0564,0.0105,0.0064,0.0067,0.0093,0.0028
222,0.0461,0.0356,0.0567,0.0105,0.0061,0.0083,0.0104,0.0030
223,0.0461,0.0364,0.0573,0.0105,0.0071,0.0103,0.0126,0.0031
224,0.0463,0.0359,0.0570,0.0105,0.0079,0.0093,0.0115,0.0029
225,0.0460,0.0355,0.0568,0.0101,0.0055,0.0088,0.0111,0.0018
226,0.0460,0.0355,0.0567,0.0103,0.0058,0.0086,0.0109,0.0025
227,0.0460,0.0353,0.0565,0.0103,0.0063,0.0078,0.0098,0.0025
228,0.0461,0.0351,0.0565,0.0105,0.0064,0.0070,0.0099,0.0030
229,0.0461,0.0355,0.0571,0.0122,0.0068,0.0088,0.0124,0.0057
230,0.0461,0.0361,0.0574,0.0142,0.0068,0.0102,0.0133,0.0077
231,0.0460,0.0360,0.0572,0.0147,0.0062,0.0098,0.0125,0.0081
232,0.0460,0.0363,0.0572,0.0137,0.0055,0.0099,0.0121,0.0071
233,0.0460,0.0381,0.0581,0.0138,0.0053,0.0128,0.0145,0.0067
234,0.0460,0.0383,0.0582,0.0153,0.0058,0.0125,0.0141,0.0079
235,0.0462,0.0403,0.0596,0.0214,0.0074,0.0158,0.0168,0.0127
236,0.0460,0.0368,0.0578,0.0102,0.0053,0.0115,0.0143,0.0019
237,0.0460,0.0350,0.0565,0.0101,0.0050,0.0071,0.0099,0.0019
238,0.0460,0.0350,0.0565,0.0101,0.0050,0.0071,0.0099,0.0019
239,0.0460,0.0350,0.0565,0.0101,0.0050,0.0071,0.0099,0.0019
240,0.0460,0.0350,0.0565,0.0101,0.0050,0.0071,0.0099,0.0019
241,0.0460,0.0350,0.0565,0.0101,0.0050,0.0071,0.0099,0.0019
242,0.0460,0.0350,0.0565,0.0101,0.0050,0.0071,0.0099,0.0019
243,0.0460,0.0350,0.0565,0.0101,0.0050,0.0071,0.0099,0.0019
244,0.0460,0.0350,0.0565,0.0101,0.0050,0.0071,0.0099,0.0019
245,0.0460,0.0350,0.0565,0.0101,0.0050,0.0071,0.0099,0.0019
246,0.0460,0.0350,0.0565,0.0101,0.0050,0.0071,0.0099,0.0019
247,0.0460,0.0351,0.0565,0.0101,0.0053,0.0075,0.0099,0.0017
248,0.0460,0.0350,0.0565,0.0101,0.0050,0.0071,0.0099,0.0019
249,0.0460,0.0350,0.0565,0.0101,0.0050,0.0071,0.0099,0.0019
250,0.0460,0.0350,0.0565,0.0101,0.0050,0.0071,0.0099,0.0019
251,0.0460,0.0350,0.0565,0.0101,0.0050,0.0071,0.0099,0.0019
252,0.0460,0.0350,0.0565,0.0101,0.0050,0.0071,0.0099,0.0019
253,0.0460,0.0350,0.0565,0.0101,0.0050,0.0071,0.0099,0.0019
254,0.0460,0.0350,0.0565,0.0101,0.0050,0.0071,0.0099,0.0019
255,0.0460,0.0350,0.0565,0.0101,0.0050,0.0071,0.0099,0.0019
256,0.0460,0.0350,0.0565,0.0101,0.0050,0.0071,0.0099,0.0019
257,0.0460,0.0350,0.0565,0.0101,0.0050,0.0071,0.0099,0.0019
258,0.0460,0.0356,0.0568,0.0101,0.0052,0.0083,0.0105,0.0016
259,0.0460,0.0350,0.0565,0.0101,0.0050,0.0071,0.0099,0.0019
260,0.0460,0.0350,0.0565,0.0101,0.0050,0.0071,0.0099,0.0019
261,0.0460,0.0350,0.0565,0.0101,0.0050,0.0071,0.0099,0.0019
262,0.0460,0.0350,0.0565,0.0101,0.0050,0.0071,0.0099,0.0019
263,0.0460,0.0350,0.0565,0.0101,0.0050,0.0071,0.0099,0.0019
264,0.0460,0.0350,0.0565,0.0101,0.0050,0.0071,0.0099,0.0019
265,0.0460,0.0350,0.0565,0.0101,0.0050,0.0071,0.0099,0.0019
266,0.0460,0.0350,0.0565,0.0101,0.0050,0.0071,0.0099,0.0019
267,0.0460,0.0350,0.0565,0.0101,0.0050,0.0071,0.0099,0.0019
268,0.0460,0.0350,0.0565,0.0101,0.0050,0.0071,0.0099,0.0019
269,0.0460,0.0356,0.0569,0.0101,0.0055,0.0091,0.0115,0.0017
270,0.0460,0.0350,0.0565,0.0101,0.0050,0.0071,0.0099,0.0019
271,0.0460,0.0350,0.0565,0.0101,0.0050,0.0071,0.0099,0.0019
272,0.0460,0.0350,0.0565,0.0101,0.0050,0.0071,0.0099,0.0019
273,0.0460,0.0350,0.0565,0.0101,0.0050,0.0071,0.0099,0.0019
274,0.0460,0.0350,0.0565,0.0101,0.0050,0.0071,0.0099,0.0019
275,0.0464,0.0353,0.0566,0.0109,0.0076,0.0077,0.0102,0.0038
276,0.0462,0.0352,0.0564,0.0107,0.0073,0.0074,0.0092,0.0033
277,0.0462,0.0351,0.0565,0.0107,0.0070,0.0070,0.0097,0.0036
278,0.0461,0.0355,0.0571,0.0108,0.0068,0.0084,0.0118,0.0038
279,0.0460,0.0356,0.0568,0.0101,0.0052,0.0083,0.0105,0.0016
280,0.0461,0.0355,0.0567,0.0102,0.0059,0.0082,0.0104,0.0021
281,0.0460,0.0349,0.0566,0.0104,0.0060,0.0066,0.0098,0.0029
282,0.0460,0.0349,0.0566,0.0103,0.0056,0.0067,0.0103,0.0023
283,0.0460,0.0349,0.0565,0.0102,0.0053,0.0067,0.0101,0.0019
284,0.0460,0.0351,0.0567,0.0101,0.0051,0.0078,0.0109,0.0017
285,0.0460,0.0350,0.0566,0.0101,0.0049,0.0072,0.0103,0.0016
286,0.0460,0.0348,0.0564,0.0102,0.0053,0.0066,0.0094,0.0020
287,0.0460,0.0351,0.0566,0.0101,0.0057,0.0071,0.0094,0.0018
288,0.0460,0.0355,0.0568,0.0101,0.0055,0.0088,0.0111,0.0018
289,0.0460,0.0368,0.0578,0.0102,0.0053,0.0115,0.0143,0.0019
290,0.0460,0.0351,0.0565,0.0101,0.0053,0.0075,0.0099,0.0017
291,0.0461,0.0373,0.0579,0.0102,0.0061,0.0119,0.0143,0.0022
292,0.0460,0.0356,0.0568,0.0101,0.0052,0.0083,0.0105,0.0016
293,0.0460,0.0356,0.0569,0.0101,0.0055,0.0091,0.0115,0.0017
294,0.0461,0.0355,0.0567,0.0102,0.0059,0.0082,0.0104,0.0021
295,0.0461,0.0373,0.0579,0.0102,0.0061,0.0119,0.0143,0.0022
296,0.0461,0.0377,0.0581,0.0102,0.0065,0.0123,0.0145,0.0022
297,0.0460,0.0372,0.0573,0.0144,0.0057,0.0110,0.0123,0.0072
298,0.0461,0.0373,0.0576,0.0127,0.0060,0.0110,0.0130,0.0058
299,0.0460,0.0371,0.0576,0.0122,0.0060,0.0107,0.0132,0.0052
300,0.0460,0.0347,0.0562,0.0101,0.0050,0.0060,0.0084,0.0019
301,0.0460,0.0347,0.0562,0.0101,0.0050,0.0060,0.0084,0.0019
302,0.0460,0.0347,0.0562,0.0101,0.0050,0.0060,0.0084,0.0019
303,0.0460,0.0348,0.0563,0.0102,0.0056,0.0064,0.0089,0.0020
304,0.0460,0.0348,0.0563,0.0102,0.0056,0.0064,0.0089,0.0020
305,0.0460,0.0349,0.0563,0.0101,0.0063,0.0067,0.0089,0.0018
306,0.0460,0.0351,0.0565,0.0101,0.0059,0.0077,0.0098,0.0017
307,0.0460,0.0360,0.0572,0.0102,0.0053,0.0101,0.0127,0.0019
308,0.0460,0.0349,0.0563,0.0101,0.0052,0.0066,0.0089,0.0017
309,0.0460,0.0351,0.0565,0.0101,0.0052,0.0071,0.0096,0.0016
310,0.0460,0.0353,0.0566,0.0101,0.0053,0.0080,0.0102,0.0015
311,0.0461,0.0358,0.0570,0.0101,0.0057,0.0094,0.0115,0.0018
312,0.0461,0.0370,0.0577,0.0102,0.0059,0.0111,0.0132,0.0019
313,0.0461,0.0361,0.0571,0.0101,0.0062,0.0094,0.0117,0.0018
314,0.0460,0.0349,0.0563,0.0101,0.0063,0.0067,0.0089,0.0018
315,0.0460,0.0373,0.0577,0.0162,0.0058,0.0120,0.0139,0.0093
316,0.0460,0.0355,0.0568,0.0129,0.0055,0.0080,0.0105,0.0063
317,0.0460,0.0355,0.0567,0.0122,0.0055,0.0082,0.0107,0.0055
318,0.0460,0.0350,0.0565,0.0126,0.0056,0.0073,0.0097,0.0058
319,0.0460,0.0354,0.0568,0.0119,0.0058,0.0085,0.0113,0.0051
320,0.0460,0.0350,0.0567,0.0108,0.0061,0.0073,0.0106,0.0035
321,0.0461,0.0348,0.0563,0.0103,0.0064,0.0061,0.0083,0.0025
322,0.0461,0.0348,0.0562,0.0104,0.0061,0.0063,0.0081,0.0028
323,0.0461,0.0366,0.0572,0.0103,0.0064,0.0110,0.0125,0.0022
324,0.0462,0.0369,0.0577,0.0104,0.0074,0.0114,0.0135,0.0026
325,0.0460,0.0351,0.0565,0.0101,0.0059,0.0077,0.0098,0.0017
326,0.0460,0.0346,0.0562,0.0102,0.0052,0.0056,0.0082,0.0020
327,0.0460,0.0347,0.0564,0.0102,0.0058,0.0060,0.0094,0.0019
328,0.0460,0.0350,0.0567,0.0108,0.0057,0.0074,0.0112,0.0039
329,0.0461,0.0360,0.0577,0.0131,0.0063,0.0102,0.0143,0.0067
330,0.0461,0.0372,0.0585,0.0156,0.0065,0.0124,0.0164,0.0088
331,0.0460,0.0372,0.0583,0.0166,0.0060,0.0124,0.0159,0.0097
332,0.0460,0.0361,0.0572,0.0160,0.0055,0.0101,0.0127,0.0093
333,0.0460,0.0361,0.0571,0.0158,0.0055,0.0093,0.0112,0.0091
334,0.0460,0.0368,0.0575,0.0180,0.0062,0.0097,0.0115,0.0109
335,0.0462,0.0422,0.0604,0.0263,0.0079,0.0190,0.0194,0.0172
336,0.0460,0.0360,0.0572,0.0102,0.0053,0.0101,0.0127,0.0019
337,0.0460,0.0347,0.0562,0.0101,0.0050,0.0060,0.0084,0.0019
338,0.0460,0.0347,0.0562,0.0101,0.0050,0.0060,0.0084,0.0019
339,0.0460,0.0347,0.0562,0.0101,0.0050,0.0060,0.0084,0.0019
340,0.0460,0.0347,0.0562,0.0101,0.0050,0.0060,0.0084,0.0019
341,0.0460,0.0347,0.0562,0.0101,0.0050,0.0060,0.0084,0.0019
342,0.0460,0.0347,0.0562,0.0101,0.0050,0.0060,0.0084,0.0019
343,0.0460,0.0347,0.0562,0.0101,0.0050,0.0060,0.0084,0.0019
344,0.0460,0.0347,0.0562,0.0101,0.0050,0.0060,0.0084,0.0019
345,0.0460,0.0347,0.0562,0.0101,0.0050,0.0060,0.0084,0.0019
346,0.0460,0.0347,0.0562,0.0101,0.0050,0.0060,0.0084,0.0019
347,0.0460,0.0349,0.0563,0.0101,0.0052,0.0066,0.0089,0.0017
348,0.0460,0.0347,0.0562,0.0101,0.0050,0.0060,0.0084,0.0019
349,0.0460,0.0347,0.0562,0.0101,0.0050,0.0060,0.0084,0.0019
350,0.0460,0.0347,0.0562,0.0101,0.0050,0.0060,0.0084,0.0019
351,0.0460,0.0347,0.0562,0.0101,0.0050,0.0060,0.0084,0.0019
352,0.0460,0.0347,0.0562,0.0101,0.0050,0.0060,0.0084,0.0019
353,0.0460,0.0347,0.0562,0.0101,0.0050,0.0060,0.0084,0.0019
354,0.0460,0.0347,0.0562,0.0101,0.0050,0.0060,0.0084,0.0019
355,0.0460,0.0347,0.0562,0.0101,0.0050,0.0060,0.0084,0.0019
356,0.0460,0.0347,0.0562,0.0101,0.0050,0.0060,0.0084,0.0019
357,0.0460,0.0347,0.0562,0.0101,0.0050,0.0060,0.0084,0.0019
358,0.0460,0.0351,0.0565,0.0101,0.0052,0.0071,0.0096,0.0016
359,0.0460,0.0347,0.0562,0.0101,0.0050,0.0060,0.0084,0.0019
360,0.0460,0.0347,0.0562,0.0101,0.0050,0.0060,0.0084,0.0019
361,0.0460,0.0347,0.0562,0.0101,0.0050,0.0060,0.0084,0.0019
362,0.0460,0.0347,0.0562,0.0101,0.0050,0.0060,0.0084,0.0019
363,0.0460,0.0347,0.0562,0.0101,0.0050,0.0060,0.0084,0.0019
364,0.0460,0.0347,0.0562,0.0101,0.0050,0.0060,0.0084,0.0019
365,0.0460,0.0347,0.0562,0.0101,0.0050,0.0060,0.0084,0.0019
366,0.0460,0.0347,0.0562,0.0101,0.0050,0.0060,0.0084,0.0019
367,0.0460,0.0347,0.0562,0.0101,0.0050,0.0060,0.0084,0.0019
368,0.0460,0.0347,0.0562,0.0101,0.0050,0.0060,0.0084,0.0019
369,0.0460,0.0353,0.0566,0.0101,0.0053,0.0080,0.0102,0.0015
370,0.0460,0.0347,0.0562,0.0101,0.0050,0.0060,0.0084,0.0019
371,0.0460,0.0347,0.0562,0.0101,0.0050,0.0060,0.0084,0.0019
372,0.0460,0.0347,0.0562,0.0101,0.0050,0.0060,0.0084,0.0019
373,0.0460,0.0347,0.0562,0.0101,0.0050,0.0060,0.0084,0.0019
374,0.0460,0.0347,0.0562,0.0101,0.0050,0.0060,0.0084,0.0019
375,0.0464,0.0355,0.0574,0.0109,0.0076,0.0081,0.0129,0.0038
376,0.0462,0.0353,0.0564,0.0107,0.0072,0.0078,0.0093,0.0033
377,0.0462,0.0352,0.0564,0.0107,0.0069,0.0071,0.0093,0.0035
378,0.0461,0.0353,0.0565,0.0107,0.0066,0.0083,0.0101,0.0036
379,0.0460,0.0351,0.0565,0.0101,0.0052,0.0071,0.0096,0.0016
380,0.0461,0.0358,0.0570,0.0101,0.0057,0.0094,0.0115,0.0018
381,0.0460,0.0348,0.0563,0.0103,0.0060,0.0065,0.0091,0.0027
382,0.0460,0.0350,0.0565,0.0102,0.0057,0.0071,0.0100,0.0021
383,0.0460,0.0348,0.0563,0.0101,0.0055,0.0063,0.0086,0.0017
384,0.0460,0.0348,0.0563,0.0101,0.0053,0.0062,0.0086,0.0015
385,0.0460,0.0348,0.0563,0.0101,0.0050,0.0062,0.0089,0.0016
386,0.0460,0.0348,0.0563,0.0102,0.0056,0.0064,0.0089,0.0020
387,0.0460,0.0349,0.0563,0.0101,0.0063,0.0067,0.0089,0.0018
388,0.0460,0.0351,0.0565,0.0101,0.0059,0.0077,0.0098,0.0017
389,0.0460,0.0360,0.0572,0.0102,0.0053,0.0101,0.0127,0.0019
390,0.0460,0.0349,0.0563,0.0101,0.0052,0.0066,0.0089,0.0017
391,0.0461,0.0370,0.0577,0.0102,0.0059,0.0111,0.0132,0.0019
392,0.0460,0.0351,0.0565,0.0101,0.0052,0.0071,0.0096,0.0016
393,0.0460,0.0353,0.0566,0.0101,0.0053,0.0080,0.0102,0.0015
394,0.0461,0.0358,0.0570,0.0101,0.0057,0.0094,0.0115,0.0018
395,0.0461,0.0370,0.0577,0.0102,0.0059,0.0111,0.0132,0.0019
396,0.0461,0.0361,0.0571,0.0101,0.0062,0.0094,0.0117,0.0018
397,0.0460,0.0373,0.0577,0.0162,0.0058,0.0120,0.0139,0.0093
398,0.0460,0.0355,0.0568,0.0129,0.0055,0.0080,0.0105,0.0063
399,0.0460,0.0355,0.0567,0.0122,0.0055,0.0082,0.0107,0.0055
400,0.0460,0.0346,0.0562,0.0101,0.0050,0.0056,0.0078,0.0019
401,0.0460,0.0346,0.0562,0.0101,0.0050,0.0056,0.0078,0.0019
402,0.0460,0.0346,0.0562,0.0101,0.0050,0.0056,0.0078,0.0019
403,0.0460,0.0350,0.0565,0.0102,0.0058,0.0073,0.0100,0.0021
404,0.0460,0.0350,0.0565,0.0102,0.0058,0.0073,0.0100,0.0021
405,0.0461,0.0349,0.0563,0.0101,0.0065,0.0065,0.0087,0.0018
406,0.0460,0.0350,0.0563,0.0101,0.0060,0.0071,0.0089,0.0017
407,0.0460,0.0355,0.0567,0.0102,0.0054,0.0083,0.0108,0.0018
408,0.0460,0.0348,0.0563,0.0101,0.0052,0.0064,0.0086,0.0017
409,0.0460,0.0356,0.0569,0.0101,0.0052,0.0091,0.0118,0.0016
410,0.0460,0.0355,0.0568,0.0101,0.0052,0.0086,0.0109,0.0015
411,0.0461,0.0355,0.0568,0.0101,0.0055,0.0085,0.0108,0.0017
412,0.0461,0.0356,0.0567,0.0101,0.0058,0.0092,0.0111,0.0018
413,0.0461,0.0362,0.0571,0.0101,0.0062,0.0099,0.0118,0.0017
414,0.0461,0.0349,0.0563,0.0101,0.0065,0.0065,0.0087,0.0018
415,0.0460,0.0387,0.0585,0.0184,0.0060,0.0146,0.0161,0.0112
416,0.0460,0.0352,0.0567,0.0145,0.0057,0.0072,0.0098,0.0080
417,0.0460,0.0350,0.0564,0.0134,0.0056,0.0069,0.0093,0.0068
418,0.0460,0.0354,0.0568,0.0135,0.0057,0.0083,0.0113,0.0067
419,0.0460,0.0358,0.0572,0.0125,0.0058,0.0096,0.0127,0.0058
420,0.0460,0.0352,0.0568,0.0110,0.0061,0.0076,0.0113,0.0039
421,0.0461,0.0347,0.0563,0.0104,0.0063,0.0055,0.0086,0.0030
422,0.0461,0.0346,0.0561,0.0106,0.0061,0.0056,0.0074,0.0033
423,0.0461,0.0376,0.0578,0.0103,0.0061,0.0129,0.0142,0.0024
424,0.0462,0.0364,0.0571,0.0104,0.0072,0.0107,0.0122,0.0027
425,0.0460,0.0350,0.0563,0.0101,0.0060,0.0071,0.0089,0.0017
426,0.0460,0.0349,0.0564,0.0101,0.0051,0.0069,0.0098,0.0017
427,0.0460,0.0349,0.0566,0.0102,0.0060,0.0069,0.0106,0.0022
428,0.0460,0.0353,0.0571,0.0111,0.0055,0.0085,0.0127,0.0043
429,0.0460,0.0368,0.0583,0.0136,0.0061,0.0117,0.0159,0.0071
430,0.0460,0.0381,0.0592,0.0161,0.0063,0.0138,0.0177,0.0092
431,0.0460,0.0383,0.0591,0.0174,0.0059,0.0141,0.0176,0.0102
432,0.0460,0.0372,0.0581,0.0174,0.0055,0.0124,0.0153,0.0103
433,0.0460,0.0363,0.0572,0.0171,0.0055,0.0100,0.0118,0.0103
434,0.0460,0.0370,0.0575,0.0194,0.0062,0.0107,0.0119,0.0121
435,0.0463,0.0444,0.0614,0.0290,0.0081,0.0217,0.0214,0.0192
436,0.0460,0.0355,0.0567,0.0102,0.0054,0.0083,0.0108,0.0018
437,0.0460,0.0346,0.0562,0.0101,0.0050,0.0056,0.0078,0.0019
438,0.0460,0.0346,0.0562,0.0101,0.0050,0.0056,0.0078,0.0019
439,0.0460,0.0346,0.0562,0.0101,0.0050,0.0056,0.0078,0.0019
440,0.0460,0.0346,0.0562,0.0101,0.0050,0.0056,0.0078,0.0019
441,0.0460,0.0346,0.0562,0.0101,0.0050,0.0056,0.0078,0.0019
442,0.0460,0.0346,0.0562,0.0101,0.0050,0.0056,0.0078,0.0019
443,0.0460,0.0346,0.0562,0.0101,0.0050,0.0056,0.0078,0.0019
444,0.0460,0.0346,0.0562,0.0101,0.0050,0.0056,0.0078,0.0019
445,0.0460,0.0346,0.0562,0.0101,0.0050,0.0056,0.0078,0.0019
446,0.0460,0.0346,0.0562,0.0101,0.0050,0.0056,0.0078,0.0019
447,0.0460,0.0348,0.0563,0.0101,0.0052,0.0064,0.0086,0.0017
448,0.0460,0.0346,0.0562,0.0101,0.0050,0.0056,0.0078,0.0019
449,0.0460,0.0346,0.0562,0.0101,0.0050,0.0056,0.0078,0.0019
450,0.0460,0.0346,0.0562,0.0101,0.0050,0.0056,0.0078,0.0019
451,0.0460,0.0346,0.0562,0.0101,0.0050,0.0056,0.0078,0.0019
452,0.0460,0.0346,0.0562,0.0101,0.0050,0.0056,0.0078,0.0019
453,0.0460,0.0346,0.0562,0.0101,0.0050,0.0056,0.0078,0.0019
454,0.0460,0.0346,0.0562,0.0101,0.0050,0.0056,0.0078,0.0019
455,0.0460,0.0346,0.0562,0.0101,0.0050,0.0056,0.0078,0.0019
456,0.0460,0.0346,0.0562,0.0101,0.0050,0.0056,0.0078,0.0019
457,0.0460,0.0346,0.0562,0.0101,0.0050,0.0056,0.0078,0.0019
458,0.0460,0.0356,0.0569,0.0101,0.0052,0.0091,0.0118,0.0016
459,0.0460,0.0346,0.0562,0.0101,0.0050,0.0056,0.0078,0.0019
460,0.0460,0.0346,0.0562,0.0101,0.0050,0.0056,0.0078,0.0019
461,0.0460,0.0346,0.0562,0.0101,0.0050,0.0056,0.0078,0.0019
462,0.0460,0.0346,0.0562,0.0101,0.0050,0.0056,0.0078,0.0019
463,0.0460,0.0346,0.0562,0.0101,0.0050,0.0056,0.0078,0.0019
464,0.0460,0.0346,0.0562,0.0101,0.0050,0.0056,0.0078,0.0019
465,0.0460,0.0346,0.0562,0.0101,0.0050,0.0056,0.0078,0.0019
466,0.0460,0.0346,0.0562,0.0101,0.0050,0.0056,0.0078,0.0019
467,0.0460,0.0346,0.0562,0.0101,0.0050,0.0056,0.0078,0.0019
468,0.0460,0.0346,0.0562,0.0101,0.0050,0.0056,0.0078,0.0019
469,0.0460,0.0355,0.0568,0.0101,0.0052,0.0086,0.0109,0.0015
470,0.0460,0.0346,0.0562,0.0101,0.0050,0.0056,0.0078,0.0019
471,0.0460,0.0346,0.0562,0.0101,0.0050,0.0056,0.0078,0.0019
472,0.0460,0.0346,0.0562,0.0101,0.0050,0.0056,0.0078,0.0019
473,0.0460,0.0346,0.0562,0.0101,0.0050,0.0056,0.0078,0.0019
474,0.0460,0.0346,0.0562,0.0101,0.0050,0.0056,0.0078,0.0019
475,0.0464,0.0355,0.0577,0.0108,0.0077,0.0080,0.0138,0.0038
476,0.0462,0.0352,0.0567,0.0107,0.0071,0.0074,0.0107,0.0033
477,0.0462,0.0352,0.0565,0.0107,0.0068,0.0073,0.0099,0.0035
478,0.0461,0.0350,0.0562,0.0107,0.0066,0.0072,0.0084,0.0036
479,0.0460,0.0356,0.0569,0.0101,0.0052,0.0091,0.0118,0.0016
480,0.0461,0.0355,0.0568,0.0101,0.0055,0.0085,0.0108,0.0017
481,0.0460,0.0347,0.0562,0.0103,0.0060,0.0056,0.0078,0.0027
482,0.0460,0.0349,0.0565,0.0102,0.0057,0.0068,0.0096,0.0021
483,0.0460,0.0347,0.0563,0.0101,0.0055,0.0060,0.0084,0.0017
484,0.0460,0.0347,0.0562,0.0101,0.0053,0.0061,0.0085,0.0015
485,0.0460,0.0348,0.0563,0.0101,0.0051,0.0067,0.0090,0.0016
486,0.0460,0.0350,0.0565,0.0102,0.0058,0.0073,0.0100,0.0021
487,0.0461,0.0349,0.0563,0.0101,0.0065,0.0065,0.0087,0.0018
488,0.0460,0.0350,0.0563,0.0101,0.0060,0.0071,0.0089,0.0017
489,0.0460,0.0355,0.0567,0.0102,0.0054,0.0083,0.0108,0.0018
490,0.0460,0.0348,0.0563,0.0101,0.0052,0.0064,0.0086,0.0017
491,0.0461,0.0356,0.0567,0.0101,0.0058,0.0092,0.0111,0.0018
492,0.0460,0.0356,0.0569,0.0101,0.0052,0.0091,0.0118,0.0016
493,0.0460,0.0355,0.0568,0.0101,0.0052,0.0086,0.0109,0.0015
494,0.0461,0.0355,0.0568,0.0101,0.0055,0.0085,0.0108,0.0017
495,0.0461,0.0356,0.0567,0.0101,0.0058,0.0092,0.0111,0.0018
496,0.0461,0.0362,0.0571,0.0101,0.0062,0.0099,0.0118,0.0017
497,0.0460,0.0387,0.0585,0.0184,0.0060,0.0146,0.0161,0.0112
498,0.0460,0.0352,0.0567,0.0145,0.0057,0.0072,0.0098,0.0080
499,0.0460,0.0350,0.0564,0.0134,0.0056,0.0069,0.0093,0.0068
500,0.0460,0.0350,0.0563,0.0103,0.0054,0.0065,0.0086,0.0026
501,0.0460,0.0350,0.0563,0.0103,0.0054,0.0065,0.0086,0.0026
502,0.0460,0.0350,0.0563,0.0103,0.0054,0.0065,0.0086,0.0026
503,0.0460,0.0363,0.0574,0.0103,0.0060,0.0100,0.0126,0.0025
504,0.0460,0.0363,0.0574,0.0103,0.0060,0.0100,0.0126,0.0025
505,0.0461,0.0358,0.0569,0.0102,0.0065,0.0091,0.0109,0.0022
506,0.0460,0.0359,0.0567,0.0102,0.0063,0.0089,0.0102,0.0021
507,0.0461,0.0363,0.0571,0.0102,0.0061,0.0097,0.0117,0.0020
508,0.0460,0.0358,0.0569,0.0101,0.0059,0.0088,0.0110,0.0018
509,0.0460,0.0370,0.0575,0.0101,0.0056,0.0107,0.0128,0.0017
510,0.0460,0.0375,0.0579,0.0102,0.0055,0.0114,0.0136,0.0020
511,0.0461,0.0391,0.0587,0.0103,0.0058,0.0129,0.0147,0.0024
512,0.0461,0.0380,0.0580,0.0105,0.0064,0.0120,0.0136,0.0026
513,0.0464,0.0396,0.0586,0.0105,0.0083,0.0141,0.0154,0.0027
514,0.0461,0.0358,0.0569,0.0102,0.0065,0.0091,0.0109,0.0022
515,0.0462,0.0444,0.0597,0.0231,0.0072,0.0179,0.0165,0.0122
516,0.0462,0.0434,0.0604,0.0195,0.0075,0.0155,0.0168,0.0097
517,0.0462,0.0410,0.0599,0.0167,0.0075,0.0132,0.0161,0.0081
518,0.0462,0.0386,0.0583,0.0150,0.0071,0.0111,0.0134,0.0070
519,0.0461,0.0380,0.0575,0.0139,0.0063,0.0114,0.0123,0.0063
520,0.0460,0.0372,0.0572,0.0125,0.0058,0.0105,0.0116,0.0048
521,0.0461,0.0362,0.0569,0.0120,0.0061,0.0081,0.0104,0.0042
522,0.0461,0.0354,0.0566,0.0118,0.0060,0.0069,0.0094,0.0048
523,0.0464,0.0385,0.0581,0.0119,0.0084,0.0138,0.0142,0.0050
524,0.0465,0.0421,0.0610,0.0110,0.0088,0.0175,0.0190,0.0041
525,0.0460,0.0359,0.0567,0.0102,0.0063,0.0089,0.0102,0.0021
526,0.0461,0.0367,0.0571,0.0104,0.0068,0.0101,0.0119,0.0029
527,0.0462,0.0371,0.0574,0.0107,0.0075,0.0104,0.0122,0.0035
528,0.0463,0.0366,0.0572,0.0106,0.0075,0.0094,0.0120,0.0030
529,0.0463,0.0369,0.0576,0.0119,0.0080,0.0108,0.0137,0.0051
530,0.0463,0.0376,0.0579,0.0134,0.0081,0.0118,0.0143,0.0067
531,0.0461,0.0381,0.0581,0.0137,0.0072,0.0122,0.0145,0.0068
532,0.0460,0.0414,0.0601,0.0134,0.0061,0.0149,0.0172,0.0061
533,0.0460,0.0457,0.0626,0.0153,0.0056,0.0189,0.0206,0.0078
534,0.0461,0.0472,0.0630,0.0182,0.0062,0.0197,0.0206,0.0105
535,0.0462,0.0455,0.0615,0.0230,0.0074,0.0199,0.0199,0.0135
536,0.0461,0.0363,0.0571,0.0102,0.0061,0.0097,0.0117,0.0020
537,0.0460,0.0350,0.0563,0.0103,0.0054,0.0065,0.0086,0.0026
538,0.0460,0.0350,0.0563,0.0103,0.0054,0.0065,0.0086,0.0026
539,0.0460,0.0350,0.0563,0.0103,0.0054,0.0065,0.0086,0.0026
540,0.0460,0.0350,0.0563,0.0103,0.0054,0.0065,0.0086,0.0026
541,0.0460,0.0350,0.0563,0.0103,0.0054,0.0065,0.0086,0.0026
542,0.0460,0.0350,0.0563,0.0103,0.0054,0.0065,0.0086,0.0026
543,0.0460,0.0350,0.0563,0.0103,0.0054,0.0065,0.0086,0.0026
544,0.0460,0.0350,0.0563,0.0103,0.0054,0.0065,0.0086,0.0026
545,0.0460,0.0350,0.0563,0.0103,0.0054,0.0065,0.0086,0.0026
546,0.0460,0.0350,0.0563,0.0103,0.0054,0.0065,0.0086,0.0026
547,0.0460,0.0358,0.0569,0.0101,0.0059,0.0088,0.0110,0.0018
548,0.0460,0.0350,0.0563,0.0103,0.0054,0.0065,0.0086,0.0026
549,0.0460,0.0350,0.0563,0.0103,0.0054,0.0065,0.0086,0.0026
550,0.0460,0.0350,0.0563,0.0103,0.0054,0.0065,0.0086,0.0026
551,0.0460,0.0350,0.0563,0.0103,0.0054,0.0065,0.0086,0.0026
552,0.0460,0.0350,0.0563,0.0103,0.0054,0.0065,0.0086,0.0026
553,0.0460,0.0350,0.0563,0.0103,0.0054,0.0065,0.0086,0.0026
554,0.0460,0.0350,0.0563,0.0103,0.0054,0.0065,0.0086,0.0026
555,0.0460,0.0350,0.0563,0.0103,0.0054,0.0065,0.0086,0.0026
556,0.0460,0.0350,0.0563,0.0103,0.0054,0.0065,0.0086,0.0026
557,0.0460,0.0350,0.0563,0.0103,0.0054,0.0065,0.0086,0.0026
558,0.0460,0.0370,0.0575,0.0101,0.0056,0.0107,0.0128,0.0017
559,0.0460,0.0350,0.0563,0.0103,0.0054,0.0065,0.0086,0.0026
560,0.0460,0.0350,0.0563,0.0103,0.0054,0.0065,0.0086,0.0026
561,0.0460,0.0350,0.0563,0.0103,0.0054,0.0065,0.0086,0.0026
562,0.0460,0.0350,0.0563,0.0103,0.0054,0.0065,0.0086,0.0026
563,0.0460,0.0350,0.0563,0.0103,0.0054,0.0065,0.0086,0.0026
564,0.0460,0.0350,0.0563,0.0103,0.0054,0.0065,0.0086,0.0026
565,0.0460,0.0350,0.0563,0.0103,0.0054,0.0065,0.0086,0.0026
566,0.0460,0.0350,0.0563,0.0103,0.0054,0.0065,0.0086,0.0026
567,0.0460,0.0350,0.0563,0.0103,0.0054,0.0065,0.0086,0.0026
568,0.0460,0.0350,0.0563,0.0103,0.0054,0.0065,0.0086,0.0026
569,0.0460,0.0375,0.0579,0.0102,0.0055,0.0114,0.0136,0.0020
570,0.0460,0.0350,0.0563,0.0103,0.0054,0.0065,0.0086,0.0026
571,0.0460,0.0350,0.0563,0.0103,0.0054,0.0065,0.0086,0.0026
572,0.0460,0.0350,0.0563,0.0103,0.0054,0.0065,0.0086,0.0026
573,0.0460,0.0350,0.0563,0.0103,0.0054,0.0065,0.0086,0.0026
574,0.0460,0.0350,0.0563,0.0103,0.0054,0.0065,0.0086,0.0026
575,0.0463,0.0357,0.0568,0.0108,0.0080,0.0091,0.0112,0.0034
576,0.0463,0.0354,0.0570,0.0113,0.0077,0.0080,0.0122,0.0046
577,0.0462,0.0351,0.0574,0.0116,0.0074,0.0072,0.0127,0.0052
578,0.0461,0.0349,0.0572,0.0117,0.0070,0.0064,0.0125,0.0052
579,0.0460,0.0370,0.0575,0.0101,0.0056,0.0107,0.0128,0.0017
580,0.0461,0.0391,0.0587,0.0103,0.0058,0.0129,0.0147,0.0024
581,0.0460,0.0349,0.0571,0.0112,0.0062,0.0067,0.0118,0.0042
582,0.0460,0.0349,0.0566,0.0108,0.0057,0.0062,0.0104,0.0035
583,0.0460,0.0350,0.0566,0.0106,0.0054,0.0066,0.0101,0.0029
584,0.0460,0.0352,0.0567,0.0104,0.0052,0.0075,0.0108,0.0026
585,0.0460,0.0353,0.0566,0.0103,0.0052,0.0075,0.0104,0.0025
586,0.0460,0.0363,0.0574,0.0103,0.0060,0.0100,0.0126,0.0025
587,0.0461,0.0358,0.0569,0.0102,0.0065,0.0091,0.0109,0.0022
588,0.0460,0.0359,0.0567,0.0102,0.0063,0.0089,0.0102,0.0021
589,0.0461,0.0363,0.0571,0.0102,0.0061,0.0097,0.0117,0.0020
590,0.0460,0.0358,0.0569,0.0101,0.0059,0.0088,0.0110,0.0018
591,0.0461,0.0380,0.0580,0.0105,0.0064,0.0120,0.0136,0.0026
592,0.0460,0.0370,0.0575,0.0101,0.0056,0.0107,0.0128,0.0017
593,0.0460,0.0375,0.0579,0.0102,0.0055,0.0114,0.0136,0.0020
594,0.0461,0.0391,0.0587,0.0103,0.0058,0.0129,0.0147,0.0024
595,0.0461,0.0380,0.0580,0.0105,0.0064,0.0120,0.0136,0.0026
596,0.0464,0.0396,0.0586,0.0105,0.0083,0.0141,0.0154,0.0027
597,0.0462,0.0444,0.0597,0.0231,0.0072,0.0179,0.0165,0.0122
598,0.0462,0.0434,0.0604,0.0195,0.0075,0.0155,0.0168,0.0097
599,0.0462,0.0410,0.0599,0.0167,0.0075,0.0132,0.0161,0.0081
600,0.0460,0.0349,0.0563,0.0103,0.0053,0.0066,0.0090,0.0025
601,0.0460,0.0349,0.0563,0.0103,0.0053,0.0066,0.0090,0.0025
602,0.0460,0.0349,0.0563,0.0103,0.0053,0.0066,0.0090,0.0025
603,0.0460,0.0352,0.0566,0.0103,0.0058,0.0077,0.0101,0.0025
604,0.0460,0.0352,0.0566,0.0103,0.0058,0.0077,0.0101,0.0025
605,0.0460,0.0351,0.0565,0.0102,0.0062,0.0071,0.0092,0.0023
606,0.0460,0.0356,0.0567,0.0102,0.0060,0.0089,0.0110,0.0021
607,0.0460,0.0361,0.0570,0.0102,0.0059,0.0095,0.0115,0.0020
608,0.0460,0.0355,0.0567,0.0101,0.0059,0.0080,0.0103,0.0018
609,0.0460,0.0365,0.0573,0.0101,0.0056,0.0100,0.0124,0.0017
610,0.0460,0.0372,0.0576,0.0102,0.0054,0.0113,0.0135,0.0019
611,0.0461,0.0383,0.0583,0.0103,0.0057,0.0122,0.0141,0.0023
612,0.0461,0.0373,0.0577,0.0104,0.0062,0.0112,0.0130,0.0025
613,0.0463,0.0388,0.0585,0.0104,0.0079,0.0132,0.0150,0.0026
614,0.0460,0.0351,0.0565,0.0102,0.0062,0.0071,0.0092,0.0023
615,0.0461,0.0410,0.0585,0.0191,0.0066,0.0151,0.0148,0.0102
616,0.0461,0.0415,0.0596,0.0168,0.0069,0.0147,0.0162,0.0083
617,0.0461,0.0397,0.0594,0.0149,0.0069,0.0127,0.0158,0.0070
618,0.0461,0.0376,0.0581,0.0134,0.0066,0.0102,0.0136,0.0060
619,0.0460,0.0367,0.0570,0.0126,0.0059,0.0098,0.0113,0.0054
620,0.0460,0.0364,0.0569,0.0116,0.0057,0.0096,0.0111,0.0041
621,0.0461,0.0357,0.0569,0.0115,0.0062,0.0076,0.0106,0.0039
622,0.0461,0.0356,0.0568,0.0114,0.0059,0.0080,0.0108,0.0044
623,0.0463,0.0370,0.0574,0.0114,0.0080,0.0110,0.0122,0.0044
624,0.0464,0.0382,0.0584,0.0108,0.0085,0.0130,0.0144,0.0037
625,0.0460,0.0356,0.0567,0.0102,0.0060,0.0089,0.0110,0.0021
626,0.0461,0.0364,0.0571,0.0103,0.0065,0.0099,0.0120,0.0027
627,0.0461,0.0362,0.0570,0.0105,0.0071,0.0094,0.0113,0.0031
628,0.0462,0.0359,0.0569,0.0106,0.0072,0.0087,0.0112,0.0029
629,0.0463,0.0361,0.0572,0.0121,0.0077,0.0096,0.0126,0.0055
630,0.0463,0.0367,0.0575,0.0140,0.0078,0.0109,0.0134,0.0075
631,0.0461,0.0371,0.0576,0.0144,0.0071,0.0111,0.0134,0.0076
632,0.0460,0.0399,0.0593,0.0135,0.0060,0.0140,0.0164,0.0064
633,0.0460,0.0437,0.0615,0.0145,0.0057,0.0179,0.0198,0.0070
634,0.0461,0.0445,0.0618,0.0165,0.0061,0.0182,0.0197,0.0086
635,0.0462,0.0430,0.0604,0.0211,0.0073,0.0181,0.0183,0.0111
636,0.0460,0.0361,0.0570,0.0102,0.0059,0.0095,0.0115,0.0020
637,0.0460,0.0349,0.0563,0.0103,0.0053,0.0066,0.0090,0.0025
638,0.0460,0.0349,0.0563,0.0103,0.0053,0.0066,0.0090,0.0025
639,0.0460,0.0349,0.0563,0.0103,0.0053,0.0066,0.0090,0.0025
640,0.0460,0.0349,0.0563,0.0103,0.0053,0.0066,0.0090,0.0025
641,0.0460,0.0349,0.0563,0.0103,0.0053,0.0066,0.0090,0.0025
642,0.0460,0.0349,0.0563,0.0103,0.0053,0.0066,0.0090,0.0025
643,0.0460,0.0349,0.0563,0.0103,0.0053,0.0066,0.0090,0.0025
644,0.0460,0.0349,0.0563,0.0103,0.0053,0.0066,0.0090,0.0025
645,0.0460,0.0349,0.0563,0.0103,0.0053,0.0066,0.0090,0.0025
646,0.0460,0.0349,0.0563,0.0103,0.0053,0.0066,0.0090,0.0025
647,0.0460,0.0355,0.0567,0.0101,0.0059,0.0080,0.0103,0.0018
648,0.0460,0.0349,0.0563,0.0103,0.0053,0.0066,0.0090,0.0025
649,0.0460,0.0349,0.0563,0.0103,0.0053,0.0066,0.0090,0.0025
650,0.0460,0.0349,0.0563,0.0103,0.0053,0.0066,0.0090,0.0025
651,0.0460,0.0349,0.0563,0.0103,0.0053,0.0066,0.0090,0.0025
652,0.0460,0.0349,0.0563,0.0103,0.0053,0.0066,0.0090,0.0025
653,0.0460,0.0349,0.0563,0.0103,0.0053,0.0066,0.0090,0.0025
654,0.0460,0.0349,0.0563,0.0103,0.0053,0.0066,0.0090,0.0025
655,0.0460,0.0349,0.0563,0.0103,0.0053,0.0066,0.0090,0.0025
656,0.0460,0.0349,0.0563,0.0103,0.0053,0.0066,0.0090,0.0025
657,0.0460,0.0349,0.0563,0.0103,0.0053,0.0066,0.0090,0.0025
658,0.0460,0.0365,0.0573,0.0101,0.0056,0.0100,0.0124,0.0017
659,0.0460,0.0349,0.0563,0.0103,0.0053,0.0066,0.0090,0.0025
660,0.0460,0.0349,0.0563,0.0103,0.0053,0.0066,0.0090,0.0025
661,0.0460,0.0349,0.0563,0.0103,0.0053,0.0066,0.0090,0.0025
662,0.0460,0.0349,0.0563,0.0103,0.0053,0.0066,0.0090,0.0025
663,0.0460,0.0349,0.0563,0.0103,0.0053,0.0066,0.0090,0.0025
664,0.0460,0.0349,0.0563,0.0103,0.0053,0.0066,0.0090,0.0025
665,0.0460,0.0349,0.0563,0.0103,0.0053,0.0066,0.0090,0.0025
666,0.0460,0.0349,0.0563,0.0103,0.0053,0.0066,0.0090,0.0025
667,0.0460,0.0349,0.0563,0.0103,0.0053,0.0066,0.0090,0.0025
668,0.0460,0.0349,0.0563,0.0103,0.0053,0.0066,0.0090,0.0025
669,0.0460,0.0372,0.0576,0.0102,0.0054,0.0113,0.0135,0.0019
670,0.0460,0.0349,0.0563,0.0103,0.0053,0.0066,0.0090,0.0025
671,0.0460,0.0349,0.0563,0.0103,0.0053,0.0066,0.0090,0.0025
672,0.0460,0.0349,0.0563,0.0103,0.0053,0.0066,0.0090,0.0025
673,0.0460,0.0349,0.0563,0.0103,0.0053,0.0066,0.0090,0.0025
674,0.0460,0.0349,0.0563,0.0103,0.0053,0.0066,0.0090,0.0025
675,0.0463,0.0355,0.0566,0.0107,0.0078,0.0084,0.0101,0.0032
676,0.0462,0.0352,0.0569,0.0111,0.0076,0.0074,0.0117,0.0043
677,0.0462,0.0350,0.0569,0.0114,0.0073,0.0064,0.0117,0.0048
678,0.0461,0.0349,0.0568,0.0115,0.0070,0.0064,0.0114,0.0049
679,0.0460,0.0365,0.0573,0.0101,0.0056,0.0100,0.0124,0.0017
680,0.0461,0.0383,0.0583,0.0103,0.0057,0.0122,0.0141,0.0023
681,0.0460,0.0349,0.0569,0.0110,0.0062,0.0066,0.0111,0.0039
682,0.0460,0.0348,0.0566,0.0106,0.0057,0.0060,0.0102,0.0032
683,0.0460,0.0350,0.0568,0.0104,0.0054,0.0074,0.0114,0.0027
684,0.0460,0.0351,0.0567,0.0103,0.0051,0.0076,0.0107,0.0024
685,0.0460,0.0350,0.0564,0.0102,0.0051,0.0068,0.0093,0.0023
686,0.0460,0.0352,0.0566,0.0103,0.0058,0.0077,0.0101,0.0025
687,0.0460,0.0351,0.0565,0.0102,0.0062,0.0071,0.0092,0.0023
688,0.0460,0.0356,0.0567,0.0102,0.0060,0.0089,0.0110,0.0021
689,0.0460,0.0361,0.0570,0.0102,0.0059,0.0095,0.0115,0.0020
690,0.0460,0.0355,0.0567,0.0101,0.0059,0.0080,0.0103,0.0018
691,0.0461,0.0373,0.0577,0.0104,0.0062,0.0112,0.0130,0.0025
692,0.0460,0.0365,0.0573,0.0101,0.0056,0.0100,0.0124,0.0017
693,0.0460,0.0372,0.0576,0.0102,0.0054,0.0113,0.0135,0.0019
694,0.0461,0.0383,0.0583,0.0103,0.0057,0.0122,0.0141,0.0023
695,0.0461,0.0373,0.0577,0.0104,0.0062,0.0112,0.0130,0.0025
696,0.0463,0.0388,0.0585,0.0104,0.0079,0.0132,0.0150,0.0026
697,0.0461,0.0410,0.0585,0.0191,0.0066,0.0151,0.0148,0.0102
698,0.0461,0.0415,0.0596,0.0168,0.0069,0.0147,0.0162,0.0083
699,0.0461,0.0397,0.0594,0.0149,0.0069,0.0127,0.0158,0.0070
700,0.0460,0.0350,0.0565,0.0102,0.0051,0.0070,0.0099,0.0023
701,0.0460,0.0350,0.0565,0.0102,0.0051,0.0070,0.0099,0.0023
702,0.0460,0.0350,0.0565,0.0102,0.0051,0.0070,0.0099,0.0023
703,0.0460,0.0349,0.0564,0.0102,0.0053,0.0066,0.0094,0.0024
704,0.0460,0.0349,0.0564,0.0102,0.0053,0.0066,0.0094,0.0024
705,0.0460,0.0351,0.0566,0.0102,0.0056,0.0073,0.0095,0.0022
706,0.0460,0.0355,0.0567,0.0102,0.0054,0.0088,0.0110,0.0020
707,0.0460,0.0364,0.0575,0.0102,0.0056,0.0108,0.0136,0.0020
708,0.0460,0.0351,0.0565,0.0101,0.0057,0.0071,0.0095,0.0019
709,0.0460,0.0356,0.0568,0.0101,0.0056,0.0087,0.0110,0.0017
710,0.0460,0.0355,0.0568,0.0101,0.0054,0.0089,0.0114,0.0016
711,0.0461,0.0355,0.0567,0.0102,0.0055,0.0083,0.0103,0.0020
712,0.0461,0.0374,0.0579,0.0102,0.0059,0.0118,0.0141,0.0022
713,0.0462,0.0379,0.0582,0.0103,0.0072,0.0126,0.0147,0.0023
714,0.0460,0.0351,0.0566,0.0102,0.0056,0.0073,0.0095,0.0022
715,0.0460,0.0374,0.0574,0.0150,0.0057,0.0114,0.0126,0.0076
716,0.0460,0.0372,0.0576,0.0129,0.0058,0.0111,0.0134,0.0059
717,0.0460,0.0373,0.0579,0.0122,0.0058,0.0115,0.0142,0.0052
718,0.0460,0.0356,0.0568,0.0117,0.0057,0.0080,0.0110,0.0047
719,0.0460,0.0353,0.0565,0.0112,0.0055,0.0074,0.0098,0.0040
720,0.0460,0.0352,0.0565,0.0106,0.0061,0.0076,0.0098,0.0030
721,0.0461,0.0353,0.0566,0.0106,0.0064,0.0073,0.0101,0.0030
722,0.0461,0.0359,0.0571,0.0106,0.0061,0.0090,0.0114,0.0034
723,0.0461,0.0364,0.0574,0.0106,0.0071,0.0102,0.0127,0.0033
724,0.0463,0.0359,0.0569,0.0105,0.0078,0.0092,0.0113,0.0030
725,0.0460,0.0355,0.0567,0.0102,0.0054,0.0088,0.0110,0.0020
726,0.0460,0.0354,0.0567,0.0102,0.0058,0.0084,0.0108,0.0022
727,0.0460,0.0353,0.0565,0.0102,0.0063,0.0078,0.0100,0.0023
728,0.0461,0.0350,0.0565,0.0108,0.0066,0.0070,0.0099,0.0038
729,0.0462,0.0356,0.0571,0.0131,0.0072,0.0090,0.0123,0.0067
730,0.0462,0.0360,0.0573,0.0152,0.0073,0.0099,0.0127,0.0086
731,0.0461,0.0359,0.0571,0.0159,0.0067,0.0095,0.0119,0.0092
732,0.0460,0.0366,0.0574,0.0147,0.0060,0.0105,0.0130,0.0080
733,0.0460,0.0390,0.0589,0.0146,0.0059,0.0142,0.0165,0.0075
734,0.0461,0.0390,0.0590,0.0162,0.0064,0.0137,0.0160,0.0087
735,0.0462,0.0396,0.0589,0.0227,0.0079,0.0148,0.0154,0.0137
736,0.0460,0.0364,0.0575,0.0102,0.0056,0.0108,0.0136,0.0020
737,0.0460,0.0350,0.0565,0.0102,0.0051,0.0070,0.0099,0.0023
738,0.0460,0.0350,0.0565,0.0102,0.0051,0.0070,0.0099,0.0023
739,0.0460,0.0350,0.0565,0.0102,0.0051,0.0070,0.0099,0.0023
740,0.0460,0.0350,0.0565,0.0102,0.0051,0.0070,0.0099,0.0023
741,0.0460,0.0350,0.0565,0.0102,0.0051,0.0070,0.0099,0.0023
742,0.0460,0.0350,0.0565,0.0102,0.0051,0.0070,0.0099,0.0023
743,0.0460,0.0350,0.0565,0.0102,0.0051,0.0070,0.0099,0.0023
744,0.0460,0.0350,0.0565,0.0102,0.0051,0.0070,0.0099,0.0023
745,0.0460,0.0350,0.0565,0.0102,0.0051,0.0070,0.0099,0.0023
746,0.0460,0.0350,0.0565,0.0102,0.0051,0.0070,0.0099,0.0023
747,0.0460,0.0351,0.0565,0.0101,0.0057,0.0071,0.0095,0.0019
748,0.0460,0.0350,0.0565,0.0102,0.0051,0.0070,0.0099,0.0023
749,0.0460,0.0350,0.0565,0.0102,0.0051,0.0070,0.0099,0.0023
750,0.0460,0.0350,0.0565,0.0102,0.0051,0.0070,0.0099,0.0023
751,0.0460,0.0350,0.0565,0.0102,0.0051,0.0070,0.0099,0.0023
752,0.0460,0.0350,0.0565,0.0102,0.0051,0.0070,0.0099,0.0023
753,0.0460,0.0350,0.0565,0.0102,0.0051,0.0070,0.0099,0.0023
754,0.0460,0.0350,0.0565,0.0102,0.0051,0.0070,0.0099,0.0023
755,0.0460,0.0350,0.0565,0.0102,0.0051,0.0070,0.0099,0.0023
756,0.0460,0.0350,0.0565,0.0102,0.0051,0.0070,0.0099,0.0023
757,0.0460,0.0350,0.0565,0.0102,0.0051,0.0070,0.0099,0.0023
758,0.0460,0.0356,0.0568,0.0101,0.0056,0.0087,0.0110,0.0017
759,0.0460,0.0350,0.0565,0.0102,0.0051,0.0070,0.0099,0.0023
760,0.0460,0.0350,0.0565,0.0102,0.0051,0.0070,0.0099,0.0023
761,0.0460,0.0350,0.0565,0.0102,0.0051,0.0070,0.0099,0.0023
762,0.0460,0.0350,0.0565,0.0102,0.0051,0.0070,0.0099,0.0023
763,0.0460,0.0350,0.0565,0.0102,0.0051,0.0070,0.0099,0.0023
764,0.0460,0.0350,0.0565,0.0102,0.0051,0.0070,0.0099,0.0023
765,0.0460,0.0350,0.0565,0.0102,0.0051,0.0070,0.0099,0.0023
766,0.0460,0.0350,0.0565,0.0102,0.0051,0.0070,0.0099,0.0023
767,0.0460,0.0350,0.0565,0.0102,0.0051,0.0070,0.0099,0.0023
768,0.0460,0.0350,0.0565,0.0102,0.0051,0.0070,0.0099,0.0023
769,0.0460,0.0355,0.0568,0.0101,0.0054,0.0089,0.0114,0.0016
770,0.0460,0.0350,0.0565,0.0102,0.0051,0.0070,0.0099,0.0023
771,0.0460,0.0350,0.0565,0.0102,0.0051,0.0070,0.0099,0.0023
772,0.0460,0.0350,0.0565,0.0102,0.0051,0.0070,0.0099,0.0023
773,0.0460,0.0350,0.0565,0.0102,0.0051,0.0070,0.0099,0.0023
774,0.0460,0.0350,0.0565,0.0102,0.0051,0.0070,0.0099,0.0023
775,0.0463,0.0353,0.0566,0.0107,0.0076,0.0076,0.0099,0.0033
776,0.0462,0.0351,0.0564,0.0109,0.0074,0.0072,0.0091,0.0039
777,0.0462,0.0350,0.0565,0.0111,0.0072,0.0065,0.0096,0.0044
778,0.0461,0.0352,0.0570,0.0112,0.0070,0.0074,0.0113,0.0045
779,0.0460,0.0356,0.0568,0.0101,0.0056,0.0087,0.0110,0.0017
780,0.0461,0.0355,0.0567,0.0102,0.0055,0.0083,0.0103,0.0020
781,0.0460,0.0348,0.0565,0.0107,0.0062,0.0063,0.0095,0.0034
782,0.0460,0.0348,0.0564,0.0104,0.0058,0.0062,0.0096,0.0028
783,0.0460,0.0348,0.0565,0.0103,0.0055,0.0065,0.0099,0.0023
784,0.0460,0.0350,0.0566,0.0102,0.0052,0.0073,0.0104,0.0020
785,0.0460,0.0350,0.0565,0.0102,0.0049,0.0070,0.0100,0.0021
786,0.0460,0.0349,0.0564,0.0102,0.0053,0.0066,0.0094,0.0024
787,0.0460,0.0351,0.0566,0.0102,0.0056,0.0073,0.0095,0.0022
788,0.0460,0.0355,0.0567,0.0102,0.0054,0.0088,0.0110,0.0020
789,0.0460,0.0364,0.0575,0.0102,0.0056,0.0108,0.0136,0.0020
790,0.0460,0.0351,0.0565,0.0101,0.0057,0.0071,0.0095,0.0019
791,0.0461,0.0374,0.0579,0.0102,0.0059,0.0118,0.0141,0.0022
792,0.0460,0.0356,0.0568,0.0101,0.0056,0.0087,0.0110,0.0017
793,0.0460,0.0355,0.0568,0.0101,0.0054,0.0089,0.0114,0.0016
794,0.0461,0.0355,0.0567,0.0102,0.0055,0.0083,0.0103,0.0020
795,0.0461,0.0374,0.0579,0.0102,0.0059,0.0118,0.0141,0.0022
796,0.0462,0.0379,0.0582,0.0103,0.0072,0.0126,0.0147,0.0023
797,0.0460,0.0374,0.0574,0.0150,0.0057,0.0114,0.0126,0.0076
798,0.0460,0.0372,0.0576,0.0129,0.0058,0.0111,0.0134,0.0059
799,0.0460,0.0373,0.0579,0.0122,0.0058,0.0115,0.0142,0.0052
800,0.0460,0.0347,0.0562,0.0102,0.0049,0.0062,0.0084,0.0023
801,0.0460,0.0347,0.0562,0.0102,0.0049,0.0062,0.0084,0.0023
802,0.0460,0.0347,0.0562,0.0102,0.0049,0.0062,0.0084,0.0023
803,0.0460,0.0348,0.0563,0.0102,0.0053,0.0066,0.0091,0.0025
804,0.0460,0.0348,0.0563,0.0102,0.0053,0.0066,0.0091,0.0025
805,0.0460,0.0349,0.0563,0.0102,0.0060,0.0068,0.0089,0.0022
806,0.0460,0.0352,0.0564,0.0102,0.0054,0.0077,0.0096,0.0020
807,0.0460,0.0359,0.0571,0.0102,0.0053,0.0096,0.0123,0.0020
808,0.0460,0.0350,0.0564,0.0102,0.0056,0.0070,0.0091,0.0019
809,0.0460,0.0354,0.0567,0.0101,0.0057,0.0082,0.0105,0.0018
810,0.0460,0.0355,0.0567,0.0101,0.0055,0.0081,0.0101,0.0016
811,0.0461,0.0359,0.0570,0.0101,0.0055,0.0096,0.0116,0.0017
812,0.0461,0.0371,0.0577,0.0102,0.0059,0.0112,0.0132,0.0019
813,0.0462,0.0364,0.0572,0.0101,0.0070,0.0098,0.0119,0.0019
814,0.0460,0.0349,0.0563,0.0102,0.0060,0.0068,0.0089,0.0022
815,0.0461,0.0380,0.0579,0.0173,0.0063,0.0132,0.0146,0.0102
816,0.0460,0.0354,0.0568,0.0133,0.0058,0.0079,0.0106,0.0067
817,0.0460,0.0356,0.0568,0.0123,0.0056,0.0085,0.0111,0.0056
818,0.0460,0.0350,0.0564,0.0124,0.0057,0.0069,0.0093,0.0056
819,0.0460,0.0352,0.0566,0.0115,0.0059,0.0079,0.0105,0.0047
820,0.0460,0.0349,0.0565,0.0105,0.0061,0.0069,0.0100,0.0030
821,0.0461,0.0349,0.0563,0.0102,0.0064,0.0064,0.0086,0.0022
822,0.0461,0.0348,0.0563,0.0103,0.0060,0.0064,0.0083,0.0025
823,0.0461,0.0363,0.0571,0.0102,0.0064,0.0105,0.0122,0.0022
824,0.0462,0.0363,0.0572,0.0104,0.0074,0.0103,0.0125,0.0026
825,0.0460,0.0352,0.0564,0.0102,0.0054,0.0077,0.0096,0.0020
826,0.0460,0.0346,0.0562,0.0102,0.0053,0.0056,0.0081,0.0018
827,0.0460,0.0348,0.0564,0.0103,0.0057,0.0064,0.0098,0.0025
828,0.0460,0.0351,0.0568,0.0114,0.0059,0.0077,0.0115,0.0047
829,0.0461,0.0361,0.0577,0.0141,0.0068,0.0106,0.0146,0.0077
830,0.0461,0.0372,0.0584,0.0168,0.0071,0.0123,0.0161,0.0099
831,0.0461,0.0369,0.0579,0.0180,0.0066,0.0119,0.0150,0.0108
832,0.0460,0.0358,0.0570,0.0173,0.0062,0.0091,0.0113,0.0104
833,0.0460,0.0362,0.0572,0.0170,0.0061,0.0095,0.0118,0.0102
834,0.0461,0.0370,0.0578,0.0193,0.0068,0.0100,0.0126,0.0120
835,0.0463,0.0405,0.0591,0.0278,0.0084,0.0169,0.0162,0.0183
836,0.0460,0.0359,0.0571,0.0102,0.0053,0.0096,0.0123,0.0020
837,0.0460,0.0347,0.0562,0.0102,0.0049,0.0062,0.0084,0.0023
838,0.0460,0.0347,0.0562,0.0102,0.0049,0.0062,0.0084,0.0023
839,0.0460,0.0347,0.0562,0.0102,0.0049,0.0062,0.0084,0.0023
840,0.0460,0.0347,0.0562,0.0102,0.0049,0.0062,0.0084,0.0023
841,0.0460,0.0347,0.0562,0.0102,0.0049,0.0062,0.0084,0.0023
842,0.0460,0.0347,0.0562,0.0102,0.0049,0.0062,0.0084,0.0023
843,0.0460,0.0347,0.0562,0.0102,0.0049,0.0062,0.0084,0.0023
844,0.0460,0.0347,0.0562,0.0102,0.0049,0.0062,0.0084,0.0023
845,0.0460,0.0347,0.0562,0.0102,0.0049,0.0062,0.0084,0.0023
846,0.0460,0.0347,0.0562,0.0102,0.0049,0.0062,0.0084,0.0023
847,0.0460,0.0350,0.0564,0.0102,0.0056,0.0070,0.0091,0.0019
848,0.0460,0.0347,0.0562,0.0102,0.0049,0.0062,0.0084,0.0023
849,0.0460,0.0347,0.0562,0.0102,0.0049,0.0062,0.0084,0.0023
850,0.0460,0.0347,0.0562,0.0102,0.0049,0.0062,0.0084,0.0023
851,0.0460,0.0347,0.0562,0.0102,0.0049,0.0062,0.0084,0.0023
852,0.0460,0.0347,0.0562,0.0102,0.0049,0.0062,0.0084,0.0023
853,0.0460,0.0347,0.0562,0.0102,0.0049,0.0062,0.0084,0.0023
854,0.0460,0.0347,0.0562,0.0102,0.0049,0.0062,0.0084,0.0023
855,0.0460,0.0347,0.0562,0.0102,0.0049,0.0062,0.0084,0.0023
856,0.0460,0.0347,0.0562,0.0102,0.0049,0.0062,0.0084,0.0023
857,0.0460,0.0347,0.0562,0.0102,0.0049,0.0062,0.0084,0.0023
858,0.0460,0.0354,0.0567,0.0101,0.0057,0.0082,0.0105,0.0018
859,0.0460,0.0347,0.0562,0.0102,0.0049,0.0062,0.0084,0.0023
860,0.0460,0.0347,0.0562,0.0102,0.0049,0.0062,0.0084,0.0023
861,0.0460,0.0347,0.0562,0.0102,0.0049,0.0062,0.0084,0.0023
862,0.0460,0.0347,0.0562,0.0102,0.0049,0.0062,0.0084,0.0023
863,0.0460,0.0347,0.0562,0.0102,0.0049,0.0062,0.0084,0.0023
864,0.0460,0.0347,0.0562,0.0102,0.0049,0.0062,0.0084,0.0023
865,0.0460,0.0347,0.0562,0.0102,0.0049,0.0062,0.0084,0.0023
866,0.0460,0.0347,0.0562,0.0102,0.0049,0.0062,0.0084,0.0023
867,0.0460,0.0347,0.0562,0.0102,0.0049,0.0062,0.0084,0.0023
868,0.0460,0.0347,0.0562,0.0102,0.0049,0.0062,0.0084,0.0023
869,0.0460,0.0355,0.0567,0.0101,0.0055,0.0081,0.0101,0.0016
870,0.0460,0.0347,0.0562,0.0102,0.0049,0.0062,0.0084,0.0023
871,0.0460,0.0347,0.0562,0.0102,0.0049,0.0062,0.0084,0.0023
872,0.0460,0.0347,0.0562,0.0102,0.0049,0.0062,0.0084,0.0023
873,0.0460,0.0347,0.0562,0.0102,0.0049,0.0062,0.0084,0.0023
874,0.0460,0.0347,0.0562,0.0102,0.0049,0.0062,0.0084,0.0023
875,0.0463,0.0355,0.0573,0.0107,0.0075,0.0080,0.0126,0.0034
876,0.0462,0.0352,0.0564,0.0109,0.0072,0.0074,0.0092,0.0037
877,0.0462,0.0350,0.0564,0.0110,0.0071,0.0068,0.0093,0.0043
878,0.0461,0.0350,0.0564,0.0110,0.0068,0.0072,0.0095,0.0043
879,0.0460,0.0354,0.0567,0.0101,0.0057,0.0082,0.0105,0.0018
880,0.0461,0.0359,0.0570,0.0101,0.0055,0.0096,0.0116,0.0017
881,0.0460,0.0347,0.0563,0.0106,0.0062,0.0062,0.0088,0.0032
882,0.0460,0.0350,0.0565,0.0103,0.0059,0.0068,0.0097,0.0026
883,0.0460,0.0349,0.0563,0.0102,0.0056,0.0070,0.0091,0.0021
884,0.0460,0.0348,0.0563,0.0101,0.0053,0.0067,0.0088,0.0019
885,0.0460,0.0349,0.0563,0.0101,0.0050,0.0066,0.0088,0.0020
886,0.0460,0.0348,0.0563,0.0102,0.0053,0.0066,0.0091,0.0025
887,0.0460,0.0349,0.0563,0.0102,0.0060,0.0068,0.0089,0.0022
888,0.0460,0.0352,0.0564,0.0102,0.0054,0.0077,0.0096,0.0020
889,0.0460,0.0359,0.0571,0.0102,0.0053,0.0096,0.0123,0.0020
890,0.0460,0.0350,0.0564,0.0102,0.0056,0.0070,0.0091,0.0019
891,0.0461,0.0371,0.0577,0.0102,0.0059,0.0112,0.0132,0.0019
892,0.0460,0.0354,0.0567,0.0101,0.0057,0.0082,0.0105,0.0018
893,0.0460,0.0355,0.0567,0.0101,0.0055,0.0081,0.0101,0.0016
894,0.0461,0.0359,0.0570,0.0101,0.0055,0.0096,0.0116,0.0017
895,0.0461,0.0371,0.0577,0.0102,0.0059,0.0112,0.0132,0.0019
896,0.0462,0.0364,0.0572,0.0101,0.0070,0.0098,0.0119,0.0019
897,0.0461,0.0380,0.0579,0.0173,0.0063,0.0132,0.0146,0.0102
898,0.0460,0.0354,0.0568,0.0133,0.0058,0.0079,0.0106,0.0067
899,0.0460,0.0356,0.0568,0.0123,0.0056,0.0085,0.0111,0.0056
900,0.0460,0.0348,0.0562,0.0102,0.0049,0.0063,0.0081,0.0023
901,0.0460,0.0348,0.0562,0.0102,0.0049,0.0063,0.0081,0.0023
902,0.0460,0.0348,0.0562,0.0102,0.0049,0.0063,0.0081,0.0023
903,0.0460,0.0350,0.0565,0.0103,0.0056,0.0076,0.0102,0.0025
904,0.0460,0.0350,0.0565,0.0103,0.0056,0.0076,0.0102,0.0025
905,0.0460,0.0351,0.0564,0.0102,0.0061,0.0069,0.0087,0.0022
906,0.0460,0.0353,0.0564,0.0102,0.0055,0.0082,0.0094,0.0020
907,0.0460,0.0357,0.0568,0.0102,0.0052,0.0084,0.0105,0.0020
908,0.0460,0.0350,0.0564,0.0102,0.0056,0.0069,0.0091,0.0019
909,0.0460,0.0363,0.0573,0.0101,0.0057,0.0107,0.0131,0.0018
910,0.0460,0.0357,0.0569,0.0101,0.0056,0.0089,0.0112,0.0016
911,0.0461,0.0357,0.0568,0.0101,0.0057,0.0088,0.0110,0.0016
912,0.0461,0.0358,0.0568,0.0101,0.0060,0.0096,0.0113,0.0018
913,0.0462,0.0365,0.0572,0.0101,0.0069,0.0106,0.0120,0.0017
914,0.0460,0.0351,0.0564,0.0102,0.0061,0.0069,0.0087,0.0022
915,0.0461,0.0396,0.0588,0.0197,0.0065,0.0160,0.0169,0.0122
916,0.0460,0.0353,0.0566,0.0150,0.0060,0.0074,0.0097,0.0085
917,0.0460,0.0350,0.0564,0.0136,0.0058,0.0069,0.0092,0.0070
918,0.0460,0.0353,0.0567,0.0134,0.0058,0.0081,0.0109,0.0067
919,0.0460,0.0357,0.0571,0.0123,0.0059,0.0092,0.0124,0.0055
920,0.0460,0.0350,0.0566,0.0107,0.0061,0.0069,0.0103,0.0033
921,0.0461,0.0347,0.0562,0.0103,0.0063,0.0055,0.0080,0.0024
922,0.0461,0.0347,0.0561,0.0104,0.0060,0.0058,0.0076,0.0029
923,0.0461,0.0375,0.0578,0.0102,0.0061,0.0127,0.0142,0.0021
924,0.0462,0.0359,0.0569,0.0104,0.0072,0.0095,0.0114,0.0024
925,0.0460,0.0353,0.0564,0.0102,0.0055,0.0082,0.0094,0.0020
926,0.0460,0.0350,0.0565,0.0102,0.0051,0.0075,0.0102,0.0020
927,0.0460,0.0351,0.0567,0.0104,0.0056,0.0076,0.0111,0.0028
928,0.0460,0.0355,0.0572,0.0117,0.0057,0.0090,0.0131,0.0051
929,0.0461,0.0371,0.0584,0.0146,0.0066,0.0122,0.0162,0.0081
930,0.0461,0.0381,0.0591,0.0175,0.0069,0.0139,0.0176,0.0104
931,0.0461,0.0381,0.0587,0.0189,0.0065,0.0139,0.0169,0.0115
932,0.0460,0.0367,0.0576,0.0188,0.0062,0.0115,0.0139,0.0115
933,0.0460,0.0361,0.0570,0.0185,0.0061,0.0090,0.0107,0.0114
934,0.0461,0.0367,0.0576,0.0208,0.0068,0.0091,0.0114,0.0132
935,0.0463,0.0424,0.0598,0.0308,0.0086,0.0195,0.0182,0.0204
936,0.0460,0.0357,0.0568,0.0102,0.0052,0.0084,0.0105,0.0020
937,0.0460,0.0348,0.0562,0.0102,0.0049,0.0063,0.0081,0.0023
938,0.0460,0.0348,0.0562,0.0102,0.0049,0.0063,0.0081,0.0023
939,0.0460,0.0348,0.0562,0.0102,0.0049,0.0063,0.0081,0.0023
940,0.0460,0.0348,0.0562,0.0102,0.0049,0.0063,0.0081,0.0023
941,0.0460,0.0348,0.0562,0.0102,0.0049,0.0063,0.0081,0.0023
942,0.0460,0.0348,0.0562,0.0102,0.0049,0.0063,0.0081,0.0023
943,0.0460,0.0348,0.0562,0.0102,0.0049,0.0063,0.0081,0.0023
944,0.0460,0.0348,0.0562,0.0102,0.0049,0.0063,0.0081,0.0023
945,0.0460,0.0348,0.0562,0.0102,0.0049,0.0063,0.0081,0.0023
946,0.0460,0.0348,0.0562,0.0102,0.0049,0.0063,0.0081,0.0023
947,0.0460,0.0350,0.0564,0.0102,0.0056,0.0069,0.0091,0.0019
948,0.0460,0.0348,0.0562,0.0102,0.0049,0.0063,0.0081,0.0023
949,0.0460,0.0348,0.0562,0.0102,0.0049,0.0063,0.0081,0.0023
950,0.0460,0.0348,0.0562,0.0102,0.0049,0.0063,0.0081,0.0023
951,0.0460,0.0348,0.0562,0.0102,0.0049,0.0063,0.0081,0.0023
952,0.0460,0.0348,0.0562,0.0102,0.0049,0.0063,0.0081,0.0023
953,0.0460,0.0348,0.0562,0.0102,0.0049,0.0063,0.0081,0.0023
954,0.0460,0.0348,0.0562,0.0102,0.0049,0.0063,0.0081,0.0023
955,0.0460,0.0348,0.0562,0.0102,0.0049,0.0063,0.0081,0.0023
956,0.0460,0.0348,0.0562,0.0102,0.0049,0.0063,0.0081,0.0023
957,0.0460,0.0348,0.0562,0.0102,0.0049,0.0063,0.0081,0.0023
958,0.0460,0.0363,0.0573,0.0101,0.0057,0.0107,0.0131,0.0018
959,0.0460,0.0348,0.0562,0.0102,0.0049,0.0063,0.0081,0.0023
960,0.0460,0.0348,0.0562,0.0102,0.0049,0.0063,0.0081,0.0023
961,0.0460,0.0348,0.0562,0.0102,0.0049,0.0063,0.0081,0.0023
962,0.0460,0.0348,0.0562,0.0102,0.0049,0.0063,0.0081,0.0023
963,0.0460,0.0348,0.0562,0.0102,0.0049,0.0063,0.0081,0.0023
964,0.0460,0.0348,0.0562,0.0102,0.0049,0.0063,0.0081,0.0023
965,0.0460,0.0348,0.0562,0.0102,0.0049,0.0063,0.0081,0.0023
966,0.0460,0.0348,0.0562,0.0102,0.0049,0.0063,0.0081,0.0023
967,0.0460,0.0348,0.0562,0.0102,0.0049,0.0063,0.0081,0.0023
968,0.0460,0.0348,0.0562,0.0102,0.0049,0.0063,0.0081,0.0023
969,0.0460,0.0357,0.0569,0.0101,0.0056,0.0089,0.0112,0.0016
970,0.0460,0.0348,0.0562,0.0102,0.0049,0.0063,0.0081,0.0023
971,0.0460,0.0348,0.0562,0.0102,0.0049,0.0063,0.0081,0.0023
972,0.0460,0.0348,0.0562,0.0102,0.0049,0.0063,0.0081,0.0023
973,0.0460,0.0348,0.0562,0.0102,0.0049,0.0063,0.0081,0.0023
974,0.0460,0.0348,0.0562,0.0102,0.0049,0.0063,0.0081,0.0023
975,0.0463,0.0354,0.0577,0.0107,0.0075,0.0080,0.0136,0.0034
976,0.0462,0.0351,0.0567,0.0109,0.0072,0.0071,0.0109,0.0037
977,0.0462,0.0351,0.0565,0.0110,0.0070,0.0071,0.0101,0.0042
978,0.0461,0.0348,0.0562,0.0110,0.0068,0.0061,0.0080,0.0043
979,0.0460,0.0363,0.0573,0.0101,0.0057,0.0107,0.0131,0.0018
980,0.0461,0.0357,0.0568,0.0101,0.0057,0.0088,0.0110,0.0016
981,0.0460,0.0346,0.0562,0.0105,0.0062,0.0056,0.0080,0.0032
982,0.0460,0.0349,0.0564,0.0103,0.0060,0.0068,0.0094,0.0026
983,0.0460,0.0348,0.0563,0.0102,0.0057,0.0063,0.0086,0.0021
984,0.0460,0.0348,0.0562,0.0101,0.0054,0.0064,0.0085,0.0019
985,0.0460,0.0350,0.0564,0.0101,0.0051,0.0073,0.0094,0.0020
986,0.0460,0.0350,0.0565,0.0103,0.0056,0.0076,0.0102,0.0025
987,0.0460,0.0351,0.0564,0.0102,0.0061,0.0069,0.0087,0.0022
988,0.0460,0.0353,0.0564,0.0102,0.0055,0.0082,0.0094,0.0020
989,0.0460,0.0357,0.0568,0.0102,0.0052,0.0084,0.0105,0.0020
990,0.0460,0.0350,0.0564,0.0102,0.0056,0.0069,0.0091,0.0019
991,0.0461,0.0358,0.0568,0.0101,0.0060,0.0096,0.0113,0.0018
992,0.0460,0.0363,0.0573,0.0101,0.0057,0.0107,0.0131,0.0018
993,0.0460,0.0357,0.0569,0.0101,0.0056,0.0089,0.0112,0.0016
994,0.0461,0.0357,0.0568,0.0101,0.0057,0.0088,0.0110,0.0016
995,0.0461,0.0358,0.0568,0.0101,0.0060,0.0096,0.0113,0.0018
996,0.0462,0.0365,0.0572,0.0101,0.0069,0.0106,0.0120,0.0017
997,0.0461,0.0396,0.0588,0.0197,0.0065,0.0160,0.0169,0.0122
998,0.0460,0.0353,0.0566,0.0150,0.0060,0.0074,0.0097,0.0085
999,0.0460,0.0350,0.0564,0.0136,0.0058,0.0069,0.0092,0.0070
1000,0.0460,0.0351,0.0564,0.0101,0.0052,0.0068,0.0090,0.0016
1001,0.0460,0.0351,0.0564,0.0101,0.0052,0.0068,0.0090,0.0016
1002,0.0460,0.0351,0.0564,0.0101,0.0052,0.0068,0.0090,0.0016
1003,0.0460,0.0368,0.0579,0.0101,0.0058,0.0107,0.0137,0.0017
1004,0.0460,0.0368,0.0579,0.0101,0.0058,0.0107,0.0137,0.0017
1005,0.0460,0.0360,0.0572,0.0101,0.0063,0.0093,0.0118,0.0015
1006,0.0460,0.0357,0.0566,0.0101,0.0059,0.0084,0.0100,0.0018
1007,0.0460,0.0361,0.0569,0.0102,0.0057,0.0092,0.0112,0.0021
1008,0.0460,0.0357,0.0567,0.0102,0.0055,0.0083,0.0105,0.0021
1009,0.0460,0.0369,0.0574,0.0102,0.0057,0.0101,0.0123,0.0021
1010,0.0461,0.0376,0.0579,0.0103,0.0063,0.0115,0.0137,0.0023
1011,0.0461,0.0390,0.0586,0.0104,0.0068,0.0127,0.0147,0.0026
1012,0.0462,0.0383,0.0582,0.0105,0.0068,0.0123,0.0140,0.0027
1013,0.0462,0.0393,0.0585,0.0105,0.0075,0.0136,0.0153,0.0027
1014,0.0460,0.0360,0.0572,0.0101,0.0063,0.0093,0.0118,0.0015
1015,0.0463,0.0442,0.0596,0.0227,0.0077,0.0165,0.0160,0.0113
1016,0.0464,0.0432,0.0600,0.0195,0.0081,0.0143,0.0156,0.0092
1017,0.0463,0.0406,0.0591,0.0170,0.0080,0.0126,0.0144,0.0080
1018,0.0462,0.0395,0.0582,0.0164,0.0074,0.0125,0.0136,0.0078
1019,0.0461,0.0404,0.0582,0.0159,0.0064,0.0148,0.0144,0.0078
1020,0.0460,0.0395,0.0579,0.0139,0.0057,0.0140,0.0141,0.0061
1021,0.0461,0.0372,0.0571,0.0118,0.0062,0.0104,0.0115,0.0045
1022,0.0461,0.0356,0.0565,0.0112,0.0061,0.0077,0.0094,0.0040
1023,0.0463,0.0388,0.0585,0.0111,0.0084,0.0141,0.0150,0.0042
1024,0.0466,0.0415,0.0608,0.0107,0.0091,0.0169,0.0188,0.0035
1025,0.0460,0.0357,0.0566,0.0101,0.0059,0.0084,0.0100,0.0018
1026,0.0461,0.0367,0.0570,0.0109,0.0069,0.0097,0.0111,0.0035
1027,0.0462,0.0372,0.0573,0.0114,0.0076,0.0098,0.0114,0.0042
1028,0.0462,0.0368,0.0574,0.0107,0.0074,0.0094,0.0123,0.0036
1029,0.0462,0.0372,0.0579,0.0108,0.0072,0.0109,0.0140,0.0033
1030,0.0462,0.0379,0.0582,0.0117,0.0072,0.0120,0.0148,0.0048
1031,0.0461,0.0384,0.0583,0.0121,0.0062,0.0124,0.0148,0.0052
1032,0.0460,0.0405,0.0591,0.0126,0.0051,0.0138,0.0156,0.0055
1033,0.0460,0.0438,0.0606,0.0152,0.0055,0.0167,0.0175,0.0077
1034,0.0461,0.0450,0.0608,0.0179,0.0062,0.0177,0.0181,0.0101
1035,0.0462,0.0454,0.0619,0.0211,0.0073,0.0201,0.0211,0.0123
1036,0.0460,0.0361,0.0569,0.0102,0.0057,0.0092,0.0112,0.0021
1037,0.0460,0.0351,0.0564,0.0101,0.0052,0.0068,0.0090,0.0016
1038,0.0460,0.0351,0.0564,0.0101,0.0052,0.0068,0.0090,0.0016
1039,0.0460,0.0351,0.0564,0.0101,0.0052,0.0068,0.0090,0.0016
1040,0.0460,0.0351,0.0564,0.0101,0.0052,0.0068,0.0090,0.0016
1041,0.0460,0.0351,0.0564,0.0101,0.0052,0.0068,0.0090,0.0016
1042,0.0460,0.0351,0.0564,0.0101,0.0052,0.0068,0.0090,0.0016
1043,0.0460,0.0351,0.0564,0.0101,0.0052,0.0068,0.0090,0.0016
1044,0.0460,0.0351,0.0564,0.0101,0.0052,0.0068,0.0090,0.0016
1045,0.0460,0.0351,0.0564,0.0101,0.0052,0.0068,0.0090,0.0016
1046,0.0460,0.0351,0.0564,0.0101,0.0052,0.0068,0.0090,0.0016
1047,0.0460,0.0357,0.0567,0.0102,0.0055,0.0083,0.0105,0.0021
1048,0.0460,0.0351,0.0564,0.0101,0.0052,0.0068,0.0090,0.0016
1049,0.0460,0.0351,0.0564,0.0101,0.0052,0.0068,0.0090,0.0016
1050,0.0460,0.0351,0.0564,0.0101,0.0052,0.0068,0.0090,0.0016
1051,0.0460,0.0351,0.0564,0.0101,0.0052,0.0068,0.0090,0.0016
1052,0.0460,0.0351,0.0564,0.0101,0.0052,0.0068,0.0090,0.0016
1053,0.0460,0.0351,0.0564,0.0101,0.0052,0.0068,0.0090,0.0016
1054,0.0460,0.0351,0.0564,0.0101,0.0052,0.0068,0.0090,0.0016
1055,0.0460,0.0351,0.0564,0.0101,0.0052,0.0068,0.0090,0.0016
1056,0.0460,0.0351,0.0564,0.0101,0.0052,0.0068,0.0090,0.0016
1057,0.0460,0.0351,0.0564,0.0101,0.0052,0.0068,0.0090,0.0016
1058,0.0460,0.0369,0.0574,0.0102,0.0057,0.0101,0.0123,0.0021
1059,0.0460,0.0351,0.0564,0.0101,0.0052,0.0068,0.0090,0.0016
1060,0.0460,0.0351,0.0564,0.0101,0.0052,0.0068,0.0090,0.0016
1061,0.0460,0.0351,0.0564,0.0101,0.0052,0.0068,0.0090,0.0016
1062,0.0460,0.0351,0.0564,0.0101,0.0052,0.0068,0.0090,0.0016
1063,0.0460,0.0351,0.0564,0.0101,0.0052,0.0068,0.0090,0.0016
1064,0.0460,0.0351,0.0564,0.0101,0.0052,0.0068,0.0090,0.0016
1065,0.0460,0.0351,0.0564,0.0101,0.0052,0.0068,0.0090,0.0016
1066,0.0460,0.0351,0.0564,0.0101,0.0052,0.0068,0.0090,0.0016
1067,0.0460,0.0351,0.0564,0.0101,0.0052,0.0068,0.0090,0.0016
1068,0.0460,0.0351,0.0564,0.0101,0.0052,0.0068,0.0090,0.0016
1069,0.0461,0.0376,0.0579,0.0103,0.0063,0.0115,0.0137,0.0023
1070,0.0460,0.0351,0.0564,0.0101,0.0052,0.0068,0.0090,0.0016
1071,0.0460,0.0351,0.0564,0.0101,0.0052,0.0068,0.0090,0.0016
1072,0.0460,0.0351,0.0564,0.0101,0.0052,0.0068,0.0090,0.0016
1073,0.0460,0.0351,0.0564,0.0101,0.0052,0.0068,0.0090,0.0016
1074,0.0460,0.0351,0.0564,0.0101,0.0052,0.0068,0.0090,0.0016
1075,0.0465,0.0359,0.0566,0.0111,0.0082,0.0095,0.0101,0.0041
1076,0.0463,0.0355,0.0568,0.0107,0.0075,0.0083,0.0114,0.0034
1077,0.0462,0.0353,0.0573,0.0106,0.0072,0.0075,0.0122,0.0033
1078,0.0461,0.0351,0.0572,0.0107,0.0068,0.0071,0.0128,0.0036
1079,0.0460,0.0369,0.0574,0.0102,0.0057,0.0101,0.0123,0.0021
1080,0.0461,0.0390,0.0586,0.0104,0.0068,0.0127,0.0147,0.0026
1081,0.0460,0.0351,0.0571,0.0105,0.0060,0.0070,0.0117,0.0029
1082,0.0460,0.0349,0.0566,0.0103,0.0056,0.0063,0.0105,0.0024
1083,0.0460,0.0350,0.0565,0.0102,0.0054,0.0064,0.0096,0.0021
1084,0.0460,0.0352,0.0566,0.0101,0.0053,0.0074,0.0103,0.0018
1085,0.0460,0.0352,0.0565,0.0101,0.0051,0.0070,0.0097,0.0015
1086,0.0460,0.0368,0.0579,0.0101,0.0058,0.0107,0.0137,0.0017
1087,0.0460,0.0360,0.0572,0.0101,0.0063,0.0093,0.0118,0.0015
1088,0.0460,0.0357,0.0566,0.0101,0.0059,0.0084,0.0100,0.0018
1089,0.0460,0.0361,0.0569,0.0102,0.0057,0.0092,0.0112,0.0021
1090,0.0460,0.0357,0.0567,0.0102,0.0055,0.0083,0.0105,0.0021
1091,0.0462,0.0383,0.0582,0.0105,0.0068,0.0123,0.0140,0.0027
1092,0.0460,0.0369,0.0574,0.0102,0.0057,0.0101,0.0123,0.0021
1093,0.0461,0.0376,0.0579,0.0103,0.0063,0.0115,0.0137,0.0023
1094,0.0461,0.0390,0.0586,0.0104,0.0068,0.0127,0.0147,0.0026
1095,0.0462,0.0383,0.0582,0.0105,0.0068,0.0123,0.0140,0.0027
1096,0.0462,0.0393,0.0585,0.0105,0.0075,0.0136,0.0153,0.0027
1097,0.0463,0.0442,0.0596,0.0227,0.0077,0.0165,0.0160,0.0113
1098,0.0464,0.0432,0.0600,0.0195,0.0081,0.0143,0.0156,0.0092
1099,0.0463,0.0406,0.0591,0.0170,0.0080,0.0126,0.0144,0.0080
1100,0.0460,0.0350,0.0563,0.0101,0.0052,0.0065,0.0089,0.0015
1101,0.0460,0.0350,0.0563,0.0101,0.0052,0.0065,0.0089,0.0015
1102,0.0460,0.0350,0.0563,0.0101,0.0052,0.0065,0.0089,0.0015
1103,0.0460,0.0353,0.0567,0.0101,0.0056,0.0079,0.0105,0.0016
1104,0.0460,0.0353,0.0567,0.0101,0.0056,0.0079,0.0105,0.0016
1105,0.0460,0.0350,0.0565,0.0101,0.0059,0.0068,0.0090,0.0014
1106,0.0460,0.0355,0.0566,0.0101,0.0057,0.0087,0.0107,0.0017
1107,0.0460,0.0361,0.0569,0.0102,0.0056,0.0095,0.0114,0.0020
1108,0.0460,0.0358,0.0567,0.0102,0.0054,0.0083,0.0104,0.0020
1109,0.0460,0.0365,0.0572,0.0102,0.0057,0.0098,0.0120,0.0020
1110,0.0461,0.0371,0.0576,0.0102,0.0063,0.0112,0.0133,0.0021
1111,0.0461,0.0383,0.0584,0.0103,0.0068,0.0123,0.0143,0.0024
1112,0.0462,0.0373,0.0577,0.0104,0.0069,0.0112,0.0131,0.0025
1113,0.0462,0.0386,0.0584,0.0104,0.0070,0.0129,0.0149,0.0026
1114,0.0460,0.0350,0.0565,0.0101,0.0059,0.0068,0.0090,0.0014
1115,0.0462,0.0412,0.0585,0.0189,0.0071,0.0142,0.0144,0.0094
1116,0.0462,0.0414,0.0593,0.0168,0.0074,0.0137,0.0150,0.0079
1117,0.0462,0.0394,0.0587,0.0152,0.0073,0.0116,0.0139,0.0070
1118,0.0461,0.0376,0.0575,0.0142,0.0068,0.0102,0.0122,0.0064
1119,0.0460,0.0384,0.0576,0.0142,0.0060,0.0126,0.0131,0.0067
1120,0.0460,0.0380,0.0576,0.0126,0.0057,0.0124,0.0134,0.0052
1121,0.0461,0.0359,0.0567,0.0112,0.0063,0.0082,0.0101,0.0038
1122,0.0461,0.0352,0.0564,0.0109,0.0062,0.0066,0.0087,0.0036
1123,0.0463,0.0370,0.0575,0.0108,0.0080,0.0110,0.0124,0.0038
1124,0.0465,0.0376,0.0581,0.0106,0.0086,0.0121,0.0139,0.0033
1125,0.0460,0.0355,0.0566,0.0101,0.0057,0.0087,0.0107,0.0017
1126,0.0461,0.0363,0.0569,0.0107,0.0065,0.0094,0.0112,0.0033
1127,0.0461,0.0363,0.0569,0.0110,0.0071,0.0091,0.0107,0.0037
1128,0.0461,0.0361,0.0570,0.0105,0.0071,0.0087,0.0113,0.0032
1129,0.0462,0.0363,0.0573,0.0109,0.0069,0.0095,0.0127,0.0036
1130,0.0461,0.0371,0.0578,0.0121,0.0069,0.0112,0.0142,0.0054
1131,0.0460,0.0374,0.0578,0.0125,0.0061,0.0114,0.0138,0.0058
1132,0.0460,0.0389,0.0583,0.0124,0.0050,0.0127,0.0144,0.0053
1133,0.0460,0.0418,0.0596,0.0141,0.0054,0.0157,0.0166,0.0066
1134,0.0460,0.0422,0.0596,0.0159,0.0060,0.0159,0.0165,0.0082
1135,0.0462,0.0433,0.0612,0.0190,0.0070,0.0185,0.0198,0.0100
1136,0.0460,0.0361,0.0569,0.0102,0.0056,0.0095,0.0114,0.0020
1137,0.0460,0.0350,0.0563,0.0101,0.0052,0.0065,0.0089,0.0015
1138,0.0460,0.0350,0.0563,0.0101,0.0052,0.0065,0.0089,0.0015
1139,0.0460,0.0350,0.0563,0.0101,0.0052,0.0065,0.0089,0.0015
1140,0.0460,0.0350,0.0563,0.0101,0.0052,0.0065,0.0089,0.0015
1141,0.0460,0.0350,0.0563,0.0101,0.0052,0.0065,0.0089,0.0015
1142,0.0460,0.0350,0.0563,0.0101,0.0052,0.0065,0.0089,0.0015
1143,0.0460,0.0350,0.0563,0.0101,0.0052,0.0065,0.0089,0.0015
1144,0.0460,0.0350,0.0563,0.0101,0.0052,0.0065,0.0089,0.0015
1145,0.0460,0.0350,0.0563,0.0101,0.0052,0.0065,0.0089,0.0015
1146,0.0460,0.0350,0.0563,0.0101,0.0052,0.0065,0.0089,0.0015
1147,0.0460,0.0358,0.0567,0.0102,0.0054,0.0083,0.0104,0.0020
1148,0.0460,0.0350,0.0563,0.0101,0.0052,0.0065,0.0089,0.0015
1149,0.0460,0.0350,0.0563,0.0101,0.0052,0.0065,0.0089,0.0015
1150,0.0460,0.0350,0.0563,0.0101,0.0052,0.0065,0.0089,0.0015
1151,0.0460,0.0350,0.0563,0.0101,0.0052,0.0065,0.0089,0.0015
1152,0.0460,0.0350,0.0563,0.0101,0.0052,0.0065,0.0089,0.0015
1153,0.0460,0.0350,0.0563,0.0101,0.0052,0.0065,0.0089,0.0015
1154,0.0460,0.0350,0.0563,0.0101,0.0052,0.0065,0.0089,0.0015
1155,0.0460,0.0350,0.0563,0.0101,0.0052,0.0065,0.0089,0.0015
1156,0.0460,0.0350,0.0563,0.0101,0.0052,0.0065,0.0089,0.0015
1157,0.0460,0.0350,0.0563,0.0101,0.0052,0.0065,0.0089,0.0015
1158,0.0460,0.0365,0.0572,0.0102,0.0057,0.0098,0.0120,0.0020
1159,0.0460,0.0350,0.0563,0.0101,0.0052,0.0065,0.0089,0.0015
1160,0.0460,0.0350,0.0563,0.0101,0.0052,0.0065,0.0089,0.0015
1161,0.0460,0.0350,0.0563,0.0101,0.0052,0.0065,0.0089,0.0015
1162,0.0460,0.0350,0.0563,0.0101,0.0052,0.0065,0.0089,0.0015
1163,0.0460,0.0350,0.0563,0.0101,0.0052,0.0065,0.0089,0.0015
1164,0.0460,0.0350,0.0563,0.0101,0.0052,0.0065,0.0089,0.0015
1165,0.0460,0.0350,0.0563,0.0101,0.0052,0.0065,0.0089,0.0015
1166,0.0460,0.0350,0.0563,0.0101,0.0052,0.0065,0.0089,0.0015
1167,0.0460,0.0350,0.0563,0.0101,0.0052,0.0065,0.0089,0.0015
1168,0.0460,0.0350,0.0563,0.0101,0.0052,0.0065,0.0089,0.0015
1169,0.0461,0.0371,0.0576,0.0102,0.0063,0.0112,0.0133,0.0021
1170,0.0460,0.0350,0.0563,0.0101,0.0052,0.0065,0.0089,0.0015
1171,0.0460,0.0350,0.0563,0.0101,0.0052,0.0065,0.0089,0.0015
1172,0.0460,0.0350,0.0563,0.0101,0.0052,0.0065,0.0089,0.0015
1173,0.0460,0.0350,0.0563,0.0101,0.0052,0.0065,0.0089,0.0015
1174,0.0460,0.0350,0.0563,0.0101,0.0052,0.0065,0.0089,0.0015
1175,0.0465,0.0356,0.0566,0.0112,0.0083,0.0089,0.0097,0.0042
1176,0.0463,0.0353,0.0568,0.0107,0.0075,0.0079,0.0109,0.0035
1177,0.0462,0.0351,0.0569,0.0106,0.0071,0.0069,0.0114,0.0031
1178,0.0461,0.0351,0.0569,0.0106,0.0068,0.0073,0.0118,0.0034
1179,0.0460,0.0365,0.0572,0.0102,0.0057,0.0098,0.0120,0.0020
1180,0.0461,0.0383,0.0584,0.0103,0.0068,0.0123,0.0143,0.0024
1181,0.0460,0.0350,0.0570,0.0104,0.0060,0.0070,0.0112,0.0027
1182,0.0460,0.0349,0.0566,0.0102,0.0056,0.0062,0.0103,0.0021
1183,0.0460,0.0351,0.0568,0.0101,0.0054,0.0074,0.0111,0.0019
1184,0.0460,0.0351,0.0566,0.0101,0.0052,0.0074,0.0103,0.0016
1185,0.0460,0.0350,0.0564,0.0101,0.0051,0.0066,0.0091,0.0014
1186,0.0460,0.0353,0.0567,0.0101,0.0056,0.0079,0.0105,0.0016
1187,0.0460,0.0350,0.0565,0.0101,0.0059,0.0068,0.0090,0.0014
1188,0.0460,0.0355,0.0566,0.0101,0.0057,0.0087,0.0107,0.0017
1189,0.0460,0.0361,0.0569,0.0102,0.0056,0.0095,0.0114,0.0020
1190,0.0460,0.0358,0.0567,0.0102,0.0054,0.0083,0.0104,0.0020
1191,0.0462,0.0373,0.0577,0.0104,0.0069,0.0112,0.0131,0.0025
1192,0.0460,0.0365,0.0572,0.0102,0.0057,0.0098,0.0120,0.0020
1193,0.0461,0.0371,0.0576,0.0102,0.0063,0.0112,0.0133,0.0021
1194,0.0461,0.0383,0.0584,0.0103,0.0068,0.0123,0.0143,0.0024
1195,0.0462,0.0373,0.0577,0.0104,0.0069,0.0112,0.0131,0.0025
1196,0.0462,0.0386,0.0584,0.0104,0.0070,0.0129,0.0149,0.0026
1197,0.0462,0.0412,0.0585,0.0189,0.0071,0.0142,0.0144,0.0094
1198,0.0462,0.0414,0.0593,0.0168,0.0074,0.0137,0.0150,0.0079
1199,0.0462,0.0394,0.0587,0.0152,0.0073,0.0116,0.0139,0.0070
1200,0.0460,0.0349,0.0565,0.0101,0.0049,0.0069,0.0096,0.0015
1201,0.0460,0.0349,0.0565,0.0101,0.0049,0.0069,0.0096,0.0015
1202,0.0460,0.0349,0.0565,0.0101,0.0049,0.0069,0.0096,0.0015
1203,0.0460,0.0349,0.0564,0.0101,0.0054,0.0066,0.0093,0.0016
1204,0.0460,0.0349,0.0564,0.0101,0.0054,0.0066,0.0093,0.0016
1205,0.0460,0.0352,0.0566,0.0101,0.0061,0.0071,0.0094,0.0014
1206,0.0460,0.0356,0.0568,0.0101,0.0060,0.0092,0.0113,0.0016
1207,0.0460,0.0370,0.0579,0.0102,0.0056,0.0119,0.0144,0.0020
1208,0.0460,0.0353,0.0565,0.0102,0.0055,0.0078,0.0100,0.0019
1209,0.0460,0.0356,0.0567,0.0101,0.0056,0.0081,0.0103,0.0018
1210,0.0461,0.0356,0.0568,0.0101,0.0061,0.0091,0.0114,0.0019
1211,0.0461,0.0354,0.0567,0.0102,0.0066,0.0081,0.0104,0.0022
1212,0.0461,0.0374,0.0579,0.0102,0.0069,0.0119,0.0143,0.0022
1213,0.0462,0.0376,0.0581,0.0102,0.0065,0.0122,0.0146,0.0022
1214,0.0460,0.0352,0.0566,0.0101,0.0061,0.0071,0.0094,0.0014
1215,0.0460,0.0372,0.0573,0.0138,0.0060,0.0107,0.0121,0.0067
1216,0.0461,0.0374,0.0576,0.0126,0.0063,0.0109,0.0127,0.0055
1217,0.0461,0.0371,0.0576,0.0122,0.0062,0.0105,0.0129,0.0051
1218,0.0460,0.0357,0.0567,0.0122,0.0059,0.0081,0.0104,0.0052
1219,0.0460,0.0357,0.0567,0.0119,0.0055,0.0089,0.0109,0.0051
1220,0.0460,0.0360,0.0570,0.0112,0.0060,0.0096,0.0120,0.0041
1221,0.0461,0.0350,0.0564,0.0105,0.0065,0.0066,0.0090,0.0030
1222,0.0461,0.0353,0.0565,0.0105,0.0063,0.0074,0.0094,0.0030
1223,0.0461,0.0362,0.0571,0.0104,0.0070,0.0096,0.0117,0.0029
1224,0.0463,0.0360,0.0570,0.0105,0.0078,0.0094,0.0115,0.0028
1225,0.0460,0.0356,0.0568,0.0101,0.0060,0.0092,0.0113,0.0016
1226,0.0460,0.0356,0.0567,0.0104,0.0057,0.0087,0.0109,0.0027
1227,0.0461,0.0353,0.0565,0.0104,0.0063,0.0077,0.0096,0.0028
1228,0.0460,0.0352,0.0566,0.0103,0.0063,0.0071,0.0102,0.0023
1229,0.0461,0.0355,0.0571,0.0115,0.0063,0.0088,0.0126,0.0047
1230,0.0461,0.0362,0.0575,0.0130,0.0063,0.0103,0.0137,0.0065
1231,0.0460,0.0362,0.0574,0.0135,0.0057,0.0102,0.0132,0.0070
1232,0.0460,0.0363,0.0571,0.0128,0.0050,0.0096,0.0119,0.0060
1233,0.0460,0.0376,0.0576,0.0132,0.0052,0.0119,0.0132,0.0060
1234,0.0460,0.0378,0.0578,0.0145,0.0056,0.0116,0.0131,0.0070
1235,0.0462,0.0411,0.0605,0.0197,0.0070,0.0169,0.0190,0.0115
1236,0.0460,0.0370,0.0579,0.0102,0.0056,0.0119,0.0144,0.0020
1237,0.0460,0.0349,0.0565,0.0101,0.0049,0.0069,0.0096,0.0015
1238,0.0460,0.0349,0.0565,0.0101,0.0049,0.0069,0.0096,0.0015
1239,0.0460,0.0349,0.0565,0.0101,0.0049,0.0069,0.0096,0.0015
1240,0.0460,0.0349,0.0565,0.0101,0.0049,0.0069,0.0096,0.0015
1241,0.0460,0.0349,0.0565,0.0101,0.0049,0.0069,0.0096,0.0015
1242,0.0460,0.0349,0.0565,0.0101,0.0049,0.0069,0.0096,0.0015
1243,0.0460,0.0349,0.0565,0.0101,0.0049,0.0069,0.0096,0.0015
1244,0.0460,0.0349,0.0565,0.0101,0.0049,0.0069,0.0096,0.0015
1245,0.0460,0.0349,0.0565,0.0101,0.0049,0.0069,0.0096,0.0015
1246,0.0460,0.0349,0.0565,0.0101,0.0049,0.0069,0.0096,0.0015
1247,0.0460,0.0353,0.0565,0.0102,0.0055,0.0078,0.0100,0.0019
1248,0.0460,0.0349,0.0565,0.0101,0.0049,0.0069,0.0096,0.0015
1249,0.0460,0.0349,0.0565,0.0101,0.0049,0.0069,0.0096,0.0015
1250,0.0460,0.0349,0.0565,0.0101,0.0049,0.0069,0.0096,0.0015
1251,0.0460,0.0349,0.0565,0.0101,0.0049,0.0069,0.0096,0.0015
1252,0.0460,0.0349,0.0565,0.0101,0.0049,0.0069,0.0096,0.0015
1253,0.0460,0.0349,0.0565,0.0101,0.0049,0.0069,0.0096,0.0015
1254,0.0460,0.0349,0.0565,0.0101,0.0049,0.0069,0.0096,0.0015
1255,0.0460,0.0349,0.0565,0.0101,0.0049,0.0069,0.0096,0.0015
1256,0.0460,0.0349,0.0565,0.0101,0.0049,0.0069,0.0096,0.0015
1257,0.0460,0.0349,0.0565,0.0101,0.0049,0.0069,0.0096,0.0015
1258,0.0460,0.0356,0.0567,0.0101,0.0056,0.0081,0.0103,0.0018
1259,0.0460,0.0349,0.0565,0.0101,0.0049,0.0069,0.0096,0.0015
1260,0.0460,0.0349,0.0565,0.0101,0.0049,0.0069,0.0096,0.0015
1261,0.0460,0.0349,0.0565,0.0101,0.0049,0.0069,0.0096,0.0015
1262,0.0460,0.0349,0.0565,0.0101,0.0049,0.0069,0.0096,0.0015
1263,0.0460,0.0349,0.0565,0.0101,0.0049,0.0069,0.0096,0.0015
1264,0.0460,0.0349,0.0565,0.0101,0.0049,0.0069,0.0096,0.0015
1265,0.0460,0.0349,0.0565,0.0101,0.0049,0.0069,0.0096,0.0015
1266,0.0460,0.0349,0.0565,0.0101,0.0049,0.0069,0.0096,0.0015
1267,0.0460,0.0349,0.0565,0.0101,0.0049,0.0069,0.0096,0.0015
1268,0.0460,0.0349,0.0565,0.0101,0.0049,0.0069,0.0096,0.0015
1269,0.0461,0.0356,0.0568,0.0101,0.0061,0.0091,0.0114,0.0019
1270,0.0460,0.0349,0.0565,0.0101,0.0049,0.0069,0.0096,0.0015
1271,0.0460,0.0349,0.0565,0.0101,0.0049,0.0069,0.0096,0.0015
1272,0.0460,0.0349,0.0565,0.0101,0.0049,0.0069,0.0096,0.0015
1273,0.0460,0.0349,0.0565,0.0101,0.0049,0.0069,0.0096,0.0015
1274,0.0460,0.0349,0.0565,0.0101,0.0049,0.0069,0.0096,0.0015
1275,0.0465,0.0354,0.0568,0.0113,0.0085,0.0080,0.0108,0.0044
1276,0.0463,0.0353,0.0564,0.0107,0.0076,0.0077,0.0093,0.0036
1277,0.0462,0.0352,0.0565,0.0105,0.0071,0.0074,0.0097,0.0030
1278,0.0461,0.0356,0.0570,0.0105,0.0067,0.0088,0.0117,0.0030
1279,0.0460,0.0356,0.0567,0.0101,0.0056,0.0081,0.0103,0.0018
1280,0.0461,0.0354,0.0567,0.0102,0.0066,0.0081,0.0104,0.0022
1281,0.0460,0.0350,0.0566,0.0102,0.0060,0.0069,0.0099,0.0023
1282,0.0460,0.0349,0.0565,0.0101,0.0056,0.0069,0.0103,0.0018
1283,0.0460,0.0349,0.0565,0.0101,0.0053,0.0069,0.0102,0.0016
1284,0.0460,0.0351,0.0566,0.0101,0.0051,0.0078,0.0107,0.0014
1285,0.0460,0.0350,0.0566,0.0101,0.0049,0.0072,0.0102,0.0014
1286,0.0460,0.0349,0.0564,0.0101,0.0054,0.0066,0.0093,0.0016
1287,0.0460,0.0352,0.0566,0.0101,0.0061,0.0071,0.0094,0.0014
1288,0.0460,0.0356,0.0568,0.0101,0.0060,0.0092,0.0113,0.0016
1289,0.0460,0.0370,0.0579,0.0102,0.0056,0.0119,0.0144,0.0020
1290,0.0460,0.0353,0.0565,0.0102,0.0055,0.0078,0.0100,0.0019
1291,0.0461,0.0374,0.0579,0.0102,0.0069,0.0119,0.0143,0.0022
1292,0.0460,0.0356,0.0567,0.0101,0.0056,0.0081,0.0103,0.0018
1293,0.0461,0.0356,0.0568,0.0101,0.0061,0.0091,0.0114,0.0019
1294,0.0461,0.0354,0.0567,0.0102,0.0066,0.0081,0.0104,0.0022
1295,0.0461,0.0374,0.0579,0.0102,0.0069,0.0119,0.0143,0.0022
1296,0.0462,0.0376,0.0581,0.0102,0.0065,0.0122,0.0146,0.0022
1297,0.0460,0.0372,0.0573,0.0138,0.0060,0.0107,0.0121,0.0067
1298,0.0461,0.0374,0.0576,0.0126,0.0063,0.0109,0.0127,0.0055
1299,0.0461,0.0371,0.0576,0.0122,0.0062,0.0105,0.0129,0.0051
1300,0.0460,0.0347,0.0562,0.0101,0.0050,0.0060,0.0084,0.0015
1301,0.0460,0.0347,0.0562,0.0101,0.0050,0.0060,0.0084,0.0015
1302,0.0460,0.0347,0.0562,0.0101,0.0050,0.0060,0.0084,0.0015
1303,0.0460,0.0348,0.0563,0.0101,0.0058,0.0065,0.0090,0.0016
1304,0.0460,0.0348,0.0563,0.0101,0.0058,0.0065,0.0090,0.0016
1305,0.0461,0.0349,0.0564,0.0101,0.0067,0.0069,0.0090,0.0014
1306,0.0460,0.0351,0.0564,0.0101,0.0063,0.0078,0.0099,0.0017
1307,0.0460,0.0360,0.0572,0.0102,0.0059,0.0101,0.0127,0.0020
1308,0.0460,0.0349,0.0563,0.0102,0.0056,0.0068,0.0090,0.0019
1309,0.0460,0.0349,0.0564,0.0101,0.0056,0.0065,0.0091,0.0017
1310,0.0461,0.0353,0.0567,0.0101,0.0059,0.0079,0.0101,0.0017
1311,0.0461,0.0359,0.0570,0.0102,0.0063,0.0096,0.0119,0.0019
1312,0.0461,0.0372,0.0579,0.0102,0.0068,0.0113,0.0136,0.0020
1313,0.0461,0.0362,0.0572,0.0101,0.0065,0.0094,0.0119,0.0018
1314,0.0461,0.0349,0.0564,0.0101,0.0067,0.0069,0.0090,0.0014
1315,0.0460,0.0366,0.0574,0.0147,0.0054,0.0106,0.0129,0.0079
1316,0.0460,0.0357,0.0568,0.0124,0.0056,0.0084,0.0106,0.0058
1317,0.0460,0.0356,0.0567,0.0119,0.0056,0.0083,0.0106,0.0052
1318,0.0460,0.0351,0.0566,0.0126,0.0055,0.0076,0.0103,0.0056
1319,0.0460,0.0356,0.0569,0.0120,0.0057,0.0089,0.0117,0.0052
1320,0.0461,0.0353,0.0569,0.0110,0.0061,0.0080,0.0115,0.0039
1321,0.0461,0.0348,0.0563,0.0104,0.0064,0.0058,0.0085,0.0030
1322,0.0461,0.0347,0.0562,0.0106,0.0062,0.0058,0.0079,0.0033
1323,0.0461,0.0362,0.0569,0.0103,0.0064,0.0102,0.0115,0.0025
1324,0.0462,0.0372,0.0578,0.0105,0.0073,0.0119,0.0138,0.0029
1325,0.0460,0.0351,0.0564,0.0101,0.0063,0.0078,0.0099,0.0017
1326,0.0460,0.0347,0.0562,0.0102,0.0052,0.0057,0.0082,0.0022
1327,0.0460,0.0347,0.0564,0.0102,0.0060,0.0060,0.0093,0.0019
1328,0.0460,0.0350,0.0567,0.0105,0.0056,0.0073,0.0111,0.0031
1329,0.0460,0.0359,0.0576,0.0122,0.0058,0.0100,0.0142,0.0057
1330,0.0460,0.0372,0.0587,0.0143,0.0060,0.0122,0.0164,0.0076
1331,0.0460,0.0373,0.0585,0.0150,0.0054,0.0125,0.0164,0.0084
1332,0.0460,0.0364,0.0576,0.0146,0.0050,0.0109,0.0140,0.0080
1333,0.0460,0.0363,0.0572,0.0146,0.0051,0.0100,0.0122,0.0079
1334,0.0460,0.0371,0.0578,0.0166,0.0056,0.0110,0.0134,0.0096
1335,0.0462,0.0438,0.0620,0.0242,0.0074,0.0209,0.0224,0.0157
1336,0.0460,0.0360,0.0572,0.0102,0.0059,0.0101,0.0127,0.0020
1337,0.0460,0.0347,0.0562,0.0101,0.0050,0.0060,0.0084,0.0015
1338,0.0460,0.0347,0.0562,0.0101,0.0050,0.0060,0.0084,0.0015
1339,0.0460,0.0347,0.0562,0.0101,0.0050,0.0060,0.0084,0.0015
1340,0.0460,0.0347,0.0562,0.0101,0.0050,0.0060,0.0084,0.0015
1341,0.0460,0.0347,0.0562,0.0101,0.0050,0.0060,0.0084,0.0015
1342,0.0460,0.0347,0.0562,0.0101,0.0050,0.0060,0.0084,0.0015
1343,0.0460,0.0347,0.0562,0.0101,0.0050,0.0060,0.0084,0.0015
1344,0.0460,0.0347,0.0562,0.0101,0.0050,0.0060,0.0084,0.0015
1345,0.0460,0.0347,0.0562,0.0101,0.0050,0.0060,0.0084,0.0015
1346,0.0460,0.0347,0.0562,0.0101,0.0050,0.0060,0.0084,0.0015
1347,0.0460,0.0349,0.0563,0.0102,0.0056,0.0068,0.0090,0.0019
1348,0.0460,0.0347,0.0562,0.0101,0.0050,0.0060,0.0084,0.0015
1349,0.0460,0.0347,0.0562,0.0101,0.0050,0.0060,0.0084,0.0015
1350,0.0460,0.0347,0.0562,0.0101,0.0050,0.0060,0.0084,0.0015
1351,0.0460,0.0347,0.0562,0.0101,0.0050,0.0060,0.0084,0.0015
1352,0.0460,0.0347,0.0562,0.0101,0.0050,0.0060,0.0084,0.0015
1353,0.0460,0.0347,0.0562,0.0101,0.0050,0.0060,0.0084,0.0015
1354,0.0460,0.0347,0.0562,0.0101,0.0050,0.0060,0.0084,0.0015
1355,0.0460,0.0347,0.0562,0.0101,0.0050,0.0060,0.0084,0.0015
1356,0.0460,0.0347,0.0562,0.0101,0.0050,0.0060,0.0084,0.0015
1357,0.0460,0.0347,0.0562,0.0101,0.0050,0.0060,0.0084,0.0015
1358,0.0460,0.0349,0.0564,0.0101,0.0056,0.0065,0.0091,0.0017
1359,0.0460,0.0347,0.0562,0.0101,0.0050,0.0060,0.0084,0.0015
1360,0.0460,0.0347,0.0562,0.0101,0.0050,0.0060,0.0084,0.0015
1361,0.0460,0.0347,0.0562,0.0101,0.0050,0.0060,0.0084,0.0015
1362,0.0460,0.0347,0.0562,0.0101,0.0050,0.0060,0.0084,0.0015
1363,0.0460,0.0347,0.0562,0.0101,0.0050,0.0060,0.0084,0.0015
1364,0.0460,0.0347,0.0562,0.0101,0.0050,0.0060,0.0084,0.0015
1365,0.0460,0.0347,0.0562,0.0101,0.0050,0.0060,0.0084,0.0015
1366,0.0460,0.0347,0.0562,0.0101,0.0050,0.0060,0.0084,0.0015
1367,0.0460,0.0347,0.0562,0.0101,0.0050,0.0060,0.0084,0.0015
1368,0.0460,0.0347,0.0562,0.0101,0.0050,0.0060,0.0084,0.0015
1369,0.0461,0.0353,0.0567,0.0101,0.0059,0.0079,0.0101,0.0017
1370,0.0460,0.0347,0.0562,0.0101,0.0050,0.0060,0.0084,0.0015
1371,0.0460,0.0347,0.0562,0.0101,0.0050,0.0060,0.0084,0.0015
1372,0.0460,0.0347,0.0562,0.0101,0.0050,0.0060,0.0084,0.0015
1373,0.0460,0.0347,0.0562,0.0101,0.0050,0.0060,0.0084,0.0015
1374,0.0460,0.0347,0.0562,0.0101,0.0050,0.0060,0.0084,0.0015
1375,0.0465,0.0356,0.0576,0.0113,0.0087,0.0083,0.0132,0.0043
1376,0.0463,0.0353,0.0564,0.0107,0.0078,0.0079,0.0094,0.0035
1377,0.0462,0.0353,0.0564,0.0105,0.0071,0.0075,0.0094,0.0030
1378,0.0461,0.0353,0.0565,0.0104,0.0066,0.0085,0.0100,0.0030
1379,0.0460,0.0349,0.0564,0.0101,0.0056,0.0065,0.0091,0.0017
1380,0.0461,0.0359,0.0570,0.0102,0.0063,0.0096,0.0119,0.0019
1381,0.0460,0.0349,0.0564,0.0102,0.0059,0.0068,0.0093,0.0022
1382,0.0460,0.0350,0.0566,0.0101,0.0056,0.0073,0.0102,0.0017
1383,0.0460,0.0347,0.0563,0.0101,0.0054,0.0059,0.0084,0.0015
1384,0.0460,0.0347,0.0562,0.0101,0.0052,0.0061,0.0085,0.0015
1385,0.0460,0.0347,0.0563,0.0101,0.0050,0.0061,0.0088,0.0014
1386,0.0460,0.0348,0.0563,0.0101,0.0058,0.0065,0.0090,0.0016
1387,0.0461,0.0349,0.0564,0.0101,0.0067,0.0069,0.0090,0.0014
1388,0.0460,0.0351,0.0564,0.0101,0.0063,0.0078,0.0099,0.0017
1389,0.0460,0.0360,0.0572,0.0102,0.0059,0.0101,0.0127,0.0020
1390,0.0460,0.0349,0.0563,0.0102,0.0056,0.0068,0.0090,0.0019
1391,0.0461,0.0372,0.0579,0.0102,0.0068,0.0113,0.0136,0.0020
1392,0.0460,0.0349,0.0564,0.0101,0.0056,0.0065,0.0091,0.0017
1393,0.0461,0.0353,0.0567,0.0101,0.0059,0.0079,0.0101,0.0017
1394,0.0461,0.0359,0.0570,0.0102,0.0063,0.0096,0.0119,0.0019
1395,0.0461,0.0372,0.0579,0.0102,0.0068,0.0113,0.0136,0.0020
1396,0.0461,0.0362,0.0572,0.0101,0.0065,0.0094,0.0119,0.0018
1397,0.0460,0.0366,0.0574,0.0147,0.0054,0.0106,0.0129,0.0079
1398,0.0460,0.0357,0.0568,0.0124,0.0056,0.0084,0.0106,0.0058
1399,0.0460,0.0356,0.0567,0.0119,0.0056,0.0083,0.0106,0.0052
1400,0.0460,0.0346,0.0562,0.0101,0.0051,0.0055,0.0079,0.0015
1401,0.0460,0.0346,0.0562,0.0101,0.0051,0.0055,0.0079,0.0015
1402,0.0460,0.0346,0.0562,0.0101,0.0051,0.0055,0.0079,0.0015
1403,0.0460,0.0350,0.0565,0.0101,0.0060,0.0073,0.0100,0.0017
1404,0.0460,0.0350,0.0565,0.0101,0.0060,0.0073,0.0100,0.0017
1405,0.0461,0.0349,0.0563,0.0101,0.0069,0.0066,0.0088,0.0014
1406,0.0461,0.0350,0.0563,0.0101,0.0065,0.0070,0.0090,0.0017
1407,0.0460,0.0354,0.0567,0.0102,0.0060,0.0083,0.0107,0.0020
1408,0.0460,0.0349,0.0563,0.0102,0.0056,0.0068,0.0089,0.0019
1409,0.0460,0.0354,0.0568,0.0101,0.0055,0.0084,0.0114,0.0018
1410,0.0460,0.0355,0.0568,0.0101,0.0058,0.0085,0.0109,0.0016
1411,0.0461,0.0356,0.0569,0.0101,0.0061,0.0086,0.0110,0.0019
1412,0.0461,0.0357,0.0568,0.0101,0.0066,0.0093,0.0115,0.0018
1413,0.0461,0.0361,0.0572,0.0101,0.0065,0.0099,0.0122,0.0017
1414,0.0461,0.0349,0.0563,0.0101,0.0069,0.0066,0.0088,0.0014
1415,0.0460,0.0377,0.0580,0.0167,0.0056,0.0128,0.0149,0.0098
1416,0.0460,0.0352,0.0567,0.0134,0.0055,0.0070,0.0097,0.0069
1417,0.0460,0.0349,0.0564,0.0126,0.0055,0.0066,0.0092,0.0060
1418,0.0460,0.0353,0.0568,0.0133,0.0056,0.0081,0.0114,0.0064
1419,0.0460,0.0361,0.0574,0.0127,0.0058,0.0101,0.0133,0.0060
1420,0.0460,0.0354,0.0570,0.0112,0.0061,0.0082,0.0120,0.0042
1421,0.0461,0.0347,0.0564,0.0106,0.0063,0.0059,0.0092,0.0034
1422,0.0461,0.0346,0.0561,0.0108,0.0061,0.0053,0.0075,0.0038
1423,0.0461,0.0372,0.0575,0.0104,0.0061,0.0121,0.0133,0.0027
1424,0.0462,0.0367,0.0573,0.0106,0.0071,0.0112,0.0127,0.0032
1425,0.0461,0.0350,0.0563,0.0101,0.0065,0.0070,0.0090,0.0017
1426,0.0460,0.0348,0.0565,0.0102,0.0052,0.0068,0.0100,0.0020
1427,0.0460,0.0349,0.0566,0.0101,0.0063,0.0069,0.0107,0.0016
1428,0.0460,0.0353,0.0571,0.0106,0.0055,0.0083,0.0125,0.0034
1429,0.0460,0.0365,0.0582,0.0125,0.0056,0.0112,0.0155,0.0060
1430,0.0460,0.0380,0.0592,0.0147,0.0058,0.0135,0.0176,0.0080
1431,0.0460,0.0387,0.0596,0.0158,0.0054,0.0145,0.0183,0.0090
1432,0.0460,0.0377,0.0587,0.0157,0.0050,0.0132,0.0166,0.0089
1433,0.0460,0.0365,0.0574,0.0153,0.0051,0.0108,0.0133,0.0087
1434,0.0460,0.0376,0.0580,0.0177,0.0057,0.0125,0.0146,0.0107
1435,0.0462,0.0461,0.0633,0.0267,0.0076,0.0233,0.0243,0.0175
1436,0.0460,0.0354,0.0567,0.0102,0.0060,0.0083,0.0107,0.0020
1437,0.0460,0.0346,0.0562,0.0101,0.0051,0.0055,0.0079,0.0015
1438,0.0460,0.0346,0.0562,0.0101,0.0051,0.0055,0.0079,0.0015
1439,0.0460,0.0346,0.0562,0.0101,0.0051,0.0055,0.0079,0.0015
1440,0.0460,0.0346,0.0562,0.0101,0.0051,0.0055,0.0079,0.0015
1441,0.0460,0.0346,0.0562,0.0101,0.0051,0.0055,0.0079,0.0015
1442,0.0460,0.0346,0.0562,0.0101,0.0051,0.0055,0.0079,0.0015
1443,0.0460,0.0346,0.0562,0.0101,0.0051,0.0055,0.0079,0.0015
1444,0.0460,0.0346,0.0562,0.0101,0.0051,0.0055,0.0079,0.0015
1445,0.0460,0.0346,0.0562,0.0101,0.0051,0.0055,0.0079,0.0015
1446,0.0460,0.0346,0.0562,0.0101,0.0051,0.0055,0.0079,0.0015
1447,0.0460,0.0349,0.0563,0.0102,0.0056,0.0068,0.0089,0.0019
1448,0.0460,0.0346,0.0562,0.0101,0.0051,0.0055,0.0079,0.0015
1449,0.0460,0.0346,0.0562,0.0101,0.0051,0.0055,0.0079,0.0015
1450,0.0460,0.0346,0.0562,0.0101,0.0051,0.0055,0.0079,0.0015
1451,0.0460,0.0346,0.0562,0.0101,0.0051,0.0055,0.0079,0.0015
1452,0.0460,0.0346,0.0562,0.0101,0.0051,0.0055,0.0079,0.0015
1453,0.0460,0.0346,0.0562,0.0101,0.0051,0.0055,0.0079,0.0015
1454,0.0460,0.0346,0.0562,0.0101,0.0051,0.0055,0.0079,0.0015
1455,0.0460,0.0346,0.0562,0.0101,0.0051,0.0055,0.0079,0.0015
1456,0.0460,0.0346,0.0562,0.0101,0.0051,0.0055,0.0079,0.0015
1457,0.0460,0.0346,0.0562,0.0101,0.0051,0.0055,0.0079,0.0015
1458,0.0460,0.0354,0.0568,0.0101,0.0055,0.0084,0.0114,0.0018
1459,0.0460,0.0346,0.0562,0.0101,0.0051,0.0055,0.0079,0.0015
1460,0.0460,0.0346,0.0562,0.0101,0.0051,0.0055,0.0079,0.0015
1461,0.0460,0.0346,0.0562,0.0101,0.0051,0.0055,0.0079,0.0015
1462,0.0460,0.0346,0.0562,0.0101,0.0051,0.0055,0.0079,0.0015
1463,0.0460,0.0346,0.0562,0.0101,0.0051,0.0055,0.0079,0.0015
1464,0.0460,0.0346,0.0562,0.0101,0.0051,0.0055,0.0079,0.0015
1465,0.0460,0.0346,0.0562,0.0101,0.0051,0.0055,0.0079,0.0015
1466,0.0460,0.0346,0.0562,0.0101,0.0051,0.0055,0.0079,0.0015
1467,0.0460,0.0346,0.0562,0.0101,0.0051,0.0055,0.0079,0.0015
1468,0.0460,0.0346,0.0562,0.0101,0.0051,0.0055,0.0079,0.0015
1469,0.0460,0.0355,0.0568,0.0101,0.0058,0.0085,0.0109,0.0016
1470,0.0460,0.0346,0.0562,0.0101,0.0051,0.0055,0.0079,0.0015
1471,0.0460,0.0346,0.0562,0.0101,0.0051,0.0055,0.0079,0.0015
1472,0.0460,0.0346,0.0562,0.0101,0.0051,0.0055,0.0079,0.0015
1473,0.0460,0.0346,0.0562,0.0101,0.0051,0.0055,0.0079,0.0015
1474,0.0460,0.0346,0.0562,0.0101,0.0051,0.0055,0.0079,0.0015
1475,0.0465,0.0355,0.0580,0.0112,0.0087,0.0083,0.0144,0.0043
1476,0.0463,0.0353,0.0567,0.0107,0.0078,0.0077,0.0108,0.0035
1477,0.0462,0.0353,0.0565,0.0105,0.0071,0.0075,0.0098,0.0030
1478,0.0461,0.0351,0.0563,0.0104,0.0066,0.0079,0.0088,0.0030
1479,0.0460,0.0354,0.0568,0.0101,0.0055,0.0084,0.0114,0.0018
1480,0.0461,0.0356,0.0569,0.0101,0.0061,0.0086,0.0110,0.0019
1481,0.0460,0.0347,0.0562,0.0102,0.0059,0.0060,0.0081,0.0022
1482,0.0460,0.0350,0.0565,0.0101,0.0056,0.0070,0.0097,0.0017
1483,0.0460,0.0347,0.0563,0.0101,0.0054,0.0061,0.0086,0.0015
1484,0.0460,0.0348,0.0563,0.0101,0.0052,0.0062,0.0087,0.0015
1485,0.0460,0.0348,0.0563,0.0101,0.0051,0.0064,0.0089,0.0014
1486,0.0460,0.0350,0.0565,0.0101,0.0060,0.0073,0.0100,0.0017
1487,0.0461,0.0349,0.0563,0.0101,0.0069,0.0066,0.0088,0.0014
1488,0.0461,0.0350,0.0563,0.0101,0.0065,0.0070,0.0090,0.0017
1489,0.0460,0.0354,0.0567,0.0102,0.0060,0.0083,0.0107,0.0020
1490,0.0460,0.0349,0.0563,0.0102,0.0056,0.0068,0.0089,0.0019
1491,0.0461,0.0357,0.0568,0.0101,0.0066,0.0093,0.0115,0.0018
1492,0.0460,0.0354,0.0568,0.0101,0.0055,0.0084,0.0114,0.0018
1493,0.0460,0.0355,0.0568,0.0101,0.0058,0.0085,0.0109,0.0016
1494,0.0461,0.0356,0.0569,0.0101,0.0061,0.0086,0.0110,0.0019
1495,0.0461,0.0357,0.0568,0.0101,0.0066,0.0093,0.0115,0.0018
1496,0.0461,0.0361,0.0572,0.0101,0.0065,0.0099,0.0122,0.0017
1497,0.0460,0.0377,0.0580,0.0167,0.0056,0.0128,0.0149,0.0098
1498,0.0460,0.0352,0.0567,0.0134,0.0055,0.0070,0.0097,0.0069
1499,0.0460,0.0349,0.0564,0.0126,0.0055,0.0066,0.0092,0.0060
Total Error Summary
Vdc  MAE=  0.0058 RMSE=  0.0460
Idc  MAE=  0.0083 RMSE=  0.0359
Id   MAE=  0.0107 RMSE=  0.0569
Iq   MAE=  0.0030 RMSE=  0.0113
