Read Model from: ./ucf2tiir/
Export Model to: ./ucf2tiir/ucf2tiir_fhf.json
idx_in [0, 1, 2, 3, 4, 5, 6, 7, 8]
idx_out [9, 10, 11, 12]
make_mimo_block iir
H1s[0][0]  Real Poles: [-650.29437184 -650.29437184 -367.12837689 -367.12837689] Freqs [Hz]: [20.36407661740999, 32.665363438448104]
H1s[0][1]  Real Poles: [-725.5977122  -462.85049461 -462.85049461 -418.12089119] Freqs [Hz]: [37.62840325931217]
H1s[0][2]  Real Poles: [-770.92410926 -528.59630393 -528.59630393 -140.89236006] Freqs [Hz]: [46.015748749452655]
H1s[0][3]  Real Poles: [-649.46032352 -649.46032352 -360.60868633 -360.60868633] Freqs [Hz]: [20.31855933362131, 29.348567978316904]
H1s[1][0]  Real Poles: [-635.33793178 -635.33793178 -364.91862908 -364.91862908] Freqs [Hz]: [20.67178892121064, 25.532535916768392]
H1s[1][1]  Real Poles: [-725.28058602 -725.28058602 -354.02995781 -354.02995781] Freqs [Hz]: [31.494539517712106, 38.39930510222723]
H1s[1][2]  Real Poles: [-795.71179917 -530.12640608 -530.12640608 -127.64427155] Freqs [Hz]: [48.235774601868336]
H1s[1][3]  Real Poles: [-672.2133429  -672.2133429  -341.28137126 -341.28137126] Freqs [Hz]: [25.65192386898306, 32.95488356606454]
H1s[2][0]  Real Poles: [-762.17673684 -531.5089846  -531.5089846  -129.06903698] Freqs [Hz]: [45.20836572164533]
H1s[2][1]  Real Poles: [-749.09822503 -530.9931975  -530.9931975  -125.6483278 ] Freqs [Hz]: [42.46757848963578]
H1s[2][2]  Real Poles: [-816.74608868 -537.94068003 -537.94068003  -68.82075131] Freqs [Hz]: [52.41074603244315]
H1s[2][3]  Real Poles: [-820.91680748 -528.48866122 -528.48866122 -278.55800433] Freqs [Hz]: [50.365331163406644]
H1s[3][0]  Real Poles: [-652.02886407 -652.02886407 -347.12985013 -347.12985013] Freqs [Hz]: [22.11331469686086, 27.298934031887757]
H1s[3][1]  Real Poles: [-681.0493242  -681.0493242  -333.10852889 -333.10852889] Freqs [Hz]: [25.494847944711317, 36.29066959217979]
H1s[3][2]  Real Poles: [-638.94564017 -577.01215252 -419.14651067 -419.14651067] Freqs [Hz]: [30.579940446590246]
H1s[3][3]  Real Poles: [-640.14649932 -640.14649932 -398.83555303 -398.83555303] Freqs [Hz]: [8.307518693319855, 38.14309055948732]
model_folder = ./ucf2tiir/
model_root = ucf2tiir
data_path = d:/data/ucf2t.hdf5
idx_in [0, 1, 2, 3, 4, 5, 6, 7, 8]
idx_out [9, 10, 11, 12]
read 1500 dataframes
dt=0.002000 data_len=2500 n_io=13 n_case=1500
['T', 'G', 'Fc', 'Md1', 'Mq1', 'Id', 'Iq', 'GIrms', 'Ctl'] ['Vdc', 'Idc', 'Vod', 'Voq'] (1500, 2500, 13)
make_mimo_block iir
prepending initial conditions (1500, 500, 13) (1500, 2500, 13) float32 float32
results in (1500, 3000, 13)
Idx,Vdc,Idc,Vod,Voq
#,RMSE,RMSE,RMSE,RMSE
Total,0.0018,0.0019,0.0010,0.0013
0,0.0009,0.0003,0.0005,0.0004
1,0.0009,0.0004,0.0008,0.0004
2,0.0021,0.0015,0.0015,0.0010
3,0.0032,0.0015,0.0007,0.0013
4,0.0009,0.0014,0.0009,0.0014
5,0.0009,0.0004,0.0006,0.0004
6,0.0010,0.0026,0.0010,0.0015
7,0.0013,0.0018,0.0011,0.0015
8,0.0030,0.0012,0.0013,0.0015
9,0.0038,0.0019,0.0014,0.0015
10,0.0037,0.0020,0.0015,0.0015
11,0.0032,0.0017,0.0016,0.0017
12,0.0023,0.0013,0.0017,0.0019
13,0.0015,0.0016,0.0019,0.0022
14,0.0024,0.0020,0.0006,0.0014
15,0.0015,0.0024,0.0020,0.0026
16,0.0023,0.0034,0.0022,0.0033
17,0.0009,0.0004,0.0006,0.0004
18,0.0016,0.0020,0.0013,0.0020
19,0.0023,0.0020,0.0012,0.0018
20,0.0037,0.0022,0.0012,0.0017
21,0.0034,0.0029,0.0011,0.0016
22,0.0023,0.0038,0.0010,0.0016
23,0.0014,0.0041,0.0010,0.0016
24,0.0010,0.0038,0.0010,0.0015
25,0.0008,0.0011,0.0010,0.0023
26,0.0009,0.0033,0.0010,0.0015
27,0.0008,0.0028,0.0010,0.0014
28,0.0008,0.0023,0.0010,0.0014
29,0.0009,0.0004,0.0006,0.0004
30,0.0011,0.0025,0.0009,0.0015
31,0.0013,0.0030,0.0010,0.0016
32,0.0014,0.0034,0.0010,0.0017
33,0.0013,0.0037,0.0010,0.0018
34,0.0010,0.0037,0.0010,0.0020
35,0.0009,0.0033,0.0010,0.0020
36,0.0014,0.0024,0.0006,0.0014
37,0.0013,0.0023,0.0010,0.0021
38,0.0011,0.0019,0.0010,0.0020
39,0.0014,0.0020,0.0010,0.0020
40,0.0035,0.0024,0.0010,0.0020
41,0.0009,0.0004,0.0006,0.0004
42,0.0009,0.0022,0.0010,0.0014
43,0.0009,0.0022,0.0010,0.0014
44,0.0009,0.0022,0.0010,0.0014
45,0.0009,0.0022,0.0010,0.0014
46,0.0009,0.0022,0.0010,0.0014
47,0.0009,0.0024,0.0006,0.0014
48,0.0009,0.0022,0.0010,0.0014
49,0.0009,0.0022,0.0010,0.0014
50,0.0009,0.0022,0.0010,0.0014
51,0.0009,0.0022,0.0010,0.0014
52,0.0009,0.0022,0.0010,0.0014
53,0.0009,0.0004,0.0006,0.0004
54,0.0009,0.0022,0.0010,0.0014
55,0.0009,0.0022,0.0010,0.0014
56,0.0009,0.0022,0.0010,0.0014
57,0.0009,0.0022,0.0010,0.0014
58,0.0006,0.0023,0.0006,0.0013
59,0.0009,0.0022,0.0010,0.0014
60,0.0009,0.0022,0.0010,0.0014
61,0.0009,0.0022,0.0010,0.0014
62,0.0009,0.0022,0.0010,0.0014
63,0.0009,0.0022,0.0010,0.0014
64,0.0009,0.0022,0.0010,0.0014
65,0.0011,0.0004,0.0006,0.0004
66,0.0009,0.0004,0.0006,0.0004
67,0.0008,0.0019,0.0015,0.0015
68,0.0008,0.0021,0.0012,0.0015
69,0.0007,0.0021,0.0006,0.0013
70,0.0008,0.0024,0.0008,0.0015
71,0.0009,0.0024,0.0007,0.0015
72,0.0011,0.0024,0.0010,0.0014
73,0.0012,0.0017,0.0008,0.0019
74,0.0010,0.0019,0.0009,0.0019
75,0.0009,0.0021,0.0009,0.0018
76,0.0009,0.0023,0.0009,0.0017
77,0.0008,0.0023,0.0010,0.0016
78,0.0009,0.0004,0.0006,0.0004
79,0.0008,0.0022,0.0009,0.0014
80,0.0008,0.0018,0.0006,0.0012
81,0.0009,0.0023,0.0009,0.0014
82,0.0008,0.0022,0.0009,0.0013
83,0.0008,0.0021,0.0009,0.0012
84,0.0010,0.0019,0.0009,0.0012
85,0.0044,0.0055,0.0019,0.0011
86,0.0025,0.0034,0.0017,0.0008
87,0.0023,0.0019,0.0015,0.0007
88,0.0029,0.0011,0.0014,0.0007
89,0.0034,0.0013,0.0013,0.0016
90,0.0009,0.0004,0.0006,0.0004
91,0.0013,0.0017,0.0005,0.0011
92,0.0032,0.0014,0.0013,0.0010
93,0.0027,0.0012,0.0012,0.0011
94,0.0021,0.0010,0.0012,0.0012
95,0.0014,0.0010,0.0011,0.0014
96,0.0011,0.0014,0.0010,0.0015
97,0.0009,0.0027,0.0009,0.0016
98,0.0015,0.0019,0.0009,0.0016
99,0.0033,0.0011,0.0010,0.0016
100,0.0041,0.0017,0.0011,0.0015
101,0.0040,0.0016,0.0012,0.0016
102,0.0015,0.0018,0.0005,0.0011
103,0.0009,0.0004,0.0006,0.0004
104,0.0034,0.0013,0.0013,0.0016
105,0.0025,0.0011,0.0015,0.0018
106,0.0015,0.0019,0.0017,0.0021
107,0.0014,0.0030,0.0018,0.0025
108,0.0023,0.0042,0.0020,0.0030
109,0.0014,0.0020,0.0010,0.0023
110,0.0026,0.0019,0.0009,0.0021
111,0.0039,0.0022,0.0009,0.0020
112,0.0037,0.0028,0.0008,0.0019
113,0.0014,0.0022,0.0015,0.0013
114,0.0015,0.0018,0.0006,0.0011
115,0.0025,0.0038,0.0008,0.0019
116,0.0009,0.0004,0.0006,0.0004
117,0.0016,0.0040,0.0009,0.0018
118,0.0011,0.0038,0.0009,0.0018
119,0.0009,0.0032,0.0010,0.0017
120,0.0009,0.0028,0.0010,0.0016
121,0.0008,0.0024,0.0010,0.0015
122,0.0010,0.0026,0.0009,0.0015
123,0.0012,0.0032,0.0008,0.0016
124,0.0013,0.0036,0.0007,0.0017
125,0.0013,0.0018,0.0006,0.0012
126,0.0012,0.0039,0.0007,0.0018
127,0.0009,0.0039,0.0007,0.0018
128,0.0009,0.0004,0.0006,0.0004
129,0.0010,0.0035,0.0007,0.0019
130,0.0015,0.0025,0.0007,0.0019
131,0.0013,0.0020,0.0007,0.0018
132,0.0013,0.0019,0.0008,0.0018
133,0.0033,0.0022,0.0008,0.0018
134,0.0008,0.0023,0.0010,0.0015
135,0.0008,0.0023,0.0010,0.0015
136,0.0012,0.0017,0.0007,0.0013
137,0.0008,0.0023,0.0010,0.0015
138,0.0008,0.0023,0.0010,0.0015
139,0.0008,0.0023,0.0010,0.0015
140,0.0009,0.0004,0.0006,0.0004
141,0.0008,0.0023,0.0010,0.0015
142,0.0008,0.0023,0.0010,0.0015
143,0.0008,0.0023,0.0010,0.0015
144,0.0008,0.0023,0.0010,0.0015
145,0.0008,0.0023,0.0010,0.0015
146,0.0008,0.0023,0.0010,0.0015
147,0.0009,0.0004,0.0006,0.0005
148,0.0008,0.0023,0.0010,0.0015
149,0.0008,0.0023,0.0010,0.0015
150,0.0008,0.0023,0.0010,0.0015
151,0.0008,0.0023,0.0010,0.0015
152,0.0009,0.0004,0.0006,0.0004
153,0.0008,0.0023,0.0010,0.0015
154,0.0008,0.0023,0.0010,0.0015
155,0.0008,0.0023,0.0010,0.0015
156,0.0008,0.0023,0.0010,0.0015
157,0.0008,0.0023,0.0010,0.0015
158,0.0009,0.0006,0.0007,0.0009
159,0.0009,0.0023,0.0010,0.0016
160,0.0009,0.0024,0.0007,0.0015
161,0.0010,0.0023,0.0006,0.0014
162,0.0011,0.0019,0.0006,0.0014
163,0.0010,0.0023,0.0013,0.0015
164,0.0009,0.0004,0.0006,0.0004
165,0.0014,0.0016,0.0012,0.0021
166,0.0011,0.0017,0.0013,0.0020
167,0.0010,0.0019,0.0014,0.0019
168,0.0010,0.0020,0.0015,0.0018
169,0.0011,0.0013,0.0008,0.0015
170,0.0009,0.0020,0.0015,0.0017
171,0.0009,0.0019,0.0016,0.0015
172,0.0009,0.0020,0.0015,0.0014
173,0.0009,0.0019,0.0015,0.0013
174,0.0009,0.0018,0.0015,0.0012
175,0.0010,0.0016,0.0014,0.0012
176,0.0009,0.0004,0.0006,0.0004
177,0.0043,0.0058,0.0019,0.0012
178,0.0025,0.0036,0.0019,0.0009
179,0.0022,0.0021,0.0019,0.0007
180,0.0012,0.0015,0.0008,0.0016
181,0.0027,0.0012,0.0019,0.0008
182,0.0036,0.0015,0.0013,0.0016
183,0.0029,0.0014,0.0019,0.0010
184,0.0025,0.0012,0.0019,0.0011
185,0.0020,0.0010,0.0019,0.0013
186,0.0014,0.0009,0.0018,0.0014
187,0.0011,0.0012,0.0017,0.0015
188,0.0009,0.0004,0.0005,0.0004
189,0.0009,0.0004,0.0006,0.0004
190,0.0009,0.0023,0.0014,0.0016
191,0.0012,0.0016,0.0009,0.0018
192,0.0016,0.0015,0.0012,0.0016
193,0.0035,0.0013,0.0012,0.0016
194,0.0043,0.0020,0.0011,0.0015
195,0.0042,0.0019,0.0012,0.0015
196,0.0036,0.0015,0.0013,0.0016
197,0.0026,0.0011,0.0015,0.0017
198,0.0016,0.0018,0.0017,0.0019
199,0.0014,0.0030,0.0019,0.0023
200,0.0024,0.0042,0.0021,0.0028
201,0.0009,0.0004,0.0006,0.0004
202,0.0023,0.0019,0.0010,0.0020
203,0.0013,0.0016,0.0007,0.0028
204,0.0028,0.0015,0.0007,0.0026
205,0.0041,0.0017,0.0008,0.0024
206,0.0039,0.0022,0.0009,0.0023
207,0.0026,0.0031,0.0011,0.0022
208,0.0017,0.0035,0.0013,0.0021
209,0.0012,0.0032,0.0014,0.0020
210,0.0010,0.0027,0.0016,0.0019
211,0.0009,0.0024,0.0016,0.0017
212,0.0009,0.0020,0.0016,0.0016
213,0.0045,0.0021,0.0011,0.0023
214,0.0009,0.0004,0.0006,0.0004
215,0.0010,0.0023,0.0014,0.0015
216,0.0013,0.0030,0.0013,0.0015
217,0.0013,0.0034,0.0012,0.0015
218,0.0012,0.0038,0.0010,0.0016
219,0.0010,0.0038,0.0009,0.0016
220,0.0010,0.0034,0.0008,0.0016
221,0.0015,0.0024,0.0008,0.0016
222,0.0013,0.0019,0.0007,0.0016
223,0.0014,0.0018,0.0007,0.0017
224,0.0010,0.0031,0.0015,0.0018
225,0.0010,0.0017,0.0005,0.0011
226,0.0034,0.0022,0.0007,0.0018
227,0.0009,0.0004,0.0006,0.0004
228,0.0009,0.0020,0.0015,0.0016
229,0.0009,0.0020,0.0015,0.0016
230,0.0009,0.0020,0.0015,0.0016
231,0.0009,0.0020,0.0015,0.0016
232,0.0009,0.0020,0.0015,0.0016
233,0.0009,0.0020,0.0015,0.0016
234,0.0009,0.0020,0.0015,0.0016
235,0.0009,0.0020,0.0015,0.0016
236,0.0010,0.0017,0.0005,0.0011
237,0.0009,0.0020,0.0015,0.0016
238,0.0009,0.0020,0.0015,0.0016
239,0.0009,0.0004,0.0006,0.0004
240,0.0009,0.0020,0.0015,0.0016
241,0.0009,0.0020,0.0015,0.0016
242,0.0009,0.0020,0.0015,0.0016
243,0.0009,0.0020,0.0015,0.0016
244,0.0009,0.0020,0.0015,0.0016
245,0.0009,0.0020,0.0015,0.0016
246,0.0009,0.0020,0.0015,0.0016
247,0.0010,0.0017,0.0005,0.0011
248,0.0009,0.0020,0.0015,0.0016
249,0.0009,0.0020,0.0015,0.0016
250,0.0009,0.0020,0.0015,0.0016
251,0.0010,0.0017,0.0010,0.0007
252,0.0007,0.0003,0.0005,0.0005
253,0.0007,0.0005,0.0006,0.0004
254,0.0006,0.0008,0.0007,0.0004
255,0.0007,0.0012,0.0007,0.0004
256,0.0006,0.0003,0.0006,0.0004
257,0.0008,0.0004,0.0007,0.0004
258,0.0010,0.0017,0.0005,0.0011
259,0.0007,0.0003,0.0005,0.0004
260,0.0006,0.0003,0.0005,0.0004
261,0.0006,0.0003,0.0005,0.0004
262,0.0007,0.0003,0.0005,0.0004
263,0.0009,0.0014,0.0010,0.0006
264,0.0007,0.0003,0.0005,0.0005
265,0.0007,0.0003,0.0005,0.0005
266,0.0006,0.0003,0.0005,0.0006
267,0.0006,0.0004,0.0005,0.0006
268,0.0007,0.0005,0.0005,0.0007
269,0.0010,0.0017,0.0005,0.0011
270,0.0030,0.0009,0.0006,0.0018
271,0.0021,0.0007,0.0005,0.0014
272,0.0016,0.0007,0.0005,0.0010
273,0.0015,0.0006,0.0005,0.0007
274,0.0015,0.0008,0.0005,0.0006
275,0.0007,0.0008,0.0010,0.0004
276,0.0020,0.0007,0.0006,0.0005
277,0.0022,0.0008,0.0006,0.0004
278,0.0022,0.0008,0.0006,0.0004
279,0.0020,0.0009,0.0006,0.0004
280,0.0014,0.0006,0.0005,0.0012
281,0.0017,0.0008,0.0005,0.0004
282,0.0009,0.0007,0.0005,0.0005
283,0.0013,0.0009,0.0005,0.0004
284,0.0016,0.0009,0.0005,0.0004
285,0.0016,0.0009,0.0005,0.0004
286,0.0016,0.0009,0.0005,0.0004
287,0.0007,0.0005,0.0009,0.0004
288,0.0015,0.0008,0.0005,0.0006
289,0.0013,0.0008,0.0005,0.0009
290,0.0011,0.0008,0.0006,0.0013
291,0.0010,0.0017,0.0005,0.0011
292,0.0009,0.0008,0.0006,0.0017
293,0.0007,0.0008,0.0007,0.0023
294,0.0021,0.0027,0.0014,0.0018
295,0.0024,0.0019,0.0010,0.0014
296,0.0025,0.0013,0.0007,0.0010
297,0.0025,0.0008,0.0005,0.0008
298,0.0023,0.0005,0.0005,0.0006
299,0.0007,0.0013,0.0008,0.0004
300,0.0020,0.0004,0.0005,0.0006
301,0.0016,0.0003,0.0006,0.0005
302,0.0010,0.0017,0.0005,0.0011
303,0.0011,0.0003,0.0006,0.0004
304,0.0007,0.0003,0.0006,0.0004
305,0.0006,0.0003,0.0006,0.0004
306,0.0008,0.0003,0.0005,0.0005
307,0.0007,0.0004,0.0005,0.0005
308,0.0007,0.0007,0.0005,0.0006
309,0.0007,0.0009,0.0006,0.0006
310,0.0009,0.0011,0.0006,0.0006
311,0.0009,0.0004,0.0006,0.0004
312,0.0015,0.0010,0.0007,0.0007
313,0.0010,0.0017,0.0005,0.0011
314,0.0010,0.0012,0.0007,0.0006
315,0.0012,0.0012,0.0009,0.0006
316,0.0014,0.0011,0.0010,0.0008
317,0.0016,0.0010,0.0011,0.0012
318,0.0018,0.0008,0.0012,0.0016
319,0.0007,0.0003,0.0005,0.0004
320,0.0007,0.0003,0.0005,0.0004
321,0.0007,0.0003,0.0005,0.0004
322,0.0007,0.0003,0.0005,0.0004
323,0.0007,0.0003,0.0005,0.0004
324,0.0010,0.0017,0.0005,0.0011
325,0.0012,0.0010,0.0008,0.0007
326,0.0007,0.0003,0.0005,0.0004
327,0.0007,0.0003,0.0005,0.0004
328,0.0007,0.0003,0.0005,0.0004
329,0.0007,0.0003,0.0005,0.0004
330,0.0007,0.0003,0.0005,0.0004
331,0.0007,0.0003,0.0005,0.0004
332,0.0007,0.0003,0.0005,0.0004
333,0.0007,0.0003,0.0005,0.0004
334,0.0007,0.0003,0.0005,0.0004
335,0.0013,0.0041,0.0014,0.0024
336,0.0010,0.0017,0.0005,0.0011
337,0.0007,0.0003,0.0005,0.0004
338,0.0010,0.0010,0.0009,0.0006
339,0.0007,0.0003,0.0005,0.0004
340,0.0007,0.0003,0.0005,0.0004
341,0.0007,0.0003,0.0005,0.0004
342,0.0007,0.0003,0.0005,0.0004
343,0.0007,0.0003,0.0005,0.0004
344,0.0007,0.0018,0.0008,0.0006
345,0.0007,0.0016,0.0008,0.0005
346,0.0005,0.0010,0.0008,0.0004
347,0.0010,0.0017,0.0005,0.0011
348,0.0006,0.0007,0.0007,0.0004
349,0.0007,0.0011,0.0010,0.0004
350,0.0009,0.0011,0.0010,0.0006
351,0.0011,0.0011,0.0006,0.0006
352,0.0009,0.0012,0.0007,0.0006
353,0.0008,0.0012,0.0007,0.0005
354,0.0007,0.0013,0.0008,0.0005
355,0.0006,0.0013,0.0008,0.0004
356,0.0006,0.0014,0.0008,0.0004
357,0.0006,0.0014,0.0008,0.0004
358,0.0010,0.0017,0.0005,0.0011
359,0.0006,0.0014,0.0008,0.0004
360,0.0008,0.0013,0.0007,0.0004
361,0.0009,0.0014,0.0007,0.0005
362,0.0008,0.0011,0.0010,0.0005
363,0.0030,0.0021,0.0008,0.0011
364,0.0020,0.0016,0.0007,0.0007
365,0.0014,0.0013,0.0006,0.0005
366,0.0012,0.0012,0.0005,0.0004
367,0.0023,0.0010,0.0011,0.0004
368,0.0013,0.0012,0.0005,0.0006
369,0.0010,0.0017,0.0005,0.0011
370,0.0014,0.0014,0.0005,0.0006
371,0.0014,0.0016,0.0006,0.0006
372,0.0014,0.0018,0.0007,0.0005
373,0.0012,0.0019,0.0007,0.0005
374,0.0008,0.0011,0.0010,0.0004
375,0.0019,0.0005,0.0009,0.0004
376,0.0028,0.0008,0.0010,0.0004
377,0.0030,0.0010,0.0010,0.0004
378,0.0030,0.0011,0.0011,0.0004
379,0.0027,0.0010,0.0011,0.0004
380,0.0010,0.0017,0.0005,0.0011
381,0.0023,0.0010,0.0011,0.0004
382,0.0018,0.0009,0.0011,0.0005
383,0.0013,0.0009,0.0011,0.0009
384,0.0009,0.0010,0.0011,0.0013
385,0.0007,0.0011,0.0010,0.0019
386,0.0009,0.0011,0.0010,0.0004
387,0.0014,0.0008,0.0006,0.0009
388,0.0009,0.0004,0.0004,0.0012
389,0.0020,0.0005,0.0005,0.0014
390,0.0027,0.0006,0.0006,0.0016
391,0.0010,0.0017,0.0005,0.0011
392,0.0030,0.0006,0.0007,0.0016
393,0.0028,0.0005,0.0008,0.0015
394,0.0023,0.0006,0.0009,0.0014
395,0.0016,0.0010,0.0009,0.0011
396,0.0011,0.0012,0.0009,0.0009
397,0.0007,0.0014,0.0009,0.0006
398,0.0009,0.0010,0.0010,0.0004
399,0.0006,0.0012,0.0008,0.0004
400,0.0006,0.0010,0.0007,0.0006
401,0.0006,0.0007,0.0007,0.0008
402,0.0025,0.0008,0.0005,0.0015
403,0.0007,0.0006,0.0007,0.0010
404,0.0007,0.0007,0.0006,0.0011
405,0.0007,0.0008,0.0006,0.0012
406,0.0009,0.0008,0.0005,0.0011
407,0.0016,0.0008,0.0005,0.0009
408,0.0026,0.0008,0.0005,0.0007
409,0.0038,0.0009,0.0005,0.0006
410,0.0012,0.0009,0.0009,0.0005
411,0.0006,0.0014,0.0008,0.0004
412,0.0006,0.0014,0.0008,0.0004
413,0.0010,0.0017,0.0005,0.0011
414,0.0006,0.0014,0.0008,0.0004
415,0.0006,0.0014,0.0008,0.0004
416,0.0006,0.0014,0.0008,0.0004
417,0.0006,0.0014,0.0008,0.0004
418,0.0006,0.0014,0.0008,0.0004
419,0.0006,0.0014,0.0008,0.0004
420,0.0006,0.0014,0.0008,0.0004
421,0.0006,0.0014,0.0008,0.0004
422,0.0014,0.0010,0.0008,0.0006
423,0.0006,0.0014,0.0008,0.0004
424,0.0010,0.0017,0.0005,0.0011
425,0.0006,0.0014,0.0008,0.0004
426,0.0006,0.0014,0.0008,0.0004
427,0.0006,0.0014,0.0008,0.0004
428,0.0006,0.0014,0.0008,0.0004
429,0.0006,0.0014,0.0008,0.0004
430,0.0006,0.0014,0.0008,0.0004
431,0.0006,0.0014,0.0008,0.0004
432,0.0006,0.0014,0.0008,0.0004
433,0.0006,0.0014,0.0008,0.0004
434,0.0009,0.0004,0.0006,0.0004
435,0.0010,0.0017,0.0005,0.0011
436,0.0023,0.0019,0.0009,0.0009
437,0.0008,0.0015,0.0006,0.0009
438,0.0006,0.0016,0.0007,0.0009
439,0.0009,0.0020,0.0009,0.0005
440,0.0006,0.0016,0.0008,0.0004
441,0.0010,0.0022,0.0010,0.0009
442,0.0013,0.0015,0.0009,0.0012
443,0.0011,0.0017,0.0009,0.0011
444,0.0010,0.0018,0.0009,0.0010
445,0.0009,0.0020,0.0009,0.0009
446,0.0029,0.0009,0.0012,0.0004
447,0.0010,0.0017,0.0005,0.0011
448,0.0008,0.0021,0.0009,0.0009
449,0.0015,0.0014,0.0007,0.0006
450,0.0007,0.0021,0.0009,0.0007
451,0.0008,0.0022,0.0009,0.0006
452,0.0008,0.0021,0.0009,0.0006
453,0.0010,0.0020,0.0009,0.0005
454,0.0011,0.0021,0.0009,0.0005
455,0.0051,0.0020,0.0014,0.0007
456,0.0028,0.0010,0.0013,0.0004
457,0.0013,0.0007,0.0012,0.0004
458,0.0010,0.0017,0.0005,0.0011
459,0.0011,0.0009,0.0010,0.0006
460,0.0029,0.0008,0.0015,0.0004
461,0.0010,0.0010,0.0006,0.0005
462,0.0016,0.0010,0.0007,0.0009
463,0.0015,0.0009,0.0006,0.0010
464,0.0012,0.0010,0.0005,0.0010
465,0.0010,0.0014,0.0006,0.0009
466,0.0008,0.0019,0.0007,0.0009
467,0.0020,0.0014,0.0011,0.0006
468,0.0033,0.0007,0.0012,0.0005
469,0.0010,0.0023,0.0006,0.0013
470,0.0038,0.0006,0.0013,0.0004
471,0.0039,0.0006,0.0014,0.0004
472,0.0035,0.0006,0.0015,0.0004
473,0.0008,0.0008,0.0005,0.0006
474,0.0029,0.0008,0.0015,0.0004
475,0.0022,0.0013,0.0015,0.0006
476,0.0015,0.0018,0.0015,0.0009
477,0.0009,0.0024,0.0014,0.0013
478,0.0010,0.0030,0.0013,0.0019
479,0.0027,0.0020,0.0006,0.0009
480,0.0010,0.0021,0.0005,0.0012
481,0.0008,0.0013,0.0005,0.0012
482,0.0024,0.0009,0.0006,0.0015
483,0.0033,0.0009,0.0007,0.0018
484,0.0035,0.0010,0.0009,0.0019
485,0.0024,0.0009,0.0013,0.0005
486,0.0031,0.0013,0.0010,0.0019
487,0.0023,0.0018,0.0010,0.0018
488,0.0017,0.0021,0.0010,0.0016
489,0.0012,0.0022,0.0010,0.0013
490,0.0009,0.0022,0.0009,0.0010
491,0.0011,0.0017,0.0006,0.0011
492,0.0007,0.0020,0.0008,0.0006
493,0.0008,0.0018,0.0008,0.0005
494,0.0009,0.0015,0.0007,0.0005
495,0.0012,0.0011,0.0006,0.0006
496,0.0016,0.0008,0.0006,0.0006
497,0.0009,0.0009,0.0006,0.0007
498,0.0016,0.0008,0.0005,0.0007
499,0.0011,0.0008,0.0005,0.0007
500,0.0010,0.0009,0.0005,0.0007
501,0.0023,0.0012,0.0005,0.0009
502,0.0009,0.0014,0.0007,0.0011
503,0.0043,0.0016,0.0005,0.0013
504,0.0008,0.0021,0.0009,0.0008
505,0.0008,0.0021,0.0009,0.0008
506,0.0008,0.0021,0.0009,0.0008
507,0.0008,0.0021,0.0009,0.0008
508,0.0008,0.0021,0.0009,0.0008
509,0.0010,0.0010,0.0007,0.0007
510,0.0008,0.0021,0.0009,0.0008
511,0.0008,0.0021,0.0009,0.0008
512,0.0008,0.0021,0.0009,0.0008
513,0.0013,0.0014,0.0013,0.0011
514,0.0008,0.0021,0.0009,0.0008
515,0.0008,0.0021,0.0009,0.0008
516,0.0008,0.0021,0.0009,0.0008
517,0.0008,0.0021,0.0009,0.0008
518,0.0008,0.0021,0.0009,0.0008
519,0.0008,0.0021,0.0009,0.0008
520,0.0008,0.0021,0.0009,0.0008
521,0.0011,0.0013,0.0008,0.0007
522,0.0008,0.0021,0.0009,0.0008
523,0.0008,0.0021,0.0009,0.0008
524,0.0032,0.0009,0.0006,0.0016
525,0.0008,0.0021,0.0009,0.0008
526,0.0008,0.0021,0.0009,0.0008
527,0.0008,0.0021,0.0009,0.0008
528,0.0010,0.0018,0.0006,0.0010
529,0.0009,0.0017,0.0006,0.0010
530,0.0011,0.0025,0.0010,0.0008
531,0.0011,0.0023,0.0009,0.0006
532,0.0008,0.0017,0.0006,0.0011
533,0.0011,0.0015,0.0009,0.0006
534,0.0008,0.0010,0.0008,0.0014
535,0.0007,0.0013,0.0006,0.0015
536,0.0007,0.0012,0.0007,0.0014
537,0.0006,0.0014,0.0007,0.0013
538,0.0006,0.0015,0.0007,0.0012
539,0.0006,0.0016,0.0007,0.0011
540,0.0006,0.0016,0.0006,0.0009
541,0.0007,0.0016,0.0007,0.0009
542,0.0007,0.0016,0.0007,0.0008
543,0.0007,0.0015,0.0007,0.0008
544,0.0008,0.0016,0.0008,0.0007
545,0.0010,0.0016,0.0010,0.0006
546,0.0009,0.0015,0.0006,0.0015
547,0.0062,0.0027,0.0017,0.0007
548,0.0035,0.0013,0.0016,0.0004
549,0.0020,0.0010,0.0015,0.0004
550,0.0018,0.0015,0.0014,0.0006
551,0.0029,0.0012,0.0014,0.0008
552,0.0021,0.0019,0.0010,0.0009
553,0.0018,0.0016,0.0008,0.0009
554,0.0014,0.0012,0.0007,0.0010
555,0.0010,0.0010,0.0005,0.0010
556,0.0006,0.0012,0.0005,0.0010
557,0.0029,0.0024,0.0006,0.0009
558,0.0009,0.0016,0.0006,0.0014
559,0.0010,0.0017,0.0006,0.0013
560,0.0010,0.0018,0.0006,0.0012
561,0.0012,0.0020,0.0006,0.0011
562,0.0012,0.0020,0.0006,0.0010
563,0.0011,0.0018,0.0006,0.0010
564,0.0009,0.0015,0.0006,0.0010
565,0.0009,0.0015,0.0006,0.0010
566,0.0034,0.0008,0.0008,0.0017
567,0.0056,0.0039,0.0018,0.0007
568,0.0011,0.0015,0.0005,0.0009
569,0.0030,0.0022,0.0016,0.0006
570,0.0020,0.0014,0.0014,0.0005
571,0.0021,0.0015,0.0012,0.0006
572,0.0026,0.0017,0.0014,0.0014
573,0.0023,0.0019,0.0009,0.0008
574,0.0020,0.0017,0.0007,0.0009
575,0.0014,0.0012,0.0006,0.0010
576,0.0008,0.0010,0.0005,0.0011
577,0.0007,0.0012,0.0005,0.0011
578,0.0032,0.0007,0.0009,0.0016
579,0.0028,0.0012,0.0006,0.0012
580,0.0010,0.0021,0.0007,0.0012
581,0.0008,0.0015,0.0008,0.0012
582,0.0025,0.0015,0.0010,0.0011
583,0.0031,0.0020,0.0011,0.0012
584,0.0031,0.0021,0.0013,0.0012
585,0.0026,0.0017,0.0014,0.0014
586,0.0018,0.0014,0.0016,0.0017
587,0.0012,0.0014,0.0017,0.0021
588,0.0014,0.0021,0.0019,0.0026
589,0.0021,0.0031,0.0020,0.0033
590,0.0035,0.0012,0.0007,0.0014
591,0.0027,0.0005,0.0010,0.0015
592,0.0027,0.0020,0.0006,0.0014
593,0.0014,0.0018,0.0007,0.0013
594,0.0029,0.0018,0.0007,0.0013
595,0.0030,0.0022,0.0007,0.0013
596,0.0021,0.0028,0.0007,0.0014
597,0.0011,0.0034,0.0006,0.0014
598,0.0008,0.0031,0.0006,0.0014
599,0.0008,0.0027,0.0006,0.0013
600,0.0010,0.0025,0.0006,0.0012
601,0.0031,0.0013,0.0007,0.0016
602,0.0009,0.0021,0.0006,0.0012
603,0.0019,0.0007,0.0010,0.0013
604,0.0014,0.0020,0.0005,0.0012
605,0.0019,0.0024,0.0005,0.0012
606,0.0016,0.0024,0.0005,0.0013
607,0.0015,0.0025,0.0005,0.0015
608,0.0015,0.0026,0.0006,0.0016
609,0.0009,0.0019,0.0006,0.0017
610,0.0009,0.0016,0.0007,0.0019
611,0.0011,0.0017,0.0007,0.0020
612,0.0009,0.0003,0.0006,0.0004
613,0.0022,0.0018,0.0008,0.0016
614,0.0022,0.0020,0.0008,0.0021
615,0.0045,0.0024,0.0008,0.0023
616,0.0014,0.0009,0.0011,0.0010
617,0.0011,0.0019,0.0006,0.0012
618,0.0011,0.0019,0.0006,0.0012
619,0.0011,0.0019,0.0006,0.0012
620,0.0011,0.0019,0.0006,0.0012
621,0.0011,0.0019,0.0006,0.0012
622,0.0011,0.0019,0.0006,0.0012
623,0.0011,0.0019,0.0006,0.0012
624,0.0014,0.0020,0.0008,0.0016
625,0.0011,0.0019,0.0006,0.0012
626,0.0011,0.0019,0.0006,0.0012
627,0.0011,0.0019,0.0006,0.0012
628,0.0010,0.0011,0.0011,0.0007
629,0.0011,0.0019,0.0006,0.0012
630,0.0011,0.0019,0.0006,0.0012
631,0.0011,0.0019,0.0006,0.0012
632,0.0011,0.0019,0.0006,0.0012
633,0.0011,0.0019,0.0006,0.0012
634,0.0011,0.0019,0.0006,0.0012
635,0.0009,0.0021,0.0008,0.0015
636,0.0011,0.0019,0.0006,0.0012
637,0.0011,0.0019,0.0006,0.0012
638,0.0011,0.0019,0.0006,0.0012
639,0.0011,0.0019,0.0006,0.0012
640,0.0009,0.0004,0.0006,0.0006
641,0.0007,0.0010,0.0010,0.0004
642,0.0011,0.0019,0.0010,0.0014
643,0.0012,0.0019,0.0009,0.0013
644,0.0012,0.0020,0.0007,0.0012
645,0.0012,0.0018,0.0007,0.0012
646,0.0006,0.0020,0.0007,0.0013
647,0.0011,0.0019,0.0013,0.0013
648,0.0008,0.0016,0.0007,0.0016
649,0.0009,0.0018,0.0007,0.0015
650,0.0011,0.0021,0.0007,0.0015
651,0.0011,0.0021,0.0007,0.0014
652,0.0011,0.0022,0.0006,0.0013
653,0.0008,0.0008,0.0010,0.0006
654,0.0012,0.0023,0.0006,0.0012
655,0.0012,0.0024,0.0006,0.0011
656,0.0012,0.0022,0.0006,0.0011
657,0.0006,0.0018,0.0007,0.0012
658,0.0011,0.0021,0.0006,0.0011
659,0.0009,0.0018,0.0006,0.0011
660,0.0069,0.0043,0.0021,0.0008
661,0.0026,0.0024,0.0017,0.0006
662,0.0019,0.0013,0.0015,0.0006
663,0.0022,0.0011,0.0013,0.0006
664,0.0026,0.0013,0.0013,0.0015
665,0.0008,0.0006,0.0009,0.0008
666,0.0025,0.0015,0.0009,0.0009
667,0.0021,0.0013,0.0008,0.0010
668,0.0031,0.0011,0.0012,0.0004
669,0.0016,0.0009,0.0007,0.0011
670,0.0009,0.0009,0.0006,0.0011
671,0.0007,0.0014,0.0006,0.0012
672,0.0011,0.0025,0.0007,0.0013
673,0.0009,0.0019,0.0008,0.0013
674,0.0025,0.0012,0.0009,0.0012
675,0.0032,0.0016,0.0010,0.0012
676,0.0032,0.0016,0.0012,0.0013
677,0.0010,0.0006,0.0009,0.0010
678,0.0026,0.0013,0.0013,0.0015
679,0.0008,0.0016,0.0006,0.0009
680,0.0019,0.0011,0.0015,0.0017
681,0.0013,0.0016,0.0016,0.0021
682,0.0015,0.0026,0.0018,0.0026
683,0.0023,0.0036,0.0020,0.0033
684,0.0026,0.0026,0.0007,0.0015
685,0.0015,0.0023,0.0007,0.0014
686,0.0029,0.0023,0.0007,0.0014
687,0.0030,0.0028,0.0007,0.0014
688,0.0020,0.0036,0.0007,0.0014
689,0.0010,0.0008,0.0008,0.0011
690,0.0011,0.0017,0.0006,0.0008
691,0.0011,0.0041,0.0007,0.0014
692,0.0009,0.0036,0.0007,0.0014
693,0.0008,0.0031,0.0007,0.0013
694,0.0010,0.0029,0.0007,0.0013
695,0.0009,0.0024,0.0007,0.0012
696,0.0014,0.0024,0.0006,0.0013
697,0.0019,0.0029,0.0006,0.0013
698,0.0017,0.0029,0.0006,0.0014
699,0.0015,0.0031,0.0006,0.0016
700,0.0014,0.0032,0.0006,0.0017
701,0.0010,0.0015,0.0006,0.0008
702,0.0009,0.0009,0.0007,0.0012
703,0.0009,0.0026,0.0006,0.0019
704,0.0009,0.0018,0.0006,0.0019
705,0.0010,0.0016,0.0006,0.0020
706,0.0020,0.0018,0.0006,0.0021
707,0.0043,0.0021,0.0007,0.0021
708,0.0011,0.0022,0.0006,0.0012
709,0.0011,0.0022,0.0006,0.0012
710,0.0011,0.0022,0.0006,0.0012
711,0.0011,0.0022,0.0006,0.0012
712,0.0010,0.0013,0.0006,0.0009
713,0.0011,0.0022,0.0006,0.0012
714,0.0009,0.0010,0.0007,0.0011
715,0.0011,0.0022,0.0006,0.0012
716,0.0011,0.0022,0.0006,0.0012
717,0.0011,0.0022,0.0006,0.0012
718,0.0011,0.0022,0.0006,0.0012
719,0.0011,0.0022,0.0006,0.0012
720,0.0011,0.0022,0.0006,0.0012
721,0.0011,0.0022,0.0006,0.0012
722,0.0011,0.0022,0.0006,0.0012
723,0.0021,0.0006,0.0011,0.0004
724,0.0012,0.0011,0.0006,0.0009
725,0.0011,0.0022,0.0006,0.0012
726,0.0011,0.0022,0.0006,0.0012
727,0.0014,0.0009,0.0006,0.0010
728,0.0011,0.0022,0.0006,0.0012
729,0.0011,0.0022,0.0006,0.0012
730,0.0011,0.0022,0.0006,0.0012
731,0.0011,0.0022,0.0006,0.0012
732,0.0011,0.0022,0.0006,0.0012
733,0.0010,0.0020,0.0013,0.0014
734,0.0011,0.0021,0.0010,0.0014
735,0.0015,0.0010,0.0006,0.0010
736,0.0013,0.0016,0.0009,0.0013
737,0.0014,0.0011,0.0009,0.0012
738,0.0009,0.0023,0.0011,0.0014
739,0.0023,0.0008,0.0006,0.0008
740,0.0008,0.0014,0.0009,0.0017
741,0.0009,0.0016,0.0009,0.0016
742,0.0009,0.0017,0.0009,0.0015
743,0.0012,0.0019,0.0009,0.0015
744,0.0011,0.0020,0.0009,0.0014
745,0.0012,0.0019,0.0009,0.0013
746,0.0014,0.0012,0.0007,0.0012
747,0.0012,0.0020,0.0009,0.0012
748,0.0012,0.0019,0.0009,0.0012
749,0.0011,0.0018,0.0009,0.0012
750,0.0010,0.0017,0.0009,0.0012
751,0.0034,0.0009,0.0006,0.0006
752,0.0060,0.0051,0.0019,0.0008
753,0.0034,0.0030,0.0017,0.0006
754,0.0021,0.0017,0.0016,0.0006
755,0.0020,0.0012,0.0014,0.0007
756,0.0030,0.0024,0.0015,0.0017
757,0.0011,0.0013,0.0007,0.0014
758,0.0023,0.0016,0.0011,0.0009
759,0.0019,0.0015,0.0010,0.0010
760,0.0014,0.0012,0.0010,0.0011
761,0.0009,0.0010,0.0009,0.0012
762,0.0008,0.0012,0.0009,0.0013
763,0.0010,0.0004,0.0006,0.0007
764,0.0008,0.0011,0.0010,0.0005
765,0.0012,0.0023,0.0009,0.0014
766,0.0011,0.0014,0.0010,0.0014
767,0.0027,0.0015,0.0012,0.0014
768,0.0019,0.0013,0.0007,0.0017
769,0.0036,0.0025,0.0013,0.0014
770,0.0035,0.0027,0.0014,0.0015
771,0.0030,0.0024,0.0015,0.0017
772,0.0022,0.0019,0.0017,0.0019
773,0.0014,0.0016,0.0018,0.0023
774,0.0015,0.0018,0.0020,0.0028
775,0.0024,0.0026,0.0022,0.0035
776,0.0008,0.0011,0.0010,0.0005
777,0.0019,0.0019,0.0011,0.0021
778,0.0021,0.0018,0.0011,0.0019
779,0.0041,0.0016,0.0008,0.0022
780,0.0035,0.0019,0.0011,0.0018
781,0.0032,0.0025,0.0010,0.0017
782,0.0021,0.0034,0.0010,0.0016
783,0.0013,0.0037,0.0009,0.0016
784,0.0009,0.0034,0.0009,0.0015
785,0.0009,0.0029,0.0009,0.0015
786,0.0010,0.0025,0.0009,0.0014
787,0.0010,0.0021,0.0009,0.0013
788,0.0008,0.0011,0.0010,0.0005
789,0.0015,0.0022,0.0009,0.0014
790,0.0030,0.0011,0.0012,0.0004
791,0.0019,0.0027,0.0009,0.0014
792,0.0021,0.0031,0.0009,0.0015
793,0.0020,0.0033,0.0009,0.0016
794,0.0016,0.0033,0.0009,0.0017
795,0.0012,0.0028,0.0009,0.0018
796,0.0009,0.0019,0.0009,0.0018
797,0.0011,0.0017,0.0009,0.0018
798,0.0023,0.0020,0.0010,0.0018
799,0.0047,0.0027,0.0010,0.0019
800,0.0008,0.0011,0.0010,0.0005
801,0.0006,0.0016,0.0006,0.0010
802,0.0012,0.0020,0.0009,0.0013
803,0.0012,0.0020,0.0009,0.0013
804,0.0012,0.0020,0.0009,0.0013
805,0.0012,0.0020,0.0009,0.0013
806,0.0012,0.0020,0.0009,0.0013
807,0.0012,0.0020,0.0009,0.0013
808,0.0012,0.0020,0.0009,0.0013
809,0.0012,0.0020,0.0009,0.0013
810,0.0012,0.0020,0.0009,0.0013
811,0.0012,0.0020,0.0009,0.0013
812,0.0006,0.0016,0.0006,0.0010
813,0.0008,0.0011,0.0010,0.0005
814,0.0012,0.0020,0.0009,0.0013
815,0.0012,0.0020,0.0009,0.0013
816,0.0012,0.0020,0.0009,0.0013
817,0.0012,0.0020,0.0009,0.0013
818,0.0012,0.0020,0.0009,0.0013
819,0.0012,0.0020,0.0009,0.0013
820,0.0012,0.0020,0.0009,0.0013
821,0.0012,0.0020,0.0009,0.0013
822,0.0012,0.0020,0.0009,0.0013
823,0.0006,0.0016,0.0006,0.0010
824,0.0012,0.0020,0.0009,0.0013
825,0.0008,0.0011,0.0010,0.0005
826,0.0009,0.0021,0.0013,0.0014
827,0.0010,0.0022,0.0011,0.0014
828,0.0010,0.0022,0.0009,0.0014
829,0.0011,0.0021,0.0008,0.0014
830,0.0009,0.0024,0.0011,0.0015
831,0.0008,0.0018,0.0009,0.0018
832,0.0008,0.0019,0.0009,0.0017
833,0.0009,0.0021,0.0009,0.0016
834,0.0009,0.0015,0.0008,0.0010
835,0.0006,0.0016,0.0006,0.0010
836,0.0010,0.0023,0.0010,0.0016
837,0.0010,0.0023,0.0010,0.0015
838,0.0008,0.0011,0.0010,0.0005
839,0.0010,0.0023,0.0009,0.0013
840,0.0010,0.0023,0.0009,0.0013
841,0.0010,0.0023,0.0009,0.0012
842,0.0010,0.0022,0.0009,0.0012
843,0.0009,0.0020,0.0009,0.0012
844,0.0051,0.0055,0.0019,0.0008
845,0.0028,0.0033,0.0017,0.0007
846,0.0006,0.0016,0.0006,0.0010
847,0.0020,0.0019,0.0016,0.0007
848,0.0022,0.0011,0.0015,0.0008
849,0.0031,0.0015,0.0014,0.0016
850,0.0008,0.0011,0.0010,0.0005
851,0.0025,0.0013,0.0013,0.0010
852,0.0021,0.0012,0.0012,0.0011
853,0.0016,0.0009,0.0012,0.0012
854,0.0010,0.0010,0.0011,0.0013
855,0.0008,0.0014,0.0010,0.0014
856,0.0010,0.0026,0.0009,0.0014
857,0.0006,0.0016,0.0006,0.0010
858,0.0012,0.0018,0.0009,0.0014
859,0.0029,0.0011,0.0010,0.0014
860,0.0037,0.0018,0.0011,0.0014
861,0.0036,0.0018,0.0012,0.0014
862,0.0008,0.0011,0.0010,0.0005
863,0.0031,0.0015,0.0014,0.0016
864,0.0022,0.0011,0.0015,0.0018
865,0.0014,0.0015,0.0017,0.0021
866,0.0016,0.0025,0.0019,0.0025
867,0.0025,0.0036,0.0021,0.0031
868,0.0006,0.0016,0.0006,0.0010
869,0.0017,0.0021,0.0011,0.0023
870,0.0023,0.0019,0.0010,0.0021
871,0.0037,0.0021,0.0009,0.0020
872,0.0034,0.0028,0.0009,0.0019
873,0.0023,0.0037,0.0008,0.0018
874,0.0008,0.0011,0.0010,0.0005
875,0.0014,0.0040,0.0009,0.0018
876,0.0010,0.0037,0.0009,0.0017
877,0.0009,0.0032,0.0010,0.0016
878,0.0009,0.0028,0.0010,0.0015
879,0.0006,0.0016,0.0006,0.0010
880,0.0009,0.0024,0.0010,0.0014
881,0.0013,0.0026,0.0009,0.0014
882,0.0017,0.0031,0.0008,0.0014
883,0.0018,0.0035,0.0008,0.0015
884,0.0016,0.0038,0.0008,0.0016
885,0.0013,0.0037,0.0008,0.0017
886,0.0012,0.0005,0.0006,0.0008
887,0.0008,0.0011,0.0010,0.0005
888,0.0010,0.0033,0.0008,0.0017
889,0.0010,0.0022,0.0008,0.0017
890,0.0006,0.0016,0.0006,0.0010
891,0.0010,0.0017,0.0008,0.0017
892,0.0019,0.0017,0.0008,0.0017
893,0.0041,0.0022,0.0009,0.0018
894,0.0010,0.0023,0.0009,0.0014
895,0.0010,0.0023,0.0009,0.0014
896,0.0010,0.0023,0.0009,0.0014
897,0.0010,0.0023,0.0009,0.0014
898,0.0010,0.0023,0.0009,0.0014
899,0.0008,0.0011,0.0010,0.0005
900,0.0010,0.0023,0.0009,0.0014
901,0.0006,0.0016,0.0006,0.0010
902,0.0010,0.0023,0.0009,0.0014
903,0.0010,0.0023,0.0009,0.0014
904,0.0010,0.0023,0.0009,0.0014
905,0.0010,0.0023,0.0009,0.0014
906,0.0010,0.0023,0.0009,0.0014
907,0.0010,0.0023,0.0009,0.0014
908,0.0010,0.0023,0.0009,0.0014
909,0.0010,0.0023,0.0009,0.0014
910,0.0010,0.0023,0.0009,0.0014
911,0.0008,0.0011,0.0010,0.0005
912,0.0028,0.0010,0.0013,0.0004
913,0.0010,0.0023,0.0009,0.0014
914,0.0010,0.0023,0.0009,0.0014
915,0.0010,0.0023,0.0009,0.0014
916,0.0010,0.0023,0.0009,0.0014
917,0.0010,0.0023,0.0009,0.0014
918,0.0010,0.0024,0.0009,0.0014
919,0.0011,0.0023,0.0008,0.0014
920,0.0012,0.0020,0.0007,0.0013
921,0.0013,0.0015,0.0007,0.0013
922,0.0009,0.0021,0.0016,0.0016
923,0.0006,0.0016,0.0006,0.0010
924,0.0008,0.0011,0.0010,0.0005
925,0.0010,0.0019,0.0011,0.0019
926,0.0009,0.0020,0.0012,0.0018
927,0.0008,0.0021,0.0012,0.0017
928,0.0010,0.0023,0.0013,0.0016
929,0.0009,0.0023,0.0013,0.0015
930,0.0009,0.0022,0.0013,0.0014
931,0.0010,0.0023,0.0013,0.0013
932,0.0010,0.0023,0.0012,0.0013
933,0.0009,0.0022,0.0012,0.0012
934,0.0006,0.0016,0.0006,0.0010
935,0.0009,0.0021,0.0012,0.0012
936,0.0008,0.0011,0.0010,0.0005
937,0.0048,0.0059,0.0019,0.0008
938,0.0027,0.0037,0.0018,0.0007
939,0.0020,0.0021,0.0018,0.0007
940,0.0023,0.0012,0.0018,0.0008
941,0.0032,0.0015,0.0013,0.0015
942,0.0025,0.0013,0.0018,0.0011
943,0.0022,0.0012,0.0017,0.0012
944,0.0016,0.0010,0.0017,0.0013
945,0.0022,0.0009,0.0010,0.0009
946,0.0006,0.0016,0.0006,0.0010
947,0.0011,0.0010,0.0016,0.0014
948,0.0009,0.0014,0.0014,0.0014
949,0.0008,0.0011,0.0010,0.0005
950,0.0009,0.0026,0.0012,0.0015
951,0.0014,0.0018,0.0011,0.0014
952,0.0031,0.0012,0.0010,0.0014
953,0.0039,0.0018,0.0011,0.0014
954,0.0038,0.0018,0.0012,0.0014
955,0.0032,0.0015,0.0013,0.0015
956,0.0023,0.0012,0.0015,0.0016
957,0.0006,0.0016,0.0006,0.0010
958,0.0014,0.0018,0.0016,0.0019
959,0.0016,0.0029,0.0018,0.0022
960,0.0027,0.0041,0.0020,0.0027
961,0.0008,0.0011,0.0010,0.0005
962,0.0014,0.0019,0.0009,0.0027
963,0.0026,0.0017,0.0008,0.0025
964,0.0039,0.0020,0.0008,0.0023
965,0.0037,0.0025,0.0008,0.0022
966,0.0025,0.0034,0.0009,0.0021
967,0.0016,0.0037,0.0010,0.0020
968,0.0006,0.0016,0.0006,0.0010
969,0.0011,0.0035,0.0012,0.0019
970,0.0009,0.0030,0.0013,0.0018
971,0.0009,0.0027,0.0013,0.0016
972,0.0009,0.0023,0.0013,0.0015
973,0.0008,0.0011,0.0010,0.0005
974,0.0012,0.0026,0.0012,0.0014
975,0.0016,0.0032,0.0011,0.0014
976,0.0016,0.0037,0.0010,0.0014
977,0.0015,0.0040,0.0009,0.0015
978,0.0012,0.0039,0.0008,0.0015
979,0.0006,0.0016,0.0006,0.0010
980,0.0010,0.0035,0.0007,0.0015
981,0.0011,0.0024,0.0007,0.0015
982,0.0010,0.0018,0.0007,0.0015
983,0.0018,0.0017,0.0007,0.0017
984,0.0040,0.0021,0.0008,0.0019
985,0.0008,0.0011,0.0010,0.0005
986,0.0009,0.0022,0.0013,0.0015
987,0.0009,0.0022,0.0013,0.0015
988,0.0009,0.0022,0.0013,0.0015
989,0.0009,0.0022,0.0013,0.0015
990,0.0006,0.0016,0.0006,0.0010
991,0.0009,0.0022,0.0013,0.0015
992,0.0009,0.0022,0.0013,0.0015
993,0.0009,0.0022,0.0013,0.0015
994,0.0009,0.0022,0.0013,0.0015
995,0.0009,0.0022,0.0013,0.0015
996,0.0009,0.0022,0.0013,0.0015
997,0.0008,0.0011,0.0010,0.0005
998,0.0009,0.0022,0.0013,0.0015
999,0.0009,0.0022,0.0013,0.0015
1000,0.0009,0.0022,0.0013,0.0015
1001,0.0006,0.0016,0.0006,0.0010
1002,0.0009,0.0022,0.0013,0.0015
1003,0.0009,0.0022,0.0013,0.0015
1004,0.0009,0.0022,0.0013,0.0015
1005,0.0009,0.0022,0.0013,0.0015
1006,0.0009,0.0022,0.0013,0.0015
1007,0.0009,0.0022,0.0013,0.0015
1008,0.0009,0.0022,0.0013,0.0015
1009,0.0041,0.0008,0.0009,0.0017
1010,0.0010,0.0013,0.0008,0.0010
1011,0.0008,0.0017,0.0007,0.0010
1012,0.0006,0.0016,0.0006,0.0010
1013,0.0011,0.0018,0.0012,0.0007
1014,0.0008,0.0012,0.0011,0.0004
1015,0.0009,0.0021,0.0009,0.0008
1016,0.0018,0.0016,0.0009,0.0012
1017,0.0015,0.0018,0.0009,0.0012
1018,0.0013,0.0019,0.0010,0.0011
1019,0.0012,0.0020,0.0010,0.0011
1020,0.0011,0.0021,0.0010,0.0010
1021,0.0030,0.0007,0.0007,0.0012
1022,0.0010,0.0021,0.0010,0.0008
1023,0.0006,0.0016,0.0006,0.0010
1024,0.0011,0.0021,0.0010,0.0007
1025,0.0012,0.0020,0.0010,0.0006
1026,0.0015,0.0018,0.0010,0.0006
1027,0.0017,0.0019,0.0009,0.0005
1028,0.0046,0.0017,0.0015,0.0006
1029,0.0025,0.0007,0.0014,0.0005
1030,0.0018,0.0008,0.0013,0.0007
1031,0.0021,0.0012,0.0011,0.0008
1032,0.0027,0.0011,0.0016,0.0005
1033,0.0021,0.0006,0.0006,0.0009
1034,0.0024,0.0009,0.0013,0.0005
1035,0.0024,0.0011,0.0008,0.0011
1036,0.0021,0.0008,0.0006,0.0011
1037,0.0017,0.0008,0.0006,0.0011
1038,0.0014,0.0012,0.0007,0.0011
1039,0.0010,0.0019,0.0008,0.0010
1040,0.0022,0.0015,0.0012,0.0008
1041,0.0034,0.0008,0.0013,0.0006
1042,0.0038,0.0006,0.0015,0.0005
1043,0.0038,0.0006,0.0015,0.0004
1044,0.0033,0.0007,0.0016,0.0004
1045,0.0010,0.0021,0.0005,0.0012
1046,0.0015,0.0006,0.0006,0.0007
1047,0.0027,0.0011,0.0016,0.0005
1048,0.0020,0.0016,0.0016,0.0007
1049,0.0013,0.0022,0.0016,0.0010
1050,0.0009,0.0028,0.0015,0.0015
1051,0.0012,0.0034,0.0014,0.0021
1052,0.0019,0.0018,0.0008,0.0009
1053,0.0013,0.0011,0.0005,0.0012
1054,0.0030,0.0008,0.0005,0.0016
1055,0.0039,0.0009,0.0007,0.0018
1056,0.0034,0.0014,0.0011,0.0008
1057,0.0010,0.0019,0.0005,0.0011
1058,0.0040,0.0010,0.0008,0.0020
1059,0.0019,0.0006,0.0006,0.0008
1060,0.0035,0.0013,0.0010,0.0020
1061,0.0027,0.0017,0.0010,0.0019
1062,0.0020,0.0020,0.0011,0.0017
1063,0.0016,0.0022,0.0011,0.0014
1064,0.0012,0.0022,0.0011,0.0012
1065,0.0010,0.0020,0.0010,0.0007
1066,0.0011,0.0018,0.0009,0.0005
1067,0.0012,0.0015,0.0008,0.0005
1068,0.0007,0.0014,0.0006,0.0011
1069,0.0016,0.0012,0.0008,0.0006
1070,0.0019,0.0009,0.0007,0.0006
1071,0.0009,0.0007,0.0009,0.0004
1072,0.0016,0.0006,0.0006,0.0004
1073,0.0019,0.0008,0.0006,0.0007
1074,0.0014,0.0009,0.0005,0.0007
1075,0.0010,0.0010,0.0005,0.0007
1076,0.0020,0.0013,0.0005,0.0009
1077,0.0038,0.0017,0.0006,0.0012
1078,0.0010,0.0021,0.0010,0.0009
1079,0.0006,0.0017,0.0008,0.0011
1080,0.0010,0.0021,0.0010,0.0009
1081,0.0010,0.0021,0.0010,0.0009
1082,0.0010,0.0021,0.0010,0.0009
1083,0.0010,0.0021,0.0010,0.0009
1084,0.0018,0.0006,0.0007,0.0004
1085,0.0010,0.0021,0.0010,0.0009
1086,0.0010,0.0021,0.0010,0.0009
1087,0.0010,0.0021,0.0010,0.0009
1088,0.0010,0.0021,0.0010,0.0009
1089,0.0010,0.0021,0.0010,0.0009
1090,0.0011,0.0013,0.0008,0.0011
1091,0.0010,0.0021,0.0010,0.0009
1092,0.0010,0.0021,0.0010,0.0009
1093,0.0010,0.0021,0.0010,0.0009
1094,0.0010,0.0021,0.0010,0.0009
1095,0.0010,0.0021,0.0010,0.0009
1096,0.0018,0.0007,0.0007,0.0004
1097,0.0010,0.0021,0.0010,0.0009
1098,0.0010,0.0021,0.0010,0.0009
1099,0.0010,0.0021,0.0010,0.0009
1100,0.0010,0.0021,0.0010,0.0009
1101,0.0006,0.0011,0.0007,0.0015
1102,0.0010,0.0021,0.0010,0.0009
1103,0.0011,0.0013,0.0010,0.0011
1104,0.0011,0.0014,0.0008,0.0011
1105,0.0013,0.0024,0.0012,0.0009
1106,0.0012,0.0019,0.0012,0.0007
1107,0.0008,0.0017,0.0007,0.0010
1108,0.0018,0.0008,0.0007,0.0004
1109,0.0012,0.0011,0.0006,0.0013
1110,0.0010,0.0013,0.0006,0.0013
1111,0.0009,0.0014,0.0006,0.0013
1112,0.0006,0.0012,0.0006,0.0014
1113,0.0009,0.0015,0.0006,0.0012
1114,0.0009,0.0016,0.0006,0.0012
1115,0.0009,0.0017,0.0006,0.0010
1116,0.0010,0.0016,0.0006,0.0009
1117,0.0010,0.0016,0.0006,0.0009
1118,0.0010,0.0015,0.0006,0.0008
1119,0.0012,0.0016,0.0006,0.0007
1120,0.0015,0.0007,0.0007,0.0004
1121,0.0070,0.0024,0.0021,0.0005
1122,0.0043,0.0010,0.0020,0.0005
1123,0.0007,0.0013,0.0006,0.0013
1124,0.0029,0.0013,0.0019,0.0006
1125,0.0026,0.0020,0.0018,0.0007
1126,0.0025,0.0015,0.0013,0.0008
1127,0.0027,0.0026,0.0015,0.0010
1128,0.0024,0.0023,0.0013,0.0010
1129,0.0019,0.0018,0.0010,0.0011
1130,0.0014,0.0013,0.0008,0.0011
1131,0.0009,0.0012,0.0007,0.0011
1132,0.0013,0.0007,0.0006,0.0004
1133,0.0012,0.0016,0.0007,0.0010
1134,0.0008,0.0014,0.0006,0.0013
1135,0.0022,0.0010,0.0008,0.0009
1136,0.0033,0.0012,0.0010,0.0008
1137,0.0035,0.0012,0.0011,0.0007
1138,0.0032,0.0011,0.0013,0.0007
1139,0.0025,0.0015,0.0013,0.0008
1140,0.0017,0.0023,0.0014,0.0010
1141,0.0011,0.0032,0.0014,0.0013
1142,0.0011,0.0042,0.0014,0.0017
1143,0.0017,0.0052,0.0014,0.0023
1144,0.0017,0.0008,0.0006,0.0004
1145,0.0009,0.0016,0.0006,0.0012
1146,0.0023,0.0027,0.0009,0.0009
1147,0.0015,0.0018,0.0006,0.0008
1148,0.0032,0.0014,0.0006,0.0011
1149,0.0038,0.0013,0.0006,0.0013
1150,0.0033,0.0015,0.0006,0.0015
1151,0.0024,0.0019,0.0007,0.0016
1152,0.0017,0.0021,0.0007,0.0016
1153,0.0012,0.0021,0.0007,0.0015
1154,0.0009,0.0020,0.0007,0.0013
1155,0.0009,0.0018,0.0006,0.0012
1156,0.0019,0.0008,0.0013,0.0008
1157,0.0019,0.0008,0.0006,0.0004
1158,0.0010,0.0016,0.0006,0.0010
1159,0.0013,0.0017,0.0006,0.0009
1160,0.0012,0.0016,0.0006,0.0010
1161,0.0013,0.0015,0.0006,0.0010
1162,0.0016,0.0012,0.0006,0.0011
1163,0.0020,0.0010,0.0006,0.0012
1164,0.0019,0.0011,0.0006,0.0014
1165,0.0014,0.0012,0.0007,0.0016
1166,0.0014,0.0014,0.0008,0.0019
1167,0.0037,0.0016,0.0013,0.0007
1168,0.0010,0.0016,0.0006,0.0010
1169,0.0034,0.0017,0.0010,0.0023
1170,0.0020,0.0008,0.0006,0.0004
1171,0.0009,0.0017,0.0006,0.0011
1172,0.0009,0.0017,0.0006,0.0011
1173,0.0009,0.0017,0.0006,0.0011
1174,0.0009,0.0017,0.0006,0.0011
1175,0.0009,0.0017,0.0006,0.0011
1176,0.0009,0.0017,0.0006,0.0011
1177,0.0009,0.0017,0.0006,0.0011
1178,0.0009,0.0017,0.0006,0.0011
1179,0.0010,0.0016,0.0006,0.0010
1180,0.0009,0.0017,0.0006,0.0011
1181,0.0009,0.0017,0.0006,0.0011
1182,0.0020,0.0007,0.0006,0.0006
1183,0.0009,0.0017,0.0006,0.0011
1184,0.0009,0.0017,0.0006,0.0011
1185,0.0009,0.0017,0.0006,0.0011
1186,0.0009,0.0017,0.0006,0.0011
1187,0.0009,0.0017,0.0006,0.0011
1188,0.0009,0.0017,0.0006,0.0011
1189,0.0009,0.0017,0.0006,0.0011
1190,0.0009,0.0015,0.0006,0.0009
1191,0.0009,0.0017,0.0006,0.0011
1192,0.0009,0.0017,0.0006,0.0011
1193,0.0009,0.0017,0.0006,0.0011
1194,0.0010,0.0010,0.0009,0.0005
1195,0.0019,0.0006,0.0006,0.0008
1196,0.0011,0.0017,0.0013,0.0012
1197,0.0013,0.0013,0.0011,0.0011
1198,0.0010,0.0013,0.0005,0.0011
1199,0.0007,0.0019,0.0007,0.0012
1200,0.0011,0.0018,0.0007,0.0011
1201,0.0008,0.0013,0.0007,0.0009
1202,0.0009,0.0011,0.0007,0.0013
1203,0.0009,0.0011,0.0007,0.0013
1204,0.0009,0.0011,0.0007,0.0013
1205,0.0012,0.0012,0.0007,0.0012
1206,0.0012,0.0012,0.0007,0.0012
1207,0.0017,0.0006,0.0007,0.0012
1208,0.0011,0.0012,0.0007,0.0011
1209,0.0011,0.0012,0.0007,0.0010
1210,0.0011,0.0012,0.0007,0.0009
1211,0.0011,0.0012,0.0006,0.0009
1212,0.0008,0.0013,0.0007,0.0009
1213,0.0010,0.0015,0.0006,0.0009
1214,0.0082,0.0033,0.0024,0.0006
1215,0.0051,0.0017,0.0024,0.0005
1216,0.0032,0.0017,0.0023,0.0006
1217,0.0026,0.0024,0.0022,0.0007
1218,0.0023,0.0027,0.0010,0.0012
1219,0.0015,0.0006,0.0007,0.0016
1220,0.0026,0.0029,0.0017,0.0009
1221,0.0022,0.0026,0.0015,0.0009
1222,0.0017,0.0022,0.0013,0.0010
1223,0.0061,0.0033,0.0018,0.0007
1224,0.0012,0.0016,0.0011,0.0011
1225,0.0009,0.0012,0.0009,0.0011
1226,0.0012,0.0014,0.0006,0.0011
1227,0.0011,0.0012,0.0006,0.0011
1228,0.0024,0.0023,0.0006,0.0010
1229,0.0030,0.0030,0.0007,0.0010
1230,0.0029,0.0030,0.0008,0.0011
1231,0.0014,0.0006,0.0008,0.0021
1232,0.0023,0.0027,0.0010,0.0012
1233,0.0016,0.0024,0.0012,0.0014
1234,0.0034,0.0018,0.0017,0.0005
1235,0.0011,0.0025,0.0014,0.0018
1236,0.0014,0.0031,0.0016,0.0023
1237,0.0022,0.0039,0.0017,0.0030
1238,0.0024,0.0019,0.0009,0.0013
1239,0.0015,0.0016,0.0008,0.0011
1240,0.0030,0.0014,0.0007,0.0011
1241,0.0032,0.0014,0.0007,0.0011
1242,0.0023,0.0018,0.0007,0.0012
1243,0.0012,0.0006,0.0009,0.0027
1244,0.0014,0.0021,0.0006,0.0013
1245,0.0021,0.0013,0.0016,0.0005
1246,0.0010,0.0021,0.0006,0.0013
1247,0.0009,0.0018,0.0006,0.0012
1248,0.0009,0.0016,0.0007,0.0012
1249,0.0010,0.0014,0.0007,0.0011
1250,0.0015,0.0013,0.0008,0.0011
1251,0.0018,0.0014,0.0008,0.0012
1252,0.0020,0.0016,0.0008,0.0013
1253,0.0018,0.0016,0.0008,0.0014
1254,0.0016,0.0015,0.0008,0.0015
1255,0.0025,0.0026,0.0013,0.0020
1256,0.0021,0.0017,0.0014,0.0006
1257,0.0016,0.0013,0.0008,0.0017
1258,0.0016,0.0014,0.0009,0.0018
1259,0.0014,0.0017,0.0010,0.0020
1260,0.0020,0.0020,0.0011,0.0021
1261,0.0040,0.0023,0.0012,0.0024
1262,0.0012,0.0012,0.0007,0.0011
1263,0.0012,0.0012,0.0007,0.0011
1264,0.0012,0.0012,0.0007,0.0011
1265,0.0012,0.0012,0.0007,0.0011
1266,0.0012,0.0012,0.0007,0.0011
1267,0.0026,0.0020,0.0014,0.0012
1268,0.0027,0.0018,0.0009,0.0015
1269,0.0012,0.0012,0.0007,0.0011
1270,0.0012,0.0012,0.0007,0.0011
1271,0.0012,0.0012,0.0007,0.0011
1272,0.0012,0.0012,0.0007,0.0011
1273,0.0012,0.0012,0.0007,0.0011
1274,0.0012,0.0012,0.0007,0.0011
1275,0.0012,0.0012,0.0007,0.0011
1276,0.0012,0.0012,0.0007,0.0011
1277,0.0012,0.0012,0.0007,0.0011
1278,0.0035,0.0014,0.0013,0.0007
1279,0.0014,0.0009,0.0012,0.0011
1280,0.0012,0.0012,0.0007,0.0011
1281,0.0028,0.0012,0.0006,0.0011
1282,0.0012,0.0012,0.0007,0.0011
1283,0.0012,0.0012,0.0007,0.0011
1284,0.0012,0.0012,0.0007,0.0011
1285,0.0012,0.0012,0.0007,0.0011
1286,0.0012,0.0012,0.0007,0.0011
1287,0.0009,0.0019,0.0012,0.0013
1288,0.0011,0.0017,0.0012,0.0013
1289,0.0013,0.0010,0.0009,0.0011
1290,0.0022,0.0021,0.0011,0.0008
1291,0.0011,0.0010,0.0007,0.0011
1292,0.0012,0.0020,0.0008,0.0012
1293,0.0028,0.0008,0.0005,0.0008
1294,0.0008,0.0013,0.0011,0.0014
1295,0.0009,0.0012,0.0011,0.0014
1296,0.0010,0.0012,0.0011,0.0013
1297,0.0012,0.0013,0.0011,0.0013
1298,0.0013,0.0013,0.0011,0.0012
1299,0.0013,0.0012,0.0011,0.0011
1300,0.0013,0.0013,0.0011,0.0011
1301,0.0019,0.0018,0.0009,0.0009
1302,0.0012,0.0013,0.0011,0.0010
1303,0.0010,0.0013,0.0010,0.0010
1304,0.0010,0.0016,0.0010,0.0010
1305,0.0026,0.0006,0.0006,0.0007
1306,0.0077,0.0043,0.0023,0.0007
1307,0.0049,0.0025,0.0022,0.0006
1308,0.0031,0.0018,0.0021,0.0006
1309,0.0026,0.0022,0.0020,0.0006
1310,0.0025,0.0033,0.0013,0.0015
1311,0.0024,0.0029,0.0017,0.0008
1312,0.0015,0.0014,0.0007,0.0010
1313,0.0020,0.0028,0.0016,0.0009
1314,0.0015,0.0024,0.0015,0.0010
1315,0.0010,0.0018,0.0013,0.0011
1316,0.0009,0.0013,0.0012,0.0011
1317,0.0009,0.0004,0.0006,0.0005
1318,0.0023,0.0005,0.0006,0.0006
1319,0.0015,0.0015,0.0011,0.0012
1320,0.0008,0.0013,0.0011,0.0012
1321,0.0023,0.0029,0.0011,0.0012
1322,0.0032,0.0038,0.0011,0.0012
1323,0.0009,0.0010,0.0006,0.0010
1324,0.0031,0.0037,0.0012,0.0013
1325,0.0025,0.0033,0.0013,0.0015
1326,0.0018,0.0028,0.0014,0.0017
1327,0.0012,0.0023,0.0016,0.0021
1328,0.0015,0.0022,0.0019,0.0027
1329,0.0025,0.0026,0.0021,0.0034
1330,0.0019,0.0004,0.0007,0.0005
1331,0.0021,0.0015,0.0010,0.0017
1332,0.0017,0.0014,0.0010,0.0015
1333,0.0031,0.0015,0.0011,0.0014
1334,0.0006,0.0010,0.0005,0.0011
1335,0.0029,0.0015,0.0011,0.0013
1336,0.0018,0.0020,0.0011,0.0013
1337,0.0011,0.0024,0.0010,0.0013
1338,0.0009,0.0023,0.0010,0.0012
1339,0.0009,0.0019,0.0010,0.0012
1340,0.0010,0.0015,0.0011,0.0011
1341,0.0011,0.0014,0.0011,0.0011
1342,0.0014,0.0004,0.0007,0.0004
1343,0.0016,0.0014,0.0012,0.0012
1344,0.0020,0.0015,0.0012,0.0014
1345,0.0007,0.0016,0.0007,0.0011
1346,0.0022,0.0019,0.0012,0.0015
1347,0.0023,0.0022,0.0011,0.0016
1348,0.0019,0.0020,0.0010,0.0018
1349,0.0014,0.0017,0.0009,0.0019
1350,0.0012,0.0016,0.0009,0.0020
1351,0.0013,0.0021,0.0009,0.0020
1352,0.0021,0.0025,0.0010,0.0021
1353,0.0044,0.0030,0.0011,0.0021
1354,0.0010,0.0004,0.0007,0.0004
1355,0.0013,0.0013,0.0011,0.0012
1356,0.0011,0.0011,0.0008,0.0010
1357,0.0013,0.0013,0.0011,0.0012
1358,0.0013,0.0013,0.0011,0.0012
1359,0.0013,0.0013,0.0011,0.0012
1360,0.0013,0.0013,0.0011,0.0012
1361,0.0013,0.0013,0.0011,0.0012
1362,0.0013,0.0013,0.0011,0.0012
1363,0.0013,0.0013,0.0011,0.0012
1364,0.0013,0.0013,0.0011,0.0012
1365,0.0013,0.0013,0.0011,0.0012
1366,0.0009,0.0004,0.0007,0.0004
1367,0.0028,0.0018,0.0010,0.0010
1368,0.0013,0.0013,0.0011,0.0012
1369,0.0013,0.0013,0.0011,0.0012
1370,0.0013,0.0013,0.0011,0.0012
1371,0.0013,0.0013,0.0011,0.0012
1372,0.0013,0.0013,0.0011,0.0012
1373,0.0013,0.0013,0.0011,0.0012
1374,0.0013,0.0013,0.0011,0.0012
1375,0.0013,0.0013,0.0011,0.0012
1376,0.0013,0.0013,0.0011,0.0012
1377,0.0013,0.0013,0.0011,0.0012
1378,0.0033,0.0023,0.0011,0.0010
1379,0.0009,0.0004,0.0006,0.0004
1380,0.0009,0.0020,0.0012,0.0015
1381,0.0009,0.0021,0.0011,0.0014
1382,0.0012,0.0015,0.0012,0.0012
1383,0.0014,0.0011,0.0012,0.0011
1384,0.0011,0.0023,0.0011,0.0013
1385,0.0008,0.0014,0.0012,0.0015
1386,0.0008,0.0015,0.0012,0.0015
1387,0.0008,0.0017,0.0012,0.0015
1388,0.0010,0.0019,0.0012,0.0014
1389,0.0029,0.0012,0.0014,0.0008
1390,0.0032,0.0023,0.0012,0.0011
1391,0.0010,0.0019,0.0012,0.0014
1392,0.0009,0.0005,0.0006,0.0005
1393,0.0011,0.0019,0.0012,0.0012
1394,0.0010,0.0019,0.0011,0.0012
1395,0.0009,0.0018,0.0011,0.0011
1396,0.0009,0.0017,0.0011,0.0011
1397,0.0008,0.0017,0.0011,0.0011
1398,0.0064,0.0049,0.0020,0.0008
1399,0.0039,0.0030,0.0019,0.0006
1400,0.0026,0.0018,0.0017,0.0006
1401,0.0010,0.0009,0.0012,0.0016
1402,0.0026,0.0017,0.0016,0.0007
1403,0.0029,0.0033,0.0017,0.0016
1404,0.0010,0.0007,0.0006,0.0005
1405,0.0027,0.0023,0.0013,0.0009
1406,0.0023,0.0022,0.0012,0.0010
1407,0.0017,0.0018,0.0012,0.0011
1408,0.0011,0.0015,0.0011,0.0012
1409,0.0009,0.0014,0.0011,0.0012
1410,0.0012,0.0022,0.0012,0.0014
1411,0.0010,0.0015,0.0013,0.0014
1412,0.0026,0.0020,0.0014,0.0012
1413,0.0026,0.0021,0.0015,0.0014
1414,0.0035,0.0032,0.0016,0.0014
1415,0.0035,0.0034,0.0016,0.0015
1416,0.0012,0.0009,0.0007,0.0006
1417,0.0029,0.0033,0.0017,0.0016
1418,0.0021,0.0028,0.0018,0.0019
1419,0.0014,0.0024,0.0020,0.0023
1420,0.0015,0.0023,0.0021,0.0028
1421,0.0024,0.0026,0.0023,0.0035
1422,0.0018,0.0022,0.0013,0.0020
1423,0.0019,0.0017,0.0015,0.0015
1424,0.0020,0.0020,0.0013,0.0018
1425,0.0034,0.0020,0.0013,0.0016
1426,0.0032,0.0024,0.0013,0.0015
1427,0.0020,0.0032,0.0012,0.0015
1428,0.0014,0.0010,0.0008,0.0006
1429,0.0012,0.0035,0.0012,0.0014
1430,0.0009,0.0033,0.0012,0.0014
1431,0.0008,0.0028,0.0012,0.0013
1432,0.0009,0.0024,0.0012,0.0013
1433,0.0009,0.0020,0.0012,0.0013
1434,0.0012,0.0018,0.0016,0.0019
1435,0.0013,0.0021,0.0012,0.0014
1436,0.0017,0.0025,0.0012,0.0015
1437,0.0018,0.0028,0.0012,0.0016
1438,0.0018,0.0031,0.0011,0.0018
1439,0.0015,0.0031,0.0011,0.0019
1440,0.0013,0.0005,0.0007,0.0004
1441,0.0017,0.0011,0.0009,0.0006
1442,0.0011,0.0027,0.0010,0.0020
1443,0.0011,0.0021,0.0010,0.0021
1444,0.0011,0.0021,0.0009,0.0021
1445,0.0011,0.0024,0.0017,0.0024
1446,0.0019,0.0026,0.0010,0.0020
1447,0.0042,0.0032,0.0011,0.0020
1448,0.0010,0.0019,0.0012,0.0013
1449,0.0010,0.0019,0.0012,0.0013
1450,0.0010,0.0019,0.0012,0.0013
1451,0.0010,0.0019,0.0012,0.0013
1452,0.0010,0.0019,0.0012,0.0013
1453,0.0019,0.0011,0.0010,0.0007
1454,0.0010,0.0019,0.0012,0.0013
1455,0.0010,0.0019,0.0012,0.0013
1456,0.0017,0.0033,0.0018,0.0031
1457,0.0010,0.0019,0.0012,0.0013
1458,0.0010,0.0019,0.0012,0.0013
1459,0.0010,0.0019,0.0012,0.0013
1460,0.0010,0.0019,0.0012,0.0013
1461,0.0010,0.0019,0.0012,0.0013
1462,0.0010,0.0019,0.0012,0.0013
1463,0.0010,0.0019,0.0012,0.0013
1464,0.0010,0.0019,0.0012,0.0013
1465,0.0022,0.0010,0.0012,0.0008
1466,0.0010,0.0019,0.0012,0.0013
1467,0.0028,0.0019,0.0006,0.0012
1468,0.0010,0.0019,0.0012,0.0013
1469,0.0010,0.0019,0.0012,0.0013
1470,0.0010,0.0019,0.0012,0.0013
1471,0.0010,0.0019,0.0012,0.0013
1472,0.0008,0.0018,0.0016,0.0015
1473,0.0008,0.0021,0.0011,0.0015
1474,0.0010,0.0021,0.0010,0.0014
1475,0.0011,0.0016,0.0010,0.0013
1476,0.0012,0.0021,0.0012,0.0013
1477,0.0025,0.0009,0.0014,0.0012
1478,0.0012,0.0014,0.0006,0.0011
1479,0.0010,0.0016,0.0010,0.0017
1480,0.0009,0.0018,0.0010,0.0017
1481,0.0008,0.0020,0.0010,0.0017
1482,0.0009,0.0022,0.0010,0.0016
1483,0.0009,0.0022,0.0010,0.0015
1484,0.0009,0.0022,0.0010,0.0014
1485,0.0009,0.0022,0.0010,0.0013
1486,0.0008,0.0021,0.0010,0.0012
1487,0.0008,0.0020,0.0009,0.0012
1488,0.0009,0.0018,0.0009,0.0012
1489,0.0028,0.0014,0.0006,0.0012
1490,0.0028,0.0007,0.0016,0.0016
1491,0.0050,0.0052,0.0020,0.0009
1492,0.0028,0.0031,0.0018,0.0007
1493,0.0023,0.0017,0.0016,0.0006
1494,0.0027,0.0012,0.0015,0.0007
1495,0.0032,0.0017,0.0016,0.0017
1496,0.0031,0.0016,0.0012,0.0009
1497,0.0026,0.0014,0.0011,0.0011
1498,0.0020,0.0011,0.0010,0.0012
1499,0.0013,0.0010,0.0010,0.0013
Highest RMSE Cases
Vdc  Max RMSE=  0.0082 at Case 1214; 0 > 0.05
Idc  Max RMSE=  0.0059 at Case 937; 0 > 0.05
Vod  Max RMSE=  0.0024 at Case 1214; 0 > 0.05
Voq  Max RMSE=  0.0035 at Case 1421; 0 > 0.05
Total Error Summary
Vdc  RMSE=  0.0018
Idc  RMSE=  0.0019
Vod  RMSE=  0.0010
Voq  RMSE=  0.0013
