Read Model from: ./sdi4/sdi4_config.json
Export Model to: ./sdi4\sdi4_fhf.json
idx_in [0, 1, 2, 3, 4, 5, 6]
idx_out [7, 8, 9]
make_mimo_block iir
H1s[0][0]  Real Poles: [-1572.63076487 -1064.35536017 -1064.35536017  -123.39277046] Freqs [Hz]: [93.56859152319478]
H1s[0][1]  Real Poles: [-1545.47678593 -1073.48375018 -1073.48375018  -125.28092509] Freqs [Hz]: [92.94516628127327]
H1s[0][2]  Real Poles: [-1405.7380596  -1012.06686128 -1012.06686128  -528.78401105] Freqs [Hz]: [65.75596075511211]
H1s[1][0]  Real Poles: [-1502.08179933 -1066.35311804 -1066.35311804  -195.84038947] Freqs [Hz]: [83.29868983129569]
H1s[1][1]  Real Poles: [-1568.783709   -1069.39265591 -1069.39265591   -95.3555079 ] Freqs [Hz]: [94.91254840151979]
H1s[1][2]  Real Poles: [-1411.13635714 -1030.05260793 -1030.05260793  -458.35228065] Freqs [Hz]: [67.71352170064743]
H1s[2][0]  Real Poles: [-1528.41537154 -1528.41537154  -337.89510571  -337.89510571] Freqs [Hz]: [75.81439531730791, 101.21237736573846]
H1s[2][1]  Real Poles: [-1235.57172544 -1235.57172544  -729.32582148  -729.32582148] Freqs [Hz]: [41.82277760187192, 8.784825268802113]
H1s[2][2]  Real Poles: [-1524.63437659 -1052.45606621 -1052.45606621  -224.58195606] Freqs [Hz]: [86.07374796678602]
model_folder = ./sdi4
model_root = sdi4
data_path = d:/data/sdi4.hdf5
idx_in [0, 1, 2, 3, 4, 5, 6]
idx_out [7, 8, 9]
read 144 dataframes
dt=0.001000 data_len=3000 n_io=10 n_case=144
['Fc', 'Ud', 'Uq', 'Rc', 'Vd', 'Vq', 'Vdc'] ['Idc', 'Id', 'Iq'] (144, 3000, 10)
make_mimo_block iir
Idx,Idc,Id,Iq,Idc,Id,Iq
,RMSE,RMSE,RMSE,MAE,MAE,MAE
Total,0.0224,0.0230,0.0241,0.0097,0.0082,0.0177
0,0.0388,0.0477,0.0247,0.0178,0.0208,0.0195
1,0.0202,0.0221,0.0111,0.0054,0.0084,0.0070
2,0.0241,0.0229,0.0166,0.0112,0.0108,0.0127
3,0.0237,0.0272,0.0146,0.0101,0.0101,0.0086
4,0.0209,0.0187,0.0247,0.0068,0.0063,0.0214
5,0.0229,0.0239,0.0404,0.0124,0.0121,0.0389
6,0.0198,0.0145,0.0474,0.0105,0.0059,0.0455
7,0.0157,0.0200,0.0175,0.0081,0.0163,0.0111
8,0.0416,0.0436,0.0222,0.0200,0.0159,0.0161
9,0.0194,0.0200,0.0142,0.0082,0.0048,0.0111
10,0.0218,0.0199,0.0107,0.0092,0.0058,0.0067
11,0.0214,0.0199,0.0188,0.0073,0.0049,0.0153
12,0.0198,0.0171,0.0149,0.0066,0.0037,0.0110
13,0.0180,0.0150,0.0252,0.0068,0.0036,0.0225
14,0.0154,0.0131,0.0141,0.0066,0.0050,0.0100
15,0.0155,0.0150,0.0154,0.0097,0.0068,0.0113
16,0.0418,0.0459,0.0217,0.0166,0.0200,0.0134
17,0.0185,0.0179,0.0116,0.0089,0.0043,0.0088
18,0.0185,0.0181,0.0104,0.0071,0.0060,0.0081
19,0.0199,0.0185,0.0148,0.0085,0.0073,0.0117
20,0.0175,0.0195,0.0221,0.0065,0.0057,0.0199
21,0.0175,0.0135,0.0116,0.0085,0.0034,0.0084
22,0.0148,0.0213,0.0106,0.0074,0.0069,0.0077
23,0.0121,0.0107,0.0132,0.0065,0.0043,0.0101
24,0.0426,0.0448,0.0238,0.0172,0.0201,0.0106
25,0.0163,0.0192,0.0210,0.0074,0.0055,0.0178
26,0.0176,0.0236,0.0145,0.0077,0.0095,0.0103
27,0.0175,0.0226,0.0116,0.0082,0.0099,0.0083
28,0.0200,0.0157,0.0276,0.0123,0.0042,0.0253
29,0.0166,0.0147,0.0137,0.0091,0.0045,0.0114
30,0.0146,0.0118,0.0113,0.0088,0.0045,0.0092
31,0.0125,0.0196,0.0356,0.0080,0.0081,0.0339
32,0.0444,0.0428,0.0256,0.0167,0.0180,0.0112
33,0.0154,0.0169,0.0187,0.0073,0.0066,0.0112
34,0.0174,0.0168,0.0158,0.0087,0.0052,0.0117
35,0.0157,0.0253,0.0174,0.0069,0.0108,0.0128
36,0.0193,0.0157,0.0194,0.0116,0.0043,0.0161
37,0.0157,0.0164,0.0346,0.0089,0.0067,0.0329
38,0.0139,0.0170,0.0279,0.0087,0.0065,0.0245
39,0.0104,0.0168,0.0250,0.0067,0.0068,0.0217
40,0.0449,0.0418,0.0304,0.0159,0.0147,0.0138
41,0.0155,0.0219,0.0209,0.0074,0.0080,0.0132
42,0.0180,0.0164,0.0167,0.0099,0.0044,0.0105
43,0.0166,0.0154,0.0349,0.0081,0.0044,0.0324
44,0.0182,0.0157,0.0327,0.0117,0.0049,0.0282
45,0.0177,0.0145,0.0339,0.0119,0.0053,0.0296
46,0.0138,0.0149,0.0156,0.0096,0.0073,0.0113
47,0.0117,0.0179,0.0220,0.0086,0.0081,0.0176
48,0.0372,0.0453,0.0140,0.0157,0.0214,0.0087
49,0.0199,0.0206,0.0127,0.0059,0.0087,0.0077
50,0.0227,0.0251,0.0270,0.0077,0.0108,0.0241
51,0.0222,0.0239,0.0293,0.0078,0.0086,0.0268
52,0.0227,0.0241,0.0187,0.0084,0.0108,0.0138
53,0.0218,0.0266,0.0130,0.0103,0.0146,0.0056
54,0.0220,0.0258,0.0324,0.0129,0.0143,0.0295
55,0.0163,0.0151,0.0184,0.0078,0.0098,0.0130
56,0.0396,0.0416,0.0170,0.0174,0.0169,0.0114
57,0.0178,0.0193,0.0101,0.0058,0.0059,0.0058
58,0.0198,0.0205,0.0129,0.0069,0.0075,0.0089
59,0.0202,0.0191,0.0110,0.0065,0.0047,0.0062
60,0.0201,0.0184,0.0363,0.0074,0.0038,0.0353
61,0.0217,0.0169,0.0324,0.0118,0.0052,0.0310
62,0.0180,0.0239,0.0207,0.0089,0.0104,0.0181
63,0.0151,0.0156,0.0115,0.0072,0.0058,0.0065
64,0.0419,0.0430,0.0194,0.0211,0.0187,0.0121
65,0.0165,0.0170,0.0127,0.0056,0.0053,0.0095
66,0.0188,0.0197,0.0098,0.0069,0.0086,0.0068
67,0.0192,0.0196,0.0087,0.0082,0.0082,0.0061
68,0.0199,0.0176,0.0198,0.0090,0.0044,0.0183
69,0.0172,0.0153,0.0291,0.0073,0.0042,0.0277
70,0.0167,0.0202,0.0233,0.0093,0.0063,0.0218
71,0.0145,0.0181,0.0204,0.0085,0.0069,0.0181
72,0.0414,0.0417,0.0221,0.0141,0.0191,0.0128
73,0.0163,0.0216,0.0117,0.0079,0.0088,0.0077
74,0.0212,0.0190,0.0080,0.0132,0.0094,0.0054
75,0.0180,0.0179,0.0248,0.0079,0.0079,0.0238
76,0.0171,0.0166,0.0206,0.0085,0.0063,0.0195
77,0.0191,0.0150,0.0422,0.0123,0.0045,0.0418
78,0.0186,0.0153,0.0369,0.0123,0.0050,0.0363
79,0.0166,0.0106,0.0117,0.0120,0.0056,0.0095
80,0.0432,0.0417,0.0302,0.0155,0.0153,0.0227
81,0.0161,0.0170,0.0140,0.0079,0.0066,0.0099
82,0.0237,0.0180,0.0095,0.0176,0.0081,0.0067
83,0.0170,0.0180,0.0075,0.0073,0.0087,0.0053
84,0.0162,0.0158,0.0076,0.0081,0.0053,0.0055
85,0.0161,0.0139,0.0151,0.0086,0.0042,0.0134
86,0.0160,0.0123,0.0089,0.0103,0.0039,0.0066
87,0.0131,0.0116,0.0355,0.0087,0.0053,0.0346
88,0.0443,0.0425,0.0254,0.0161,0.0163,0.0110
89,0.0151,0.0152,0.0221,0.0074,0.0044,0.0177
90,0.0170,0.0170,0.0172,0.0089,0.0067,0.0129
91,0.0173,0.0163,0.0157,0.0095,0.0049,0.0127
92,0.0177,0.0160,0.0096,0.0114,0.0047,0.0058
93,0.0162,0.0144,0.0170,0.0100,0.0065,0.0152
94,0.0139,0.0122,0.0126,0.0088,0.0057,0.0098
95,0.0122,0.0157,0.0382,0.0082,0.0080,0.0375
96,0.0356,0.0440,0.0133,0.0107,0.0207,0.0081
97,0.0195,0.0243,0.0197,0.0063,0.0103,0.0158
98,0.0215,0.0238,0.0145,0.0058,0.0103,0.0101
99,0.0231,0.0269,0.0397,0.0082,0.0081,0.0379
100,0.0232,0.0217,0.0140,0.0087,0.0074,0.0079
101,0.0208,0.0234,0.0204,0.0079,0.0128,0.0157
102,0.0256,0.0192,0.0565,0.0180,0.0112,0.0555
103,0.0177,0.0150,0.0196,0.0091,0.0106,0.0139
104,0.0389,0.0406,0.0153,0.0175,0.0159,0.0098
105,0.0204,0.0184,0.0195,0.0097,0.0054,0.0166
106,0.0231,0.0202,0.0111,0.0114,0.0070,0.0062
107,0.0216,0.0200,0.0105,0.0094,0.0048,0.0047
108,0.0206,0.0203,0.0432,0.0072,0.0055,0.0419
109,0.0189,0.0180,0.0107,0.0068,0.0045,0.0046
110,0.0173,0.0183,0.0466,0.0071,0.0064,0.0454
111,0.0153,0.0150,0.0205,0.0076,0.0059,0.0178
112,0.0396,0.0422,0.0160,0.0140,0.0169,0.0103
113,0.0170,0.0194,0.0283,0.0069,0.0089,0.0267
114,0.0201,0.0201,0.0184,0.0084,0.0097,0.0164
115,0.0195,0.0196,0.0101,0.0080,0.0073,0.0068
116,0.0187,0.0178,0.0296,0.0071,0.0049,0.0279
117,0.0177,0.0214,0.0337,0.0074,0.0063,0.0328
118,0.0161,0.0180,0.0701,0.0081,0.0062,0.0693
119,0.0148,0.0128,0.0162,0.0082,0.0061,0.0131
120,0.0413,0.0419,0.0225,0.0135,0.0174,0.0156
121,0.0150,0.0210,0.0160,0.0060,0.0097,0.0131
122,0.0184,0.0212,0.0148,0.0086,0.0101,0.0114
123,0.0201,0.0187,0.0365,0.0119,0.0079,0.0351
124,0.0189,0.0174,0.0335,0.0090,0.0052,0.0321
125,0.0170,0.0162,0.0329,0.0086,0.0044,0.0320
126,0.0168,0.0147,0.0301,0.0100,0.0049,0.0290
127,0.0126,0.0126,0.0081,0.0077,0.0055,0.0058
128,0.0439,0.0413,0.0230,0.0182,0.0157,0.0152
129,0.0172,0.0176,0.0133,0.0093,0.0071,0.0099
130,0.0184,0.0216,0.0114,0.0099,0.0107,0.0090
131,0.0216,0.0189,0.0218,0.0135,0.0084,0.0193
132,0.0170,0.0164,0.0628,0.0083,0.0046,0.0619
133,0.0162,0.0149,0.0193,0.0084,0.0053,0.0168
134,0.0148,0.0146,0.0254,0.0088,0.0044,0.0241
135,0.0135,0.0154,0.0382,0.0090,0.0076,0.0373
136,0.0432,0.0413,0.0262,0.0144,0.0124,0.0161
137,0.0154,0.0192,0.0157,0.0073,0.0066,0.0118
138,0.0171,0.0185,0.0134,0.0090,0.0071,0.0102
139,0.0171,0.0171,0.0310,0.0089,0.0048,0.0282
140,0.0178,0.0161,0.0105,0.0111,0.0046,0.0082
141,0.0162,0.0154,0.0236,0.0101,0.0069,0.0210
142,0.0154,0.0155,0.0103,0.0105,0.0063,0.0085
143,0.0124,0.0130,0.0287,0.0085,0.0057,0.0273
Total Error Summary
Idc  MAE=  0.0097 RMSE=  0.0224
Id   MAE=  0.0082 RMSE=  0.0230
Iq   MAE=  0.0177 RMSE=  0.0241
