Read Model from: ./ucf4tsiir/
Export Model to: ./ucf4tsiir/ucf4tsiir_fhf.json
idx_in [0, 1, 2, 3, 4, 5, 6]
idx_out [7, 8, 9, 10]
make_mimo_block iir
H1s[0][0]  Real Poles: [-1439.246861    -199.25102804] Freqs [Hz]: []
H1s[0][1]  Real Poles: [-1278.95016935  -630.47343526] Freqs [Hz]: []
H1s[0][2]  Real Poles: [-1026.40605532 -1026.40605532] Freqs [Hz]: [67.26268462501572]
H1s[0][3]  Real Poles: [-1212.18630302  -716.90918875] Freqs [Hz]: []
H1s[1][0]  Real Poles: [-1293.8975696   -590.07894951] Freqs [Hz]: []
H1s[1][1]  Real Poles: [-1347.21295183  -461.81129271] Freqs [Hz]: []
H1s[1][2]  Real Poles: [-994.73375594 -994.73375594] Freqs [Hz]: [26.512924189735564]
H1s[1][3]  Real Poles: [-1365.42715745  -405.28258069] Freqs [Hz]: []
H1s[2][0]  Real Poles: [-1151.04161844  -829.63637553] Freqs [Hz]: []
H1s[2][1]  Real Poles: [-1430.17026343  -254.22472201] Freqs [Hz]: []
H1s[2][2]  Real Poles: [-1159.64110575  -786.34819382] Freqs [Hz]: []
H1s[2][3]  Real Poles: [-1010.02429891 -1010.02429891] Freqs [Hz]: [21.251123950697117]
H1s[3][0]  Real Poles: [-1016.51336066 -1016.51336066] Freqs [Hz]: [35.11317954966984]
H1s[3][1]  Real Poles: [-1038.60548139 -1038.60548139] Freqs [Hz]: [55.426814101991496]
H1s[3][2]  Real Poles: [-1402.82243098  -318.96725689] Freqs [Hz]: []
H1s[3][3]  Real Poles: [-1281.18351652  -597.25126074] Freqs [Hz]: []
model_folder = ./ucf4tsiir/
model_root = ucf4tsiir
data_path = d:/data/ucf3/ucf9c.hdf5
idx_in [0, 1, 2, 3, 4, 5, 6]
idx_out [7, 8, 9, 10]
read 2100 dataframes
dt=0.001000 data_len=4001 n_io=11 n_case=2100
['G', 'Ud', 'Uq', 'Id', 'Iq', 'GIrms', 'Ctrl'] ['Vdc', 'Idc', 'Vd', 'Vq'] (2100, 4001, 11)
make_mimo_block iir
prepending initial conditions (2100, 500, 11) (2100, 4001, 11) float32 float32
results in (2100, 4501, 11)
Idx,Vdc,Idc,Vd,Vq
#,RMSE,RMSE,RMSE,RMSE
Total,0.0109,0.0099,0.0150,0.0061
0,0.0127,0.0095,0.0169,0.0024
1,0.0127,0.0095,0.0169,0.0024
2,0.0143,0.0140,0.0199,0.0028
3,0.0151,0.0168,0.0247,0.0095
4,0.0146,0.0051,0.0119,0.0019
5,0.0151,0.0052,0.0128,0.0055
6,0.0146,0.0051,0.0119,0.0019
7,0.0115,0.0068,0.0113,0.0039
8,0.0141,0.0052,0.0128,0.0036
9,0.0146,0.0051,0.0119,0.0019
10,0.0146,0.0051,0.0119,0.0019
11,0.0151,0.0052,0.0128,0.0055
12,0.0146,0.0051,0.0119,0.0019
13,0.0141,0.0052,0.0128,0.0036
14,0.0151,0.0168,0.0247,0.0095
15,0.0151,0.0052,0.0128,0.0055
16,0.0146,0.0051,0.0119,0.0019
17,0.0146,0.0051,0.0119,0.0019
18,0.0151,0.0052,0.0128,0.0055
19,0.0119,0.0102,0.0173,0.0037
20,0.0146,0.0051,0.0119,0.0019
21,0.0151,0.0052,0.0128,0.0055
22,0.0146,0.0051,0.0119,0.0019
23,0.0146,0.0051,0.0119,0.0019
24,0.0141,0.0052,0.0128,0.0036
25,0.0151,0.0168,0.0247,0.0095
26,0.0170,0.0051,0.0130,0.0019
27,0.0171,0.0051,0.0128,0.0019
28,0.0176,0.0069,0.0138,0.0058
29,0.0170,0.0061,0.0124,0.0019
30,0.0122,0.0091,0.0152,0.0036
31,0.0111,0.0067,0.0138,0.0061
32,0.0166,0.0059,0.0122,0.0020
33,0.0163,0.0055,0.0121,0.0020
34,0.0164,0.0080,0.0132,0.0057
35,0.0148,0.0053,0.0141,0.0038
36,0.0151,0.0168,0.0247,0.0095
37,0.0151,0.0047,0.0120,0.0020
38,0.0145,0.0049,0.0126,0.0055
39,0.0135,0.0050,0.0115,0.0021
40,0.0129,0.0052,0.0117,0.0030
41,0.0128,0.0070,0.0130,0.0046
42,0.0119,0.0059,0.0116,0.0044
43,0.0103,0.0101,0.0130,0.0020
44,0.0118,0.0056,0.0144,0.0060
45,0.0111,0.0078,0.0112,0.0031
46,0.0115,0.0113,0.0200,0.0044
47,0.0151,0.0168,0.0247,0.0095
48,0.0108,0.0077,0.0130,0.0057
49,0.0099,0.0112,0.0149,0.0028
50,0.0115,0.0062,0.0191,0.0145
51,0.0119,0.0073,0.0111,0.0145
52,0.0105,0.0076,0.0176,0.0107
53,0.0105,0.0076,0.0176,0.0107
54,0.0105,0.0076,0.0176,0.0107
55,0.0105,0.0076,0.0176,0.0107
56,0.0105,0.0076,0.0176,0.0107
57,0.0105,0.0076,0.0176,0.0107
58,0.0119,0.0089,0.0160,0.0022
59,0.0082,0.0084,0.0092,0.0026
60,0.0082,0.0084,0.0092,0.0026
61,0.0078,0.0109,0.0113,0.0052
62,0.0084,0.0087,0.0100,0.0024
63,0.0089,0.0118,0.0139,0.0050
64,0.0079,0.0110,0.0114,0.0053
65,0.0086,0.0103,0.0135,0.0025
66,0.0087,0.0112,0.0147,0.0033
67,0.0081,0.0139,0.0134,0.0049
68,0.0090,0.0124,0.0138,0.0042
69,0.0119,0.0089,0.0160,0.0022
70,0.0087,0.0118,0.0131,0.0028
71,0.0083,0.0173,0.0139,0.0048
72,0.0085,0.0118,0.0102,0.0023
73,0.0083,0.0119,0.0097,0.0034
74,0.0090,0.0122,0.0146,0.0058
75,0.0094,0.0236,0.0132,0.0116
76,0.0089,0.0179,0.0146,0.0091
77,0.0096,0.0139,0.0245,0.0092
78,0.0078,0.0131,0.0108,0.0072
79,0.0083,0.0160,0.0144,0.0085
80,0.0119,0.0089,0.0160,0.0022
81,0.0083,0.0097,0.0198,0.0065
82,0.0077,0.0136,0.0194,0.0087
83,0.0084,0.0170,0.0245,0.0082
84,0.0089,0.0164,0.0238,0.0080
85,0.0084,0.0115,0.0146,0.0040
86,0.0086,0.0103,0.0135,0.0025
87,0.0081,0.0090,0.0114,0.0052
88,0.0083,0.0084,0.0121,0.0032
89,0.0082,0.0091,0.0194,0.0042
90,0.0092,0.0155,0.0289,0.0074
91,0.0120,0.0090,0.0170,0.0020
92,0.0083,0.0105,0.0242,0.0101
93,0.0087,0.0107,0.0207,0.0138
94,0.0085,0.0102,0.0223,0.0156
95,0.0098,0.0142,0.0131,0.0154
96,0.0119,0.0226,0.0171,0.0150
97,0.0092,0.0168,0.0196,0.0153
98,0.0087,0.0112,0.0147,0.0033
99,0.0082,0.0084,0.0092,0.0026
100,0.0078,0.0109,0.0113,0.0052
101,0.0088,0.0112,0.0127,0.0041
102,0.0113,0.0097,0.0190,0.0052
103,0.0082,0.0084,0.0092,0.0026
104,0.0078,0.0109,0.0113,0.0052
105,0.0082,0.0084,0.0092,0.0026
106,0.0082,0.0084,0.0092,0.0026
107,0.0088,0.0112,0.0127,0.0041
108,0.0082,0.0084,0.0092,0.0026
109,0.0082,0.0084,0.0092,0.0026
110,0.0081,0.0139,0.0134,0.0049
111,0.0082,0.0084,0.0092,0.0026
112,0.0088,0.0112,0.0127,0.0041
113,0.0146,0.0145,0.0180,0.0021
114,0.0123,0.0092,0.0187,0.0019
115,0.0078,0.0109,0.0113,0.0052
116,0.0082,0.0084,0.0092,0.0026
117,0.0082,0.0084,0.0092,0.0026
118,0.0078,0.0109,0.0113,0.0052
119,0.0088,0.0112,0.0127,0.0041
120,0.0082,0.0084,0.0092,0.0026
121,0.0078,0.0109,0.0113,0.0052
122,0.0082,0.0084,0.0092,0.0026
123,0.0088,0.0118,0.0142,0.0035
124,0.0088,0.0112,0.0127,0.0041
125,0.0125,0.0098,0.0203,0.0026
126,0.0082,0.0084,0.0092,0.0026
127,0.0082,0.0084,0.0092,0.0026
128,0.0078,0.0109,0.0113,0.0052
129,0.0082,0.0084,0.0092,0.0026
130,0.0088,0.0112,0.0127,0.0041
131,0.0078,0.0109,0.0113,0.0052
132,0.0082,0.0084,0.0092,0.0026
133,0.0082,0.0084,0.0092,0.0026
134,0.0078,0.0109,0.0113,0.0052
135,0.0088,0.0126,0.0136,0.0039
136,0.0127,0.0103,0.0211,0.0035
137,0.0082,0.0084,0.0092,0.0026
138,0.0078,0.0109,0.0113,0.0052
139,0.0082,0.0084,0.0092,0.0026
140,0.0082,0.0084,0.0092,0.0026
141,0.0088,0.0112,0.0127,0.0041
142,0.0083,0.0110,0.0093,0.0025
143,0.0080,0.0097,0.0092,0.0026
144,0.0088,0.0095,0.0117,0.0047
145,0.0078,0.0088,0.0090,0.0027
146,0.0090,0.0124,0.0138,0.0042
147,0.0129,0.0109,0.0209,0.0039
148,0.0083,0.0173,0.0139,0.0048
149,0.0079,0.0085,0.0088,0.0029
150,0.0080,0.0084,0.0088,0.0030
151,0.0080,0.0114,0.0115,0.0049
152,0.0085,0.0105,0.0116,0.0037
153,0.0082,0.0083,0.0090,0.0028
154,0.0078,0.0108,0.0114,0.0052
155,0.0085,0.0093,0.0115,0.0021
156,0.0086,0.0103,0.0135,0.0025
157,0.0091,0.0123,0.0146,0.0056
158,0.0118,0.0128,0.0159,0.0043
159,0.0088,0.0117,0.0149,0.0037
160,0.0085,0.0118,0.0102,0.0023
161,0.0082,0.0157,0.0141,0.0048
162,0.0087,0.0118,0.0131,0.0028
163,0.0086,0.0129,0.0141,0.0043
164,0.0083,0.0175,0.0133,0.0048
165,0.0083,0.0119,0.0097,0.0034
166,0.0094,0.0236,0.0132,0.0116
167,0.0100,0.0213,0.0168,0.0113
168,0.0080,0.0182,0.0138,0.0089
169,0.0134,0.0119,0.0184,0.0029
170,0.0080,0.0182,0.0138,0.0089
171,0.0080,0.0182,0.0138,0.0089
172,0.0080,0.0182,0.0138,0.0089
173,0.0080,0.0182,0.0138,0.0089
174,0.0080,0.0182,0.0138,0.0089
175,0.0081,0.0077,0.0084,0.0025
176,0.0081,0.0077,0.0084,0.0025
177,0.0081,0.0095,0.0114,0.0049
178,0.0081,0.0078,0.0090,0.0022
179,0.0086,0.0106,0.0129,0.0051
180,0.0136,0.0126,0.0165,0.0021
181,0.0079,0.0092,0.0114,0.0050
182,0.0081,0.0086,0.0121,0.0026
183,0.0081,0.0090,0.0131,0.0034
184,0.0078,0.0113,0.0133,0.0047
185,0.0086,0.0115,0.0126,0.0042
186,0.0080,0.0095,0.0114,0.0029
187,0.0078,0.0136,0.0138,0.0047
188,0.0078,0.0096,0.0092,0.0023
189,0.0077,0.0098,0.0093,0.0034
190,0.0086,0.0107,0.0134,0.0058
191,0.0139,0.0132,0.0146,0.0021
192,0.0093,0.0172,0.0126,0.0116
193,0.0088,0.0138,0.0133,0.0091
194,0.0096,0.0112,0.0227,0.0092
195,0.0075,0.0113,0.0101,0.0073
196,0.0077,0.0126,0.0142,0.0082
197,0.0080,0.0091,0.0195,0.0066
198,0.0078,0.0101,0.0171,0.0080
199,0.0087,0.0127,0.0218,0.0073
200,0.0093,0.0130,0.0213,0.0074
201,0.0080,0.0103,0.0136,0.0040
202,0.0142,0.0140,0.0129,0.0032
203,0.0081,0.0086,0.0121,0.0026
204,0.0081,0.0086,0.0109,0.0051
205,0.0081,0.0080,0.0123,0.0032
206,0.0081,0.0077,0.0180,0.0042
207,0.0096,0.0122,0.0272,0.0070
208,0.0086,0.0082,0.0217,0.0096
209,0.0090,0.0082,0.0190,0.0129
210,0.0087,0.0100,0.0203,0.0148
211,0.0098,0.0100,0.0122,0.0140
212,0.0115,0.0157,0.0172,0.0138
213,0.0114,0.0101,0.0194,0.0060
214,0.0091,0.0122,0.0187,0.0145
215,0.0081,0.0090,0.0131,0.0034
216,0.0081,0.0077,0.0084,0.0025
217,0.0081,0.0095,0.0114,0.0049
218,0.0085,0.0103,0.0121,0.0041
219,0.0081,0.0077,0.0084,0.0025
220,0.0081,0.0095,0.0114,0.0049
221,0.0081,0.0077,0.0084,0.0025
222,0.0081,0.0077,0.0084,0.0025
223,0.0085,0.0103,0.0121,0.0041
224,0.0148,0.0150,0.0158,0.0021
225,0.0137,0.0185,0.0259,0.0173
226,0.0081,0.0077,0.0084,0.0025
227,0.0081,0.0077,0.0084,0.0025
228,0.0078,0.0113,0.0133,0.0047
229,0.0081,0.0077,0.0084,0.0025
230,0.0085,0.0103,0.0121,0.0041
231,0.0081,0.0095,0.0114,0.0049
232,0.0081,0.0077,0.0084,0.0025
233,0.0081,0.0077,0.0084,0.0025
234,0.0081,0.0095,0.0114,0.0049
235,0.0085,0.0103,0.0121,0.0041
236,0.0137,0.0142,0.0214,0.0106
237,0.0081,0.0077,0.0084,0.0025
238,0.0081,0.0095,0.0114,0.0049
239,0.0081,0.0077,0.0084,0.0025
240,0.0081,0.0094,0.0125,0.0036
241,0.0085,0.0103,0.0121,0.0041
242,0.0081,0.0077,0.0084,0.0025
243,0.0081,0.0077,0.0084,0.0025
244,0.0081,0.0095,0.0114,0.0049
245,0.0081,0.0077,0.0084,0.0025
246,0.0085,0.0103,0.0121,0.0041
247,0.0141,0.0123,0.0190,0.0090
248,0.0081,0.0095,0.0114,0.0049
249,0.0081,0.0077,0.0084,0.0025
250,0.0081,0.0077,0.0084,0.0025
251,0.0081,0.0095,0.0114,0.0049
252,0.0086,0.0119,0.0128,0.0039
253,0.0081,0.0077,0.0084,0.0025
254,0.0081,0.0095,0.0114,0.0049
255,0.0081,0.0077,0.0084,0.0025
256,0.0081,0.0077,0.0084,0.0025
257,0.0085,0.0103,0.0121,0.0041
258,0.0149,0.0112,0.0177,0.0077
259,0.0084,0.0107,0.0089,0.0024
260,0.0082,0.0095,0.0088,0.0024
261,0.0094,0.0093,0.0119,0.0046
262,0.0080,0.0085,0.0085,0.0026
263,0.0086,0.0115,0.0126,0.0042
264,0.0078,0.0136,0.0138,0.0047
265,0.0080,0.0081,0.0083,0.0027
266,0.0081,0.0080,0.0082,0.0028
267,0.0085,0.0104,0.0115,0.0047
268,0.0083,0.0103,0.0115,0.0037
269,0.0149,0.0136,0.0250,0.0087
270,0.0081,0.0077,0.0083,0.0027
271,0.0080,0.0092,0.0114,0.0050
272,0.0081,0.0080,0.0104,0.0021
273,0.0081,0.0086,0.0121,0.0026
274,0.0087,0.0110,0.0132,0.0056
275,0.0081,0.0093,0.0131,0.0039
276,0.0078,0.0096,0.0092,0.0023
277,0.0078,0.0125,0.0140,0.0047
278,0.0080,0.0095,0.0114,0.0029
279,0.0084,0.0123,0.0137,0.0043
280,0.0149,0.0103,0.0191,0.0071
281,0.0078,0.0137,0.0132,0.0047
282,0.0077,0.0098,0.0093,0.0034
283,0.0093,0.0172,0.0126,0.0116
284,0.0099,0.0158,0.0155,0.0113
285,0.0075,0.0157,0.0137,0.0089
286,0.0075,0.0157,0.0137,0.0089
287,0.0075,0.0157,0.0137,0.0089
288,0.0075,0.0157,0.0137,0.0089
289,0.0075,0.0157,0.0137,0.0089
290,0.0075,0.0157,0.0137,0.0089
291,0.0143,0.0126,0.0229,0.0084
292,0.0098,0.0066,0.0082,0.0023
293,0.0098,0.0066,0.0082,0.0023
294,0.0101,0.0079,0.0116,0.0046
295,0.0096,0.0065,0.0082,0.0021
296,0.0098,0.0091,0.0116,0.0050
297,0.0096,0.0075,0.0116,0.0047
298,0.0091,0.0065,0.0099,0.0028
299,0.0090,0.0066,0.0105,0.0037
300,0.0087,0.0081,0.0131,0.0046
301,0.0098,0.0102,0.0119,0.0040
302,0.0142,0.0149,0.0263,0.0079
303,0.0086,0.0068,0.0091,0.0029
304,0.0082,0.0087,0.0136,0.0047
305,0.0083,0.0072,0.0089,0.0023
306,0.0081,0.0074,0.0104,0.0034
307,0.0098,0.0092,0.0117,0.0057
308,0.0094,0.0089,0.0122,0.0116
309,0.0091,0.0095,0.0112,0.0090
310,0.0097,0.0087,0.0195,0.0091
311,0.0076,0.0096,0.0093,0.0075
312,0.0079,0.0090,0.0141,0.0078
313,0.0137,0.0134,0.0232,0.0054
314,0.0081,0.0082,0.0194,0.0067
315,0.0088,0.0063,0.0132,0.0068
316,0.0096,0.0072,0.0166,0.0057
317,0.0103,0.0085,0.0162,0.0061
318,0.0093,0.0087,0.0121,0.0041
319,0.0091,0.0065,0.0099,0.0028
320,0.0101,0.0077,0.0109,0.0049
321,0.0095,0.0072,0.0126,0.0033
322,0.0094,0.0066,0.0147,0.0042
323,0.0110,0.0093,0.0254,0.0064
324,0.0120,0.0098,0.0209,0.0041
325,0.0098,0.0068,0.0179,0.0087
326,0.0100,0.0075,0.0165,0.0111
327,0.0094,0.0113,0.0165,0.0135
328,0.0100,0.0088,0.0108,0.0115
329,0.0107,0.0103,0.0176,0.0117
330,0.0091,0.0102,0.0171,0.0135
331,0.0090,0.0066,0.0105,0.0037
332,0.0098,0.0066,0.0082,0.0023
333,0.0101,0.0079,0.0116,0.0046
334,0.0098,0.0091,0.0114,0.0040
335,0.0151,0.0156,0.0138,0.0032
336,0.0125,0.0098,0.0203,0.0026
337,0.0098,0.0066,0.0082,0.0023
338,0.0101,0.0079,0.0116,0.0046
339,0.0098,0.0066,0.0082,0.0023
340,0.0098,0.0066,0.0082,0.0023
341,0.0098,0.0091,0.0114,0.0040
342,0.0098,0.0066,0.0082,0.0023
343,0.0098,0.0066,0.0082,0.0023
344,0.0087,0.0081,0.0131,0.0046
345,0.0098,0.0066,0.0082,0.0023
346,0.0098,0.0091,0.0114,0.0040
347,0.0115,0.0094,0.0136,0.0025
348,0.0101,0.0079,0.0116,0.0046
349,0.0098,0.0066,0.0082,0.0023
350,0.0098,0.0066,0.0082,0.0023
351,0.0101,0.0079,0.0116,0.0046
352,0.0098,0.0091,0.0114,0.0040
353,0.0098,0.0066,0.0082,0.0023
354,0.0101,0.0079,0.0116,0.0046
355,0.0098,0.0066,0.0082,0.0023
356,0.0087,0.0067,0.0099,0.0036
357,0.0098,0.0091,0.0114,0.0040
358,0.0114,0.0088,0.0147,0.0035
359,0.0098,0.0066,0.0082,0.0023
360,0.0098,0.0066,0.0082,0.0023
361,0.0101,0.0079,0.0116,0.0046
362,0.0098,0.0066,0.0082,0.0023
363,0.0098,0.0091,0.0114,0.0040
364,0.0101,0.0079,0.0116,0.0046
365,0.0098,0.0066,0.0082,0.0023
366,0.0098,0.0066,0.0082,0.0023
367,0.0101,0.0079,0.0116,0.0046
368,0.0098,0.0106,0.0131,0.0038
369,0.0112,0.0086,0.0202,0.0049
370,0.0098,0.0066,0.0082,0.0023
371,0.0101,0.0079,0.0116,0.0046
372,0.0098,0.0066,0.0082,0.0023
373,0.0098,0.0066,0.0082,0.0023
374,0.0098,0.0091,0.0114,0.0040
375,0.0104,0.0085,0.0091,0.0021
376,0.0103,0.0077,0.0089,0.0022
377,0.0116,0.0087,0.0122,0.0046
378,0.0104,0.0074,0.0085,0.0022
379,0.0098,0.0102,0.0119,0.0040
380,0.0104,0.0113,0.0311,0.0076
381,0.0082,0.0087,0.0136,0.0047
382,0.0103,0.0071,0.0084,0.0024
383,0.0103,0.0068,0.0084,0.0024
384,0.0108,0.0095,0.0117,0.0045
385,0.0099,0.0094,0.0122,0.0037
386,0.0100,0.0065,0.0083,0.0024
387,0.0098,0.0076,0.0116,0.0047
388,0.0093,0.0064,0.0088,0.0021
389,0.0091,0.0065,0.0099,0.0028
390,0.0098,0.0095,0.0115,0.0053
391,0.0112,0.0092,0.0248,0.0106
392,0.0088,0.0066,0.0105,0.0040
393,0.0083,0.0072,0.0089,0.0023
394,0.0085,0.0084,0.0138,0.0047
395,0.0086,0.0068,0.0091,0.0029
396,0.0097,0.0110,0.0150,0.0044
397,0.0080,0.0087,0.0131,0.0046
398,0.0081,0.0074,0.0104,0.0034
399,0.0094,0.0089,0.0122,0.0116
400,0.0098,0.0093,0.0132,0.0113
401,0.0077,0.0133,0.0137,0.0090
402,0.0115,0.0099,0.0233,0.0136
403,0.0077,0.0133,0.0137,0.0090
404,0.0077,0.0133,0.0137,0.0090
405,0.0077,0.0133,0.0137,0.0090
406,0.0077,0.0133,0.0137,0.0090
407,0.0077,0.0133,0.0137,0.0090
408,0.0124,0.0054,0.0093,0.0022
409,0.0124,0.0054,0.0093,0.0022
410,0.0123,0.0074,0.0117,0.0045
411,0.0120,0.0054,0.0088,0.0020
412,0.0121,0.0080,0.0117,0.0048
413,0.0120,0.0112,0.0219,0.0147
414,0.0116,0.0069,0.0117,0.0046
415,0.0113,0.0053,0.0092,0.0029
416,0.0110,0.0054,0.0097,0.0038
417,0.0103,0.0070,0.0131,0.0046
418,0.0117,0.0087,0.0132,0.0038
419,0.0102,0.0057,0.0089,0.0029
420,0.0092,0.0071,0.0136,0.0049
421,0.0096,0.0061,0.0101,0.0023
422,0.0093,0.0063,0.0119,0.0033
423,0.0120,0.0080,0.0116,0.0054
424,0.0126,0.0128,0.0220,0.0142
425,0.0097,0.0063,0.0125,0.0116
426,0.0095,0.0083,0.0102,0.0091
427,0.0099,0.0081,0.0174,0.0091
428,0.0087,0.0090,0.0090,0.0077
429,0.0095,0.0079,0.0141,0.0076
430,0.0090,0.0074,0.0196,0.0070
431,0.0100,0.0058,0.0111,0.0060
432,0.0104,0.0058,0.0136,0.0047
433,0.0111,0.0070,0.0131,0.0055
434,0.0116,0.0077,0.0119,0.0041
435,0.0137,0.0176,0.0345,0.0152
436,0.0113,0.0053,0.0092,0.0029
437,0.0129,0.0070,0.0119,0.0049
438,0.0119,0.0057,0.0126,0.0035
439,0.0116,0.0055,0.0119,0.0045
440,0.0125,0.0086,0.0257,0.0062
441,0.0114,0.0061,0.0169,0.0084
442,0.0112,0.0071,0.0159,0.0102
443,0.0104,0.0111,0.0141,0.0126
444,0.0104,0.0097,0.0100,0.0101
445,0.0102,0.0113,0.0182,0.0108
446,0.0123,0.0117,0.0206,0.0060
447,0.0136,0.0207,0.0262,0.0184
448,0.0092,0.0116,0.0160,0.0135
449,0.0110,0.0054,0.0097,0.0038
450,0.0124,0.0054,0.0093,0.0022
451,0.0123,0.0074,0.0117,0.0045
452,0.0123,0.0080,0.0118,0.0039
453,0.0124,0.0054,0.0093,0.0022
454,0.0123,0.0074,0.0117,0.0045
455,0.0124,0.0054,0.0093,0.0022
456,0.0124,0.0054,0.0093,0.0022
457,0.0123,0.0080,0.0118,0.0039
458,0.0127,0.0103,0.0211,0.0035
459,0.0124,0.0054,0.0093,0.0022
460,0.0124,0.0054,0.0093,0.0022
461,0.0103,0.0070,0.0131,0.0046
462,0.0124,0.0054,0.0093,0.0022
463,0.0123,0.0080,0.0118,0.0039
464,0.0123,0.0074,0.0117,0.0045
465,0.0124,0.0054,0.0093,0.0022
466,0.0124,0.0054,0.0093,0.0022
467,0.0123,0.0074,0.0117,0.0045
468,0.0123,0.0080,0.0118,0.0039
469,0.0119,0.0089,0.0160,0.0022
470,0.0124,0.0054,0.0093,0.0022
471,0.0123,0.0074,0.0117,0.0045
472,0.0124,0.0054,0.0093,0.0022
473,0.0104,0.0055,0.0092,0.0037
474,0.0123,0.0080,0.0118,0.0039
475,0.0124,0.0054,0.0093,0.0022
476,0.0124,0.0054,0.0093,0.0022
477,0.0123,0.0074,0.0117,0.0045
478,0.0124,0.0054,0.0093,0.0022
479,0.0123,0.0080,0.0118,0.0039
480,0.0119,0.0089,0.0160,0.0022
481,0.0123,0.0074,0.0117,0.0045
482,0.0124,0.0054,0.0093,0.0022
483,0.0124,0.0054,0.0093,0.0022
484,0.0123,0.0074,0.0117,0.0045
485,0.0116,0.0090,0.0149,0.0038
486,0.0124,0.0054,0.0093,0.0022
487,0.0123,0.0074,0.0117,0.0045
488,0.0124,0.0054,0.0093,0.0022
489,0.0124,0.0054,0.0093,0.0022
490,0.0123,0.0080,0.0118,0.0039
491,0.0112,0.0094,0.0179,0.0041
492,0.0132,0.0061,0.0101,0.0020
493,0.0133,0.0061,0.0099,0.0020
494,0.0139,0.0089,0.0126,0.0048
495,0.0134,0.0067,0.0096,0.0021
496,0.0117,0.0087,0.0132,0.0038
497,0.0092,0.0071,0.0136,0.0049
498,0.0134,0.0064,0.0096,0.0022
499,0.0133,0.0061,0.0096,0.0023
500,0.0132,0.0095,0.0119,0.0046
501,0.0125,0.0080,0.0133,0.0037
502,0.0119,0.0089,0.0160,0.0022
503,0.0127,0.0053,0.0096,0.0023
504,0.0120,0.0070,0.0117,0.0045
505,0.0117,0.0053,0.0088,0.0022
506,0.0113,0.0053,0.0092,0.0029
507,0.0119,0.0082,0.0117,0.0050
508,0.0107,0.0054,0.0096,0.0041
509,0.0096,0.0061,0.0101,0.0023
510,0.0099,0.0071,0.0137,0.0049
511,0.0102,0.0057,0.0089,0.0029
512,0.0114,0.0093,0.0173,0.0045
513,0.0119,0.0089,0.0160,0.0022
514,0.0089,0.0071,0.0130,0.0046
515,0.0093,0.0063,0.0119,0.0033
516,0.0097,0.0063,0.0125,0.0116
517,0.0099,0.0077,0.0118,0.0114
518,0.0090,0.0126,0.0136,0.0092
519,0.0090,0.0126,0.0136,0.0092
520,0.0090,0.0126,0.0136,0.0092
521,0.0090,0.0126,0.0136,0.0092
522,0.0090,0.0126,0.0136,0.0092
523,0.0090,0.0126,0.0136,0.0092
524,0.0119,0.0089,0.0160,0.0022
525,0.0136,0.0049,0.0100,0.0021
526,0.0136,0.0049,0.0100,0.0021
527,0.0133,0.0073,0.0117,0.0046
528,0.0132,0.0049,0.0093,0.0020
529,0.0132,0.0076,0.0120,0.0046
530,0.0125,0.0068,0.0116,0.0046
531,0.0123,0.0050,0.0093,0.0029
532,0.0119,0.0050,0.0096,0.0038
533,0.0108,0.0068,0.0131,0.0047
534,0.0125,0.0082,0.0140,0.0038
535,0.0119,0.0089,0.0160,0.0022
536,0.0108,0.0054,0.0091,0.0029
537,0.0096,0.0069,0.0136,0.0050
538,0.0100,0.0059,0.0105,0.0023
539,0.0096,0.0062,0.0123,0.0032
540,0.0131,0.0076,0.0119,0.0053
541,0.0098,0.0058,0.0127,0.0116
542,0.0098,0.0082,0.0101,0.0091
543,0.0100,0.0081,0.0166,0.0091
544,0.0092,0.0092,0.0089,0.0079
545,0.0103,0.0076,0.0141,0.0076
546,0.0112,0.0094,0.0179,0.0041
547,0.0096,0.0074,0.0198,0.0072
548,0.0106,0.0058,0.0105,0.0058
549,0.0107,0.0059,0.0131,0.0044
550,0.0114,0.0068,0.0122,0.0054
551,0.0125,0.0074,0.0120,0.0041
552,0.0123,0.0050,0.0093,0.0029
553,0.0142,0.0069,0.0125,0.0048
554,0.0132,0.0051,0.0126,0.0036
555,0.0127,0.0051,0.0108,0.0047
556,0.0132,0.0082,0.0264,0.0063
557,0.0138,0.0249,0.0260,0.0173
558,0.0119,0.0089,0.0160,0.0022
559,0.0121,0.0056,0.0171,0.0083
560,0.0117,0.0066,0.0160,0.0098
561,0.0110,0.0105,0.0132,0.0122
562,0.0105,0.0095,0.0098,0.0096
563,0.0100,0.0115,0.0185,0.0107
564,0.0093,0.0119,0.0156,0.0137
565,0.0119,0.0050,0.0096,0.0038
566,0.0136,0.0049,0.0100,0.0021
567,0.0133,0.0073,0.0117,0.0046
568,0.0134,0.0076,0.0121,0.0039
569,0.0119,0.0089,0.0160,0.0022
570,0.0136,0.0049,0.0100,0.0021
571,0.0133,0.0073,0.0117,0.0046
572,0.0136,0.0049,0.0100,0.0021
573,0.0136,0.0049,0.0100,0.0021
574,0.0134,0.0076,0.0121,0.0039
575,0.0136,0.0049,0.0100,0.0021
576,0.0136,0.0049,0.0100,0.0021
577,0.0108,0.0068,0.0131,0.0047
578,0.0136,0.0049,0.0100,0.0021
579,0.0134,0.0076,0.0121,0.0039
580,0.0129,0.0109,0.0209,0.0039
581,0.0133,0.0073,0.0117,0.0046
582,0.0136,0.0049,0.0100,0.0021
583,0.0136,0.0049,0.0100,0.0021
584,0.0133,0.0073,0.0117,0.0046
585,0.0134,0.0076,0.0121,0.0039
586,0.0136,0.0049,0.0100,0.0021
587,0.0133,0.0073,0.0117,0.0046
588,0.0136,0.0049,0.0100,0.0021
589,0.0112,0.0052,0.0092,0.0037
590,0.0134,0.0076,0.0121,0.0039
591,0.0119,0.0089,0.0160,0.0022
592,0.0136,0.0049,0.0100,0.0021
593,0.0136,0.0049,0.0100,0.0021
594,0.0133,0.0073,0.0117,0.0046
595,0.0136,0.0049,0.0100,0.0021
596,0.0134,0.0076,0.0121,0.0039
597,0.0133,0.0073,0.0117,0.0046
598,0.0136,0.0049,0.0100,0.0021
599,0.0136,0.0049,0.0100,0.0021
600,0.0133,0.0073,0.0117,0.0046
601,0.0123,0.0084,0.0158,0.0038
602,0.0112,0.0094,0.0179,0.0041
603,0.0136,0.0049,0.0100,0.0021
604,0.0133,0.0073,0.0117,0.0046
605,0.0136,0.0049,0.0100,0.0021
606,0.0136,0.0049,0.0100,0.0021
607,0.0134,0.0076,0.0121,0.0039
608,0.0145,0.0054,0.0107,0.0020
609,0.0147,0.0059,0.0105,0.0020
610,0.0150,0.0094,0.0127,0.0049
611,0.0148,0.0069,0.0102,0.0021
612,0.0125,0.0082,0.0140,0.0038
613,0.0119,0.0089,0.0160,0.0022
614,0.0096,0.0069,0.0136,0.0050
615,0.0148,0.0066,0.0103,0.0021
616,0.0146,0.0061,0.0103,0.0022
617,0.0143,0.0097,0.0119,0.0047
618,0.0138,0.0075,0.0139,0.0037
619,0.0139,0.0049,0.0103,0.0022
620,0.0128,0.0069,0.0116,0.0046
621,0.0127,0.0050,0.0090,0.0022
622,0.0123,0.0050,0.0093,0.0029
623,0.0128,0.0078,0.0122,0.0048
624,0.0119,0.0089,0.0160,0.0022
625,0.0116,0.0051,0.0096,0.0042
626,0.0100,0.0059,0.0105,0.0023
627,0.0105,0.0069,0.0138,0.0050
628,0.0108,0.0054,0.0091,0.0029
629,0.0120,0.0087,0.0183,0.0046
630,0.0092,0.0070,0.0130,0.0047
631,0.0096,0.0062,0.0123,0.0032
632,0.0098,0.0058,0.0127,0.0116
633,0.0100,0.0075,0.0113,0.0114
634,0.0098,0.0126,0.0136,0.0093
635,0.0119,0.0089,0.0160,0.0022
636,0.0098,0.0126,0.0136,0.0093
637,0.0098,0.0126,0.0136,0.0093
638,0.0098,0.0126,0.0136,0.0093
639,0.0098,0.0126,0.0136,0.0093
640,0.0098,0.0126,0.0136,0.0093
641,0.0095,0.0131,0.0153,0.0025
642,0.0095,0.0131,0.0153,0.0025
643,0.0085,0.0103,0.0124,0.0056
644,0.0095,0.0127,0.0168,0.0023
645,0.0099,0.0137,0.0226,0.0062
646,0.0119,0.0089,0.0160,0.0022
647,0.0087,0.0102,0.0131,0.0057
648,0.0099,0.0110,0.0225,0.0025
649,0.0099,0.0108,0.0245,0.0034
650,0.0093,0.0101,0.0178,0.0050
651,0.0097,0.0153,0.0241,0.0049
652,0.0100,0.0113,0.0244,0.0027
653,0.0097,0.0124,0.0200,0.0047
654,0.0098,0.0119,0.0210,0.0024
655,0.0096,0.0122,0.0188,0.0037
656,0.0099,0.0137,0.0242,0.0069
657,0.0112,0.0094,0.0179,0.0041
658,0.0091,0.0132,0.0146,0.0136
659,0.0092,0.0130,0.0128,0.0106
660,0.0106,0.0106,0.0227,0.0106
661,0.0105,0.0119,0.0093,0.0095
662,0.0094,0.0144,0.0144,0.0130
663,0.0103,0.0112,0.0208,0.0105
664,0.0075,0.0107,0.0221,0.0135
665,0.0076,0.0121,0.0236,0.0113
666,0.0079,0.0113,0.0234,0.0110
667,0.0096,0.0133,0.0221,0.0040
668,0.0138,0.0186,0.0220,0.0107
669,0.0119,0.0089,0.0160,0.0022
670,0.0099,0.0110,0.0225,0.0025
671,0.0095,0.0139,0.0152,0.0051
672,0.0103,0.0129,0.0081,0.0042
673,0.0102,0.0099,0.0132,0.0062
674,0.0077,0.0143,0.0302,0.0080
675,0.0085,0.0092,0.0247,0.0064
676,0.0077,0.0098,0.0226,0.0075
677,0.0096,0.0099,0.0216,0.0095
678,0.0079,0.0126,0.0158,0.0116
679,0.0101,0.0183,0.0159,0.0138
680,0.0119,0.0089,0.0160,0.0022
681,0.0085,0.0145,0.0263,0.0153
682,0.0099,0.0108,0.0245,0.0034
683,0.0095,0.0131,0.0153,0.0025
684,0.0085,0.0103,0.0124,0.0056
685,0.0099,0.0142,0.0200,0.0050
686,0.0095,0.0131,0.0153,0.0025
687,0.0085,0.0103,0.0124,0.0056
688,0.0095,0.0131,0.0153,0.0025
689,0.0095,0.0131,0.0153,0.0025
690,0.0099,0.0142,0.0200,0.0050
691,0.0119,0.0089,0.0160,0.0022
692,0.0095,0.0131,0.0153,0.0025
693,0.0095,0.0131,0.0153,0.0025
694,0.0093,0.0101,0.0178,0.0050
695,0.0095,0.0131,0.0153,0.0025
696,0.0099,0.0142,0.0200,0.0050
697,0.0085,0.0103,0.0124,0.0056
698,0.0095,0.0131,0.0153,0.0025
699,0.0095,0.0131,0.0153,0.0025
700,0.0085,0.0103,0.0124,0.0056
701,0.0099,0.0142,0.0200,0.0050
702,0.0131,0.0114,0.0199,0.0036
703,0.0095,0.0131,0.0153,0.0025
704,0.0085,0.0103,0.0124,0.0056
705,0.0095,0.0131,0.0153,0.0025
706,0.0101,0.0111,0.0252,0.0035
707,0.0099,0.0142,0.0200,0.0050
708,0.0095,0.0131,0.0153,0.0025
709,0.0095,0.0131,0.0153,0.0025
710,0.0085,0.0103,0.0124,0.0056
711,0.0095,0.0131,0.0153,0.0025
712,0.0099,0.0142,0.0200,0.0050
713,0.0112,0.0094,0.0179,0.0041
714,0.0085,0.0103,0.0124,0.0056
715,0.0095,0.0131,0.0153,0.0025
716,0.0095,0.0131,0.0153,0.0025
717,0.0085,0.0103,0.0124,0.0056
718,0.0096,0.0159,0.0230,0.0042
719,0.0095,0.0131,0.0153,0.0025
720,0.0085,0.0103,0.0124,0.0056
721,0.0095,0.0131,0.0153,0.0025
722,0.0095,0.0131,0.0153,0.0025
723,0.0099,0.0142,0.0200,0.0050
724,0.0119,0.0089,0.0160,0.0022
725,0.0121,0.0181,0.0114,0.0023
726,0.0112,0.0166,0.0116,0.0024
727,0.0104,0.0133,0.0119,0.0048
728,0.0101,0.0149,0.0119,0.0025
729,0.0097,0.0153,0.0241,0.0049
730,0.0097,0.0124,0.0200,0.0047
731,0.0095,0.0140,0.0123,0.0027
732,0.0094,0.0137,0.0126,0.0028
733,0.0085,0.0109,0.0122,0.0052
734,0.0099,0.0158,0.0156,0.0036
735,0.0119,0.0089,0.0160,0.0022
736,0.0093,0.0133,0.0143,0.0027
737,0.0086,0.0103,0.0127,0.0056
738,0.0097,0.0119,0.0194,0.0021
739,0.0099,0.0110,0.0225,0.0025
740,0.0098,0.0142,0.0252,0.0066
741,0.0100,0.0109,0.0254,0.0037
742,0.0098,0.0119,0.0210,0.0024
743,0.0094,0.0109,0.0196,0.0048
744,0.0100,0.0113,0.0244,0.0027
745,0.0094,0.0164,0.0219,0.0043
746,0.0119,0.0089,0.0160,0.0022
747,0.0096,0.0129,0.0188,0.0049
748,0.0096,0.0122,0.0188,0.0037
749,0.0091,0.0132,0.0146,0.0136
750,0.0103,0.0107,0.0206,0.0135
751,0.0109,0.0171,0.0138,0.0108
752,0.0109,0.0171,0.0138,0.0108
753,0.0109,0.0171,0.0138,0.0108
754,0.0109,0.0171,0.0138,0.0108
755,0.0109,0.0171,0.0138,0.0108
756,0.0109,0.0171,0.0138,0.0108
757,0.0119,0.0089,0.0160,0.0022
758,0.0081,0.0130,0.0127,0.0024
759,0.0081,0.0130,0.0127,0.0024
760,0.0075,0.0100,0.0117,0.0054
761,0.0081,0.0125,0.0142,0.0022
762,0.0086,0.0137,0.0200,0.0062
763,0.0077,0.0100,0.0122,0.0055
764,0.0084,0.0108,0.0197,0.0026
765,0.0085,0.0105,0.0215,0.0034
766,0.0081,0.0094,0.0168,0.0049
767,0.0086,0.0150,0.0207,0.0047
768,0.0112,0.0094,0.0179,0.0041
769,0.0086,0.0107,0.0210,0.0027
770,0.0085,0.0106,0.0187,0.0047
771,0.0085,0.0111,0.0177,0.0024
772,0.0083,0.0113,0.0154,0.0037
773,0.0086,0.0136,0.0213,0.0069
774,0.0089,0.0100,0.0136,0.0137
775,0.0088,0.0115,0.0119,0.0106
776,0.0103,0.0106,0.0212,0.0106
777,0.0093,0.0115,0.0092,0.0094
778,0.0085,0.0119,0.0141,0.0126
779,0.0143,0.0150,0.0196,0.0090
780,0.0119,0.0089,0.0160,0.0022
781,0.0093,0.0115,0.0209,0.0102
782,0.0073,0.0083,0.0194,0.0128
783,0.0075,0.0093,0.0213,0.0104
784,0.0079,0.0094,0.0212,0.0103
785,0.0082,0.0130,0.0197,0.0040
786,0.0084,0.0108,0.0197,0.0026
787,0.0081,0.0136,0.0131,0.0050
788,0.0088,0.0131,0.0080,0.0041
789,0.0090,0.0103,0.0126,0.0062
790,0.0072,0.0120,0.0288,0.0083
791,0.0119,0.0089,0.0160,0.0022
792,0.0078,0.0082,0.0223,0.0064
793,0.0074,0.0083,0.0207,0.0073
794,0.0092,0.0103,0.0192,0.0092
795,0.0078,0.0092,0.0146,0.0109
796,0.0098,0.0131,0.0155,0.0130
797,0.0084,0.0108,0.0252,0.0152
798,0.0085,0.0105,0.0215,0.0034
799,0.0081,0.0130,0.0127,0.0024
800,0.0075,0.0100,0.0117,0.0054
801,0.0084,0.0141,0.0179,0.0050
802,0.0119,0.0089,0.0160,0.0022
803,0.0081,0.0130,0.0127,0.0024
804,0.0075,0.0100,0.0117,0.0054
805,0.0081,0.0130,0.0127,0.0024
806,0.0081,0.0130,0.0127,0.0024
807,0.0084,0.0141,0.0179,0.0050
808,0.0081,0.0130,0.0127,0.0024
809,0.0081,0.0130,0.0127,0.0024
810,0.0081,0.0094,0.0168,0.0049
811,0.0081,0.0130,0.0127,0.0024
812,0.0084,0.0141,0.0179,0.0050
813,0.0119,0.0089,0.0160,0.0022
814,0.0075,0.0100,0.0117,0.0054
815,0.0081,0.0130,0.0127,0.0024
816,0.0081,0.0130,0.0127,0.0024
817,0.0075,0.0100,0.0117,0.0054
818,0.0084,0.0141,0.0179,0.0050
819,0.0081,0.0130,0.0127,0.0024
820,0.0075,0.0100,0.0117,0.0054
821,0.0081,0.0130,0.0127,0.0024
822,0.0086,0.0105,0.0219,0.0035
823,0.0084,0.0141,0.0179,0.0050
824,0.0120,0.0137,0.0146,0.0038
825,0.0081,0.0130,0.0127,0.0024
826,0.0081,0.0130,0.0127,0.0024
827,0.0075,0.0100,0.0117,0.0054
828,0.0081,0.0130,0.0127,0.0024
829,0.0084,0.0141,0.0179,0.0050
830,0.0075,0.0100,0.0117,0.0054
831,0.0081,0.0130,0.0127,0.0024
832,0.0081,0.0130,0.0127,0.0024
833,0.0075,0.0100,0.0117,0.0054
834,0.0085,0.0155,0.0196,0.0041
835,0.0119,0.0089,0.0160,0.0022
836,0.0081,0.0130,0.0127,0.0024
837,0.0075,0.0100,0.0117,0.0054
838,0.0081,0.0130,0.0127,0.0024
839,0.0081,0.0130,0.0127,0.0024
840,0.0084,0.0141,0.0179,0.0050
841,0.0106,0.0168,0.0100,0.0022
842,0.0098,0.0155,0.0101,0.0022
843,0.0096,0.0124,0.0116,0.0046
844,0.0087,0.0139,0.0102,0.0024
845,0.0086,0.0150,0.0207,0.0047
846,0.0119,0.0089,0.0160,0.0022
847,0.0085,0.0106,0.0187,0.0047
848,0.0081,0.0133,0.0103,0.0025
849,0.0079,0.0132,0.0105,0.0026
850,0.0076,0.0105,0.0116,0.0050
851,0.0084,0.0158,0.0138,0.0036
852,0.0079,0.0130,0.0118,0.0026
853,0.0075,0.0101,0.0118,0.0054
854,0.0083,0.0117,0.0168,0.0021
855,0.0084,0.0108,0.0197,0.0026
856,0.0086,0.0141,0.0219,0.0065
857,0.0119,0.0089,0.0160,0.0022
858,0.0086,0.0105,0.0221,0.0038
859,0.0085,0.0111,0.0177,0.0024
860,0.0082,0.0097,0.0184,0.0046
861,0.0086,0.0107,0.0210,0.0027
862,0.0084,0.0159,0.0186,0.0043
863,0.0084,0.0109,0.0176,0.0048
864,0.0083,0.0113,0.0154,0.0037
865,0.0089,0.0100,0.0136,0.0137
866,0.0102,0.0094,0.0189,0.0135
867,0.0095,0.0157,0.0135,0.0107
868,0.0119,0.0089,0.0160,0.0022
869,0.0095,0.0157,0.0135,0.0107
870,0.0095,0.0157,0.0135,0.0107
871,0.0095,0.0157,0.0135,0.0107
872,0.0095,0.0157,0.0135,0.0107
873,0.0095,0.0157,0.0135,0.0107
874,0.0072,0.0102,0.0084,0.0023
875,0.0072,0.0102,0.0084,0.0023
876,0.0074,0.0084,0.0111,0.0050
877,0.0073,0.0098,0.0094,0.0021
878,0.0074,0.0117,0.0148,0.0059
879,0.0112,0.0094,0.0179,0.0041
880,0.0073,0.0085,0.0112,0.0051
881,0.0074,0.0086,0.0140,0.0026
882,0.0074,0.0084,0.0154,0.0035
883,0.0073,0.0080,0.0150,0.0046
884,0.0083,0.0123,0.0140,0.0043
885,0.0076,0.0084,0.0143,0.0026
886,0.0074,0.0085,0.0166,0.0045
887,0.0076,0.0085,0.0111,0.0025
888,0.0076,0.0086,0.0095,0.0038
889,0.0076,0.0117,0.0157,0.0066
890,0.0154,0.0130,0.0180,0.0077
891,0.0128,0.0113,0.0171,0.0021
892,0.0085,0.0081,0.0123,0.0137
893,0.0081,0.0102,0.0106,0.0106
894,0.0098,0.0098,0.0188,0.0106
895,0.0073,0.0102,0.0095,0.0091
896,0.0077,0.0095,0.0138,0.0117
897,0.0078,0.0100,0.0216,0.0096
898,0.0076,0.0063,0.0146,0.0112
899,0.0079,0.0062,0.0166,0.0087
900,0.0083,0.0074,0.0165,0.0088
901,0.0074,0.0108,0.0149,0.0040
902,0.0124,0.0098,0.0172,0.0022
903,0.0074,0.0086,0.0140,0.0026
904,0.0072,0.0107,0.0107,0.0049
905,0.0069,0.0111,0.0088,0.0039
906,0.0071,0.0092,0.0114,0.0059
907,0.0072,0.0102,0.0277,0.0085
908,0.0072,0.0075,0.0194,0.0066
909,0.0073,0.0076,0.0186,0.0070
910,0.0085,0.0113,0.0148,0.0089
911,0.0079,0.0080,0.0122,0.0102
912,0.0093,0.0102,0.0148,0.0122
913,0.0121,0.0091,0.0172,0.0023
914,0.0083,0.0092,0.0235,0.0157
915,0.0074,0.0084,0.0154,0.0035
916,0.0072,0.0102,0.0084,0.0023
917,0.0074,0.0084,0.0111,0.0050
918,0.0072,0.0120,0.0134,0.0048
919,0.0072,0.0102,0.0084,0.0023
920,0.0074,0.0084,0.0111,0.0050
921,0.0072,0.0102,0.0084,0.0023
922,0.0072,0.0102,0.0084,0.0023
923,0.0072,0.0120,0.0134,0.0048
924,0.0119,0.0087,0.0171,0.0024
925,0.0072,0.0102,0.0084,0.0023
926,0.0072,0.0102,0.0084,0.0023
927,0.0073,0.0080,0.0150,0.0046
928,0.0072,0.0102,0.0084,0.0023
929,0.0072,0.0120,0.0134,0.0048
930,0.0074,0.0084,0.0111,0.0050
931,0.0072,0.0102,0.0084,0.0023
932,0.0072,0.0102,0.0084,0.0023
933,0.0074,0.0084,0.0111,0.0050
934,0.0072,0.0120,0.0134,0.0048
935,0.0118,0.0128,0.0159,0.0043
936,0.0072,0.0102,0.0084,0.0023
937,0.0074,0.0084,0.0111,0.0050
938,0.0072,0.0102,0.0084,0.0023
939,0.0076,0.0084,0.0153,0.0034
940,0.0072,0.0120,0.0134,0.0048
941,0.0072,0.0102,0.0084,0.0023
942,0.0072,0.0102,0.0084,0.0023
943,0.0074,0.0084,0.0111,0.0050
944,0.0072,0.0102,0.0084,0.0023
945,0.0072,0.0120,0.0134,0.0048
946,0.0136,0.0126,0.0165,0.0021
947,0.0074,0.0084,0.0111,0.0050
948,0.0072,0.0102,0.0084,0.0023
949,0.0072,0.0102,0.0084,0.0023
950,0.0074,0.0084,0.0111,0.0050
951,0.0084,0.0125,0.0133,0.0039
952,0.0072,0.0102,0.0084,0.0023
953,0.0074,0.0084,0.0111,0.0050
954,0.0072,0.0102,0.0084,0.0023
955,0.0072,0.0102,0.0084,0.0023
956,0.0072,0.0120,0.0134,0.0048
957,0.0116,0.0085,0.0166,0.0025
958,0.0089,0.0118,0.0089,0.0021
959,0.0082,0.0110,0.0087,0.0021
960,0.0092,0.0095,0.0119,0.0045
961,0.0074,0.0102,0.0084,0.0022
962,0.0083,0.0123,0.0140,0.0043
963,0.0074,0.0085,0.0166,0.0045
964,0.0071,0.0099,0.0082,0.0023
965,0.0071,0.0099,0.0081,0.0024
966,0.0077,0.0089,0.0113,0.0047
967,0.0070,0.0131,0.0113,0.0036
968,0.0116,0.0084,0.0164,0.0026
969,0.0072,0.0101,0.0082,0.0024
970,0.0074,0.0085,0.0111,0.0050
971,0.0073,0.0092,0.0117,0.0021
972,0.0074,0.0086,0.0140,0.0026
973,0.0079,0.0119,0.0155,0.0060
974,0.0075,0.0084,0.0158,0.0037
975,0.0076,0.0085,0.0111,0.0025
976,0.0073,0.0081,0.0162,0.0045
977,0.0076,0.0084,0.0143,0.0026
978,0.0085,0.0126,0.0129,0.0043
979,0.0116,0.0084,0.0161,0.0025
980,0.0074,0.0087,0.0156,0.0046
981,0.0076,0.0086,0.0095,0.0038
982,0.0085,0.0081,0.0123,0.0137
983,0.0099,0.0094,0.0158,0.0136
984,0.0074,0.0143,0.0129,0.0105
985,0.0074,0.0143,0.0129,0.0105
986,0.0074,0.0143,0.0129,0.0105
987,0.0074,0.0143,0.0129,0.0105
988,0.0074,0.0143,0.0129,0.0105
989,0.0074,0.0143,0.0129,0.0105
990,0.0111,0.0095,0.0155,0.0036
991,0.0092,0.0065,0.0081,0.0023
992,0.0092,0.0065,0.0081,0.0023
993,0.0093,0.0072,0.0115,0.0047
994,0.0092,0.0064,0.0081,0.0021
995,0.0090,0.0091,0.0120,0.0056
996,0.0090,0.0071,0.0113,0.0048
997,0.0090,0.0061,0.0106,0.0026
998,0.0090,0.0062,0.0116,0.0035
999,0.0085,0.0072,0.0141,0.0045
1000,0.0100,0.0093,0.0111,0.0039
1001,0.0157,0.0170,0.0249,0.0091
1002,0.0118,0.0086,0.0159,0.0025
1003,0.0090,0.0063,0.0104,0.0026
1004,0.0082,0.0078,0.0156,0.0045
1005,0.0089,0.0065,0.0082,0.0026
1006,0.0088,0.0067,0.0079,0.0039
1007,0.0092,0.0091,0.0125,0.0062
1008,0.0083,0.0068,0.0122,0.0137
1009,0.0079,0.0092,0.0101,0.0104
1010,0.0095,0.0080,0.0172,0.0105
1011,0.0074,0.0091,0.0103,0.0088
1012,0.0091,0.0086,0.0137,0.0108
1013,0.0120,0.0090,0.0170,0.0020
1014,0.0080,0.0076,0.0227,0.0091
1015,0.0087,0.0055,0.0116,0.0100
1016,0.0086,0.0053,0.0138,0.0074
1017,0.0090,0.0069,0.0133,0.0076
1018,0.0091,0.0087,0.0124,0.0040
1019,0.0090,0.0061,0.0106,0.0026
1020,0.0092,0.0076,0.0113,0.0049
1021,0.0076,0.0073,0.0098,0.0035
1022,0.0075,0.0065,0.0101,0.0054
1023,0.0082,0.0093,0.0290,0.0084
1024,0.0123,0.0092,0.0187,0.0019
1025,0.0077,0.0062,0.0196,0.0066
1026,0.0079,0.0065,0.0191,0.0071
1027,0.0084,0.0102,0.0128,0.0088
1028,0.0082,0.0076,0.0109,0.0104
1029,0.0090,0.0100,0.0144,0.0124
1030,0.0083,0.0094,0.0222,0.0166
1031,0.0090,0.0062,0.0116,0.0035
1032,0.0092,0.0065,0.0081,0.0023
1033,0.0093,0.0072,0.0115,0.0047
1034,0.0088,0.0091,0.0114,0.0045
1035,0.0125,0.0098,0.0203,0.0026
1036,0.0092,0.0065,0.0081,0.0023
1037,0.0093,0.0072,0.0115,0.0047
1038,0.0092,0.0065,0.0081,0.0023
1039,0.0092,0.0065,0.0081,0.0023
1040,0.0088,0.0091,0.0114,0.0045
1041,0.0092,0.0065,0.0081,0.0023
1042,0.0092,0.0065,0.0081,0.0023
1043,0.0085,0.0072,0.0141,0.0045
1044,0.0092,0.0065,0.0081,0.0023
1045,0.0088,0.0091,0.0114,0.0045
1046,0.0116,0.0112,0.0183,0.0058
1047,0.0093,0.0072,0.0115,0.0047
1048,0.0092,0.0065,0.0081,0.0023
1049,0.0092,0.0065,0.0081,0.0023
1050,0.0093,0.0072,0.0115,0.0047
1051,0.0088,0.0091,0.0114,0.0045
1052,0.0092,0.0065,0.0081,0.0023
1053,0.0093,0.0072,0.0115,0.0047
1054,0.0092,0.0065,0.0081,0.0023
1055,0.0090,0.0062,0.0114,0.0033
1056,0.0088,0.0091,0.0114,0.0045
1057,0.0129,0.0109,0.0209,0.0039
1058,0.0092,0.0065,0.0081,0.0023
1059,0.0092,0.0065,0.0081,0.0023
1060,0.0093,0.0072,0.0115,0.0047
1061,0.0092,0.0065,0.0081,0.0023
1062,0.0088,0.0091,0.0114,0.0045
1063,0.0093,0.0072,0.0115,0.0047
1064,0.0092,0.0065,0.0081,0.0023
1065,0.0092,0.0065,0.0081,0.0023
1066,0.0093,0.0072,0.0115,0.0047
1067,0.0101,0.0093,0.0113,0.0038
1068,0.0139,0.0132,0.0146,0.0021
1069,0.0092,0.0065,0.0081,0.0023
1070,0.0093,0.0072,0.0115,0.0047
1071,0.0092,0.0065,0.0081,0.0023
1072,0.0092,0.0065,0.0081,0.0023
1073,0.0088,0.0091,0.0114,0.0045
1074,0.0097,0.0070,0.0102,0.0020
1075,0.0094,0.0069,0.0100,0.0020
1076,0.0104,0.0087,0.0128,0.0045
1077,0.0091,0.0070,0.0097,0.0021
1078,0.0100,0.0093,0.0111,0.0039
1079,0.0131,0.0114,0.0199,0.0036
1080,0.0082,0.0078,0.0156,0.0045
1081,0.0091,0.0067,0.0094,0.0022
1082,0.0092,0.0065,0.0093,0.0023
1083,0.0096,0.0085,0.0119,0.0045
1084,0.0087,0.0094,0.0116,0.0035
1085,0.0093,0.0065,0.0085,0.0024
1086,0.0092,0.0071,0.0114,0.0048
1087,0.0091,0.0061,0.0092,0.0021
1088,0.0090,0.0061,0.0106,0.0026
1089,0.0096,0.0092,0.0120,0.0055
1090,0.0134,0.0119,0.0184,0.0029
1091,0.0090,0.0062,0.0119,0.0037
1092,0.0089,0.0065,0.0082,0.0026
1093,0.0084,0.0074,0.0152,0.0045
1094,0.0090,0.0063,0.0104,0.0026
1095,0.0102,0.0094,0.0122,0.0045
1096,0.0081,0.0079,0.0148,0.0045
1097,0.0088,0.0067,0.0079,0.0039
1098,0.0083,0.0068,0.0122,0.0137
1099,0.0097,0.0080,0.0137,0.0136
1100,0.0082,0.0140,0.0126,0.0102
1101,0.0122,0.0147,0.0138,0.0041
1102,0.0082,0.0140,0.0126,0.0102
1103,0.0082,0.0140,0.0126,0.0102
1104,0.0082,0.0140,0.0126,0.0102
1105,0.0082,0.0140,0.0126,0.0102
1106,0.0082,0.0140,0.0126,0.0102
1107,0.0105,0.0053,0.0090,0.0022
1108,0.0105,0.0053,0.0090,0.0022
1109,0.0103,0.0072,0.0117,0.0046
1110,0.0103,0.0052,0.0083,0.0021
1111,0.0100,0.0084,0.0116,0.0053
1112,0.0127,0.0095,0.0169,0.0024
1113,0.0155,0.0122,0.0195,0.0074
1114,0.0139,0.0132,0.0146,0.0021
1115,0.0099,0.0068,0.0114,0.0047
1116,0.0101,0.0055,0.0098,0.0026
1117,0.0099,0.0058,0.0108,0.0034
1118,0.0093,0.0072,0.0140,0.0045
1119,0.0109,0.0085,0.0110,0.0039
1120,0.0099,0.0059,0.0095,0.0025
1121,0.0088,0.0078,0.0154,0.0046
1122,0.0096,0.0063,0.0080,0.0026
1123,0.0095,0.0066,0.0082,0.0039
1124,0.0102,0.0084,0.0118,0.0060
1125,0.0142,0.0140,0.0129,0.0032
1126,0.0083,0.0063,0.0123,0.0137
1127,0.0079,0.0095,0.0100,0.0104
1128,0.0094,0.0078,0.0167,0.0105
1129,0.0080,0.0094,0.0108,0.0087
1130,0.0100,0.0084,0.0137,0.0106
1131,0.0086,0.0071,0.0233,0.0089
1132,0.0092,0.0053,0.0108,0.0095
1133,0.0089,0.0051,0.0134,0.0068
1134,0.0093,0.0068,0.0123,0.0071
1135,0.0103,0.0081,0.0120,0.0040
1136,0.0137,0.0185,0.0259,0.0173
1137,0.0101,0.0055,0.0098,0.0026
1138,0.0105,0.0069,0.0121,0.0049
1139,0.0085,0.0057,0.0104,0.0033
1140,0.0081,0.0054,0.0096,0.0051
1141,0.0087,0.0090,0.0301,0.0082
1142,0.0082,0.0056,0.0204,0.0065
1143,0.0083,0.0058,0.0199,0.0071
1144,0.0087,0.0093,0.0124,0.0087
1145,0.0083,0.0069,0.0104,0.0107
1146,0.0089,0.0095,0.0143,0.0127
1147,0.0137,0.0142,0.0214,0.0106
1148,0.0083,0.0092,0.0217,0.0171
1149,0.0099,0.0058,0.0108,0.0034
1150,0.0105,0.0053,0.0090,0.0022
1151,0.0103,0.0072,0.0117,0.0046
1152,0.0100,0.0082,0.0113,0.0044
1153,0.0105,0.0053,0.0090,0.0022
1154,0.0103,0.0072,0.0117,0.0046
1155,0.0105,0.0053,0.0090,0.0022
1156,0.0105,0.0053,0.0090,0.0022
1157,0.0100,0.0082,0.0113,0.0044
1158,0.0145,0.0138,0.0247,0.0095
1159,0.0105,0.0053,0.0090,0.0022
1160,0.0105,0.0053,0.0090,0.0022
1161,0.0093,0.0072,0.0140,0.0045
1162,0.0105,0.0053,0.0090,0.0022
1163,0.0100,0.0082,0.0113,0.0044
1164,0.0103,0.0072,0.0117,0.0046
1165,0.0105,0.0053,0.0090,0.0022
1166,0.0105,0.0053,0.0090,0.0022
1167,0.0103,0.0072,0.0117,0.0046
1168,0.0100,0.0082,0.0113,0.0044
1169,0.0145,0.0138,0.0247,0.0095
1170,0.0105,0.0053,0.0090,0.0022
1171,0.0103,0.0072,0.0117,0.0046
1172,0.0105,0.0053,0.0090,0.0022
1173,0.0099,0.0059,0.0103,0.0032
1174,0.0100,0.0082,0.0113,0.0044
1175,0.0105,0.0053,0.0090,0.0022
1176,0.0105,0.0053,0.0090,0.0022
1177,0.0103,0.0072,0.0117,0.0046
1178,0.0105,0.0053,0.0090,0.0022
1179,0.0100,0.0082,0.0113,0.0044
1180,0.0145,0.0138,0.0247,0.0095
1181,0.0103,0.0072,0.0117,0.0046
1182,0.0105,0.0053,0.0090,0.0022
1183,0.0105,0.0053,0.0090,0.0022
1184,0.0103,0.0072,0.0117,0.0046
1185,0.0110,0.0086,0.0116,0.0038
1186,0.0105,0.0053,0.0090,0.0022
1187,0.0103,0.0072,0.0117,0.0046
1188,0.0105,0.0053,0.0090,0.0022
1189,0.0105,0.0053,0.0090,0.0022
1190,0.0100,0.0082,0.0113,0.0044
1191,0.0145,0.0138,0.0247,0.0095
1192,0.0105,0.0057,0.0112,0.0020
1193,0.0104,0.0061,0.0110,0.0020
1194,0.0111,0.0094,0.0132,0.0046
1195,0.0103,0.0066,0.0107,0.0021
1196,0.0109,0.0085,0.0110,0.0039
1197,0.0088,0.0078,0.0154,0.0046
1198,0.0105,0.0063,0.0105,0.0022
1199,0.0105,0.0060,0.0104,0.0022
1200,0.0107,0.0090,0.0122,0.0045
1201,0.0098,0.0081,0.0123,0.0035
1202,0.0145,0.0138,0.0247,0.0095
1203,0.0106,0.0053,0.0095,0.0023
1204,0.0101,0.0069,0.0116,0.0047
1205,0.0102,0.0054,0.0089,0.0021
1206,0.0101,0.0055,0.0098,0.0026
1207,0.0106,0.0084,0.0113,0.0053
1208,0.0099,0.0059,0.0109,0.0037
1209,0.0096,0.0063,0.0080,0.0026
1210,0.0090,0.0074,0.0151,0.0045
1211,0.0099,0.0059,0.0095,0.0025
1212,0.0110,0.0087,0.0130,0.0046
1213,0.0145,0.0138,0.0247,0.0095
1214,0.0086,0.0078,0.0147,0.0045
1215,0.0095,0.0066,0.0082,0.0039
1216,0.0083,0.0063,0.0123,0.0137
1217,0.0097,0.0073,0.0128,0.0137
1218,0.0091,0.0144,0.0125,0.0101
1219,0.0091,0.0144,0.0125,0.0101
1220,0.0091,0.0144,0.0125,0.0101
1221,0.0091,0.0144,0.0125,0.0101
1222,0.0091,0.0144,0.0125,0.0101
1223,0.0091,0.0144,0.0125,0.0101
1224,0.0145,0.0157,0.0244,0.0091
1225,0.0117,0.0080,0.0150,0.0020
1226,0.0117,0.0080,0.0150,0.0020
1227,0.0117,0.0080,0.0150,0.0020
1228,0.0117,0.0080,0.0157,0.0018
1229,0.0107,0.0081,0.0172,0.0051
1230,0.0117,0.0079,0.0171,0.0019
1231,0.0118,0.0079,0.0183,0.0027
1232,0.0119,0.0082,0.0188,0.0037
1233,0.0120,0.0086,0.0185,0.0041
1234,0.0113,0.0116,0.0139,0.0041
1235,0.0142,0.0188,0.0283,0.0087
1236,0.0125,0.0099,0.0161,0.0029
1237,0.0127,0.0107,0.0145,0.0021
1238,0.0131,0.0115,0.0132,0.0021
1239,0.0134,0.0124,0.0124,0.0031
1240,0.0108,0.0084,0.0174,0.0059
1241,0.0135,0.0106,0.0260,0.0173
1242,0.0136,0.0097,0.0206,0.0106
1243,0.0139,0.0097,0.0182,0.0091
1244,0.0143,0.0092,0.0175,0.0078
1245,0.0140,0.0101,0.0251,0.0082
1246,0.0138,0.0166,0.0239,0.0060
1247,0.0143,0.0088,0.0186,0.0064
1248,0.0142,0.0096,0.0208,0.0070
1249,0.0143,0.0102,0.0230,0.0062
1250,0.0138,0.0093,0.0218,0.0039
1251,0.0115,0.0081,0.0193,0.0042
1252,0.0118,0.0079,0.0183,0.0027
1253,0.0111,0.0087,0.0134,0.0025
1254,0.0109,0.0082,0.0149,0.0035
1255,0.0109,0.0076,0.0179,0.0050
1256,0.0108,0.0078,0.0302,0.0072
1257,0.0129,0.0112,0.0219,0.0041
1258,0.0113,0.0079,0.0224,0.0100
1259,0.0117,0.0092,0.0220,0.0121
1260,0.0121,0.0108,0.0212,0.0126
1261,0.0125,0.0116,0.0215,0.0121
1262,0.0132,0.0123,0.0349,0.0138
1263,0.0133,0.0110,0.0262,0.0189
1264,0.0119,0.0082,0.0188,0.0037
1265,0.0117,0.0080,0.0150,0.0020
1266,0.0117,0.0080,0.0150,0.0020
1267,0.0107,0.0080,0.0167,0.0041
1268,0.0134,0.0115,0.0214,0.0025
1269,0.0117,0.0080,0.0150,0.0020
1270,0.0117,0.0080,0.0150,0.0020
1271,0.0117,0.0080,0.0150,0.0020
1272,0.0117,0.0080,0.0150,0.0020
1273,0.0107,0.0080,0.0167,0.0041
1274,0.0117,0.0080,0.0150,0.0020
1275,0.0117,0.0080,0.0150,0.0020
1276,0.0120,0.0086,0.0185,0.0041
1277,0.0117,0.0080,0.0150,0.0020
1278,0.0107,0.0080,0.0167,0.0041
1279,0.0124,0.0095,0.0140,0.0026
1280,0.0117,0.0080,0.0150,0.0020
1281,0.0117,0.0080,0.0150,0.0020
1282,0.0117,0.0080,0.0150,0.0020
1283,0.0117,0.0080,0.0150,0.0020
1284,0.0107,0.0080,0.0167,0.0041
1285,0.0117,0.0080,0.0150,0.0020
1286,0.0117,0.0080,0.0150,0.0020
1287,0.0117,0.0080,0.0150,0.0020
1288,0.0122,0.0092,0.0175,0.0037
1289,0.0107,0.0080,0.0167,0.0041
1290,0.0122,0.0093,0.0147,0.0035
1291,0.0117,0.0080,0.0150,0.0020
1292,0.0117,0.0080,0.0150,0.0020
1293,0.0117,0.0080,0.0150,0.0020
1294,0.0117,0.0080,0.0150,0.0020
1295,0.0107,0.0080,0.0167,0.0041
1296,0.0117,0.0080,0.0150,0.0020
1297,0.0117,0.0080,0.0150,0.0020
1298,0.0117,0.0080,0.0150,0.0020
1299,0.0117,0.0080,0.0150,0.0020
1300,0.0115,0.0126,0.0133,0.0038
1301,0.0119,0.0099,0.0213,0.0049
1302,0.0117,0.0080,0.0150,0.0020
1303,0.0117,0.0080,0.0150,0.0020
1304,0.0117,0.0080,0.0150,0.0020
1305,0.0117,0.0080,0.0150,0.0020
1306,0.0107,0.0080,0.0167,0.0041
1307,0.0127,0.0093,0.0166,0.0019
1308,0.0124,0.0082,0.0167,0.0019
1309,0.0122,0.0077,0.0166,0.0020
1310,0.0121,0.0076,0.0165,0.0020
1311,0.0113,0.0116,0.0139,0.0041
1312,0.0104,0.0151,0.0322,0.0080
1313,0.0127,0.0107,0.0145,0.0021
1314,0.0118,0.0075,0.0160,0.0022
1315,0.0118,0.0074,0.0157,0.0022
1316,0.0117,0.0073,0.0154,0.0022
1317,0.0107,0.0086,0.0153,0.0036
1318,0.0117,0.0076,0.0150,0.0021
1319,0.0117,0.0080,0.0157,0.0018
1320,0.0117,0.0079,0.0171,0.0019
1321,0.0118,0.0079,0.0183,0.0027
1322,0.0110,0.0097,0.0159,0.0055
1323,0.0129,0.0098,0.0179,0.0022
1324,0.0114,0.0115,0.0267,0.0110
1325,0.0120,0.0086,0.0185,0.0041
1326,0.0131,0.0115,0.0132,0.0021
1327,0.0122,0.0092,0.0175,0.0037
1328,0.0125,0.0099,0.0161,0.0029
1329,0.0118,0.0136,0.0135,0.0042
1330,0.0131,0.0115,0.0132,0.0021
1331,0.0134,0.0124,0.0124,0.0031
1332,0.0135,0.0106,0.0260,0.0173
1333,0.0136,0.0097,0.0206,0.0106
1334,0.0138,0.0108,0.0248,0.0094
1335,0.0116,0.0122,0.0244,0.0145
1336,0.0138,0.0108,0.0248,0.0094
1337,0.0138,0.0108,0.0248,0.0094
1338,0.0138,0.0108,0.0248,0.0094
1339,0.0138,0.0108,0.0248,0.0094
1340,0.0138,0.0108,0.0248,0.0094
1341,0.0129,0.0070,0.0150,0.0019
1342,0.0129,0.0070,0.0150,0.0019
1343,0.0129,0.0070,0.0150,0.0019
1344,0.0127,0.0071,0.0155,0.0018
1345,0.0118,0.0069,0.0166,0.0049
1346,0.0120,0.0138,0.0226,0.0158
1347,0.0126,0.0069,0.0166,0.0020
1348,0.0126,0.0071,0.0173,0.0028
1349,0.0125,0.0073,0.0177,0.0038
1350,0.0125,0.0077,0.0173,0.0042
1351,0.0121,0.0103,0.0139,0.0039
1352,0.0128,0.0091,0.0152,0.0029
1353,0.0130,0.0100,0.0140,0.0021
1354,0.0133,0.0108,0.0132,0.0021
1355,0.0136,0.0117,0.0130,0.0031
1356,0.0118,0.0072,0.0166,0.0056
1357,0.0126,0.0166,0.0223,0.0155
1358,0.0135,0.0083,0.0264,0.0173
1359,0.0136,0.0086,0.0204,0.0106
1360,0.0139,0.0090,0.0179,0.0092
1361,0.0142,0.0086,0.0174,0.0079
1362,0.0142,0.0091,0.0252,0.0078
1363,0.0145,0.0082,0.0185,0.0059
1364,0.0145,0.0092,0.0200,0.0060
1365,0.0146,0.0092,0.0217,0.0051
1366,0.0142,0.0081,0.0212,0.0031
1367,0.0124,0.0071,0.0186,0.0042
1368,0.0140,0.0244,0.0343,0.0162
1369,0.0126,0.0071,0.0173,0.0028
1370,0.0124,0.0073,0.0141,0.0026
1371,0.0120,0.0070,0.0149,0.0037
1372,0.0118,0.0067,0.0163,0.0051
1373,0.0117,0.0069,0.0311,0.0070
1374,0.0120,0.0074,0.0223,0.0097
1375,0.0122,0.0089,0.0221,0.0113
1376,0.0124,0.0111,0.0211,0.0114
1377,0.0126,0.0123,0.0214,0.0110
1378,0.0129,0.0131,0.0353,0.0133
1379,0.0138,0.0285,0.0262,0.0185
1380,0.0131,0.0099,0.0264,0.0197
1381,0.0125,0.0073,0.0177,0.0038
1382,0.0129,0.0070,0.0150,0.0019
1383,0.0129,0.0070,0.0150,0.0019
1384,0.0118,0.0068,0.0163,0.0040
1385,0.0129,0.0070,0.0150,0.0019
1386,0.0129,0.0070,0.0150,0.0019
1387,0.0129,0.0070,0.0150,0.0019
1388,0.0129,0.0070,0.0150,0.0019
1389,0.0118,0.0068,0.0163,0.0040
1390,0.0136,0.0124,0.0224,0.0034
1391,0.0129,0.0070,0.0150,0.0019
1392,0.0129,0.0070,0.0150,0.0019
1393,0.0125,0.0077,0.0173,0.0042
1394,0.0129,0.0070,0.0150,0.0019
1395,0.0118,0.0068,0.0163,0.0040
1396,0.0129,0.0070,0.0150,0.0019
1397,0.0129,0.0070,0.0150,0.0019
1398,0.0129,0.0070,0.0150,0.0019
1399,0.0129,0.0070,0.0150,0.0019
1400,0.0118,0.0068,0.0163,0.0040
1401,0.0127,0.0095,0.0169,0.0024
1402,0.0129,0.0070,0.0150,0.0019
1403,0.0129,0.0070,0.0150,0.0019
1404,0.0129,0.0070,0.0150,0.0019
1405,0.0127,0.0083,0.0164,0.0038
1406,0.0118,0.0068,0.0163,0.0040
1407,0.0129,0.0070,0.0150,0.0019
1408,0.0129,0.0070,0.0150,0.0019
1409,0.0129,0.0070,0.0150,0.0019
1410,0.0129,0.0070,0.0150,0.0019
1411,0.0118,0.0068,0.0163,0.0040
1412,0.0127,0.0095,0.0169,0.0024
1413,0.0129,0.0070,0.0150,0.0019
1414,0.0129,0.0070,0.0150,0.0019
1415,0.0129,0.0070,0.0150,0.0019
1416,0.0129,0.0070,0.0150,0.0019
1417,0.0123,0.0113,0.0139,0.0037
1418,0.0129,0.0070,0.0150,0.0019
1419,0.0129,0.0070,0.0150,0.0019
1420,0.0129,0.0070,0.0150,0.0019
1421,0.0129,0.0070,0.0150,0.0019
1422,0.0118,0.0068,0.0163,0.0040
1423,0.0121,0.0104,0.0187,0.0041
1424,0.0140,0.0070,0.0168,0.0018
1425,0.0139,0.0066,0.0168,0.0018
1426,0.0137,0.0067,0.0167,0.0018
1427,0.0136,0.0069,0.0165,0.0019
1428,0.0121,0.0103,0.0139,0.0039
1429,0.0130,0.0100,0.0140,0.0021
1430,0.0134,0.0068,0.0161,0.0019
1431,0.0133,0.0066,0.0159,0.0020
1432,0.0132,0.0064,0.0156,0.0021
1433,0.0120,0.0070,0.0157,0.0036
1434,0.0122,0.0112,0.0200,0.0051
1435,0.0127,0.0095,0.0169,0.0024
1436,0.0130,0.0066,0.0151,0.0020
1437,0.0127,0.0071,0.0155,0.0018
1438,0.0126,0.0069,0.0166,0.0020
1439,0.0126,0.0071,0.0173,0.0028
1440,0.0119,0.0085,0.0152,0.0052
1441,0.0125,0.0077,0.0173,0.0042
1442,0.0133,0.0108,0.0132,0.0021
1443,0.0127,0.0083,0.0164,0.0038
1444,0.0128,0.0091,0.0152,0.0029
1445,0.0125,0.0123,0.0149,0.0043
1446,0.0127,0.0095,0.0169,0.0024
1447,0.0133,0.0108,0.0132,0.0021
1448,0.0136,0.0117,0.0130,0.0031
1449,0.0135,0.0083,0.0264,0.0173
1450,0.0136,0.0086,0.0204,0.0106
1451,0.0138,0.0099,0.0249,0.0095
1452,0.0138,0.0099,0.0249,0.0095
1453,0.0138,0.0099,0.0249,0.0095
1454,0.0138,0.0099,0.0249,0.0095
1455,0.0138,0.0099,0.0249,0.0095
1456,0.0138,0.0099,0.0249,0.0095
1457,0.0127,0.0095,0.0169,0.0024
1458,0.0136,0.0066,0.0152,0.0018
1459,0.0136,0.0066,0.0152,0.0018
1460,0.0136,0.0066,0.0152,0.0018
1461,0.0134,0.0067,0.0155,0.0017
1462,0.0125,0.0064,0.0165,0.0047
1463,0.0132,0.0067,0.0165,0.0020
1464,0.0131,0.0068,0.0171,0.0028
1465,0.0130,0.0070,0.0175,0.0038
1466,0.0130,0.0074,0.0171,0.0042
1467,0.0125,0.0099,0.0142,0.0038
1468,0.0127,0.0095,0.0169,0.0024
1469,0.0131,0.0089,0.0151,0.0030
1470,0.0132,0.0098,0.0140,0.0021
1471,0.0134,0.0107,0.0133,0.0020
1472,0.0137,0.0117,0.0132,0.0030
1473,0.0124,0.0067,0.0165,0.0055
1474,0.0135,0.0079,0.0266,0.0173
1475,0.0137,0.0084,0.0205,0.0106
1476,0.0139,0.0091,0.0178,0.0092
1477,0.0143,0.0088,0.0173,0.0080
1478,0.0144,0.0088,0.0252,0.0078
1479,0.0121,0.0104,0.0187,0.0041
1480,0.0147,0.0080,0.0184,0.0058
1481,0.0147,0.0092,0.0200,0.0057
1482,0.0147,0.0093,0.0217,0.0047
1483,0.0143,0.0080,0.0213,0.0029
1484,0.0129,0.0068,0.0185,0.0042
1485,0.0131,0.0068,0.0171,0.0028
1486,0.0133,0.0067,0.0145,0.0027
1487,0.0128,0.0064,0.0149,0.0038
1488,0.0125,0.0063,0.0158,0.0052
1489,0.0122,0.0065,0.0319,0.0071
1490,0.0127,0.0095,0.0169,0.0024
1491,0.0124,0.0070,0.0227,0.0096
1492,0.0124,0.0085,0.0224,0.0110
1493,0.0125,0.0108,0.0212,0.0111
1494,0.0127,0.0122,0.0214,0.0108
1495,0.0128,0.0134,0.0355,0.0133
1496,0.0131,0.0100,0.0266,0.0202
1497,0.0130,0.0070,0.0175,0.0038
1498,0.0136,0.0066,0.0152,0.0018
1499,0.0136,0.0066,0.0152,0.0018
1500,0.0126,0.0063,0.0163,0.0039
1501,0.0127,0.0095,0.0169,0.0024
1502,0.0136,0.0066,0.0152,0.0018
1503,0.0136,0.0066,0.0152,0.0018
1504,0.0136,0.0066,0.0152,0.0018
1505,0.0136,0.0066,0.0152,0.0018
1506,0.0126,0.0063,0.0163,0.0039
1507,0.0136,0.0066,0.0152,0.0018
1508,0.0136,0.0066,0.0152,0.0018
1509,0.0130,0.0074,0.0171,0.0042
1510,0.0136,0.0066,0.0152,0.0018
1511,0.0126,0.0063,0.0163,0.0039
1512,0.0139,0.0131,0.0224,0.0038
1513,0.0136,0.0066,0.0152,0.0018
1514,0.0136,0.0066,0.0152,0.0018
1515,0.0136,0.0066,0.0152,0.0018
1516,0.0136,0.0066,0.0152,0.0018
1517,0.0126,0.0063,0.0163,0.0039
1518,0.0136,0.0066,0.0152,0.0018
1519,0.0136,0.0066,0.0152,0.0018
1520,0.0136,0.0066,0.0152,0.0018
1521,0.0130,0.0081,0.0161,0.0038
1522,0.0126,0.0063,0.0163,0.0039
1523,0.0127,0.0095,0.0169,0.0024
1524,0.0136,0.0066,0.0152,0.0018
1525,0.0136,0.0066,0.0152,0.0018
1526,0.0136,0.0066,0.0152,0.0018
1527,0.0136,0.0066,0.0152,0.0018
1528,0.0126,0.0063,0.0163,0.0039
1529,0.0136,0.0066,0.0152,0.0018
1530,0.0136,0.0066,0.0152,0.0018
1531,0.0136,0.0066,0.0152,0.0018
1532,0.0136,0.0066,0.0152,0.0018
1533,0.0126,0.0109,0.0145,0.0038
1534,0.0121,0.0104,0.0187,0.0041
1535,0.0136,0.0066,0.0152,0.0018
1536,0.0136,0.0066,0.0152,0.0018
1537,0.0136,0.0066,0.0152,0.0018
1538,0.0136,0.0066,0.0152,0.0018
1539,0.0126,0.0063,0.0163,0.0039
1540,0.0149,0.0064,0.0169,0.0018
1541,0.0148,0.0063,0.0169,0.0018
1542,0.0147,0.0067,0.0169,0.0018
1543,0.0146,0.0070,0.0167,0.0018
1544,0.0125,0.0099,0.0142,0.0038
1545,0.0131,0.0104,0.0197,0.0019
1546,0.0127,0.0095,0.0169,0.0024
1547,0.0132,0.0098,0.0140,0.0021
1548,0.0144,0.0069,0.0163,0.0019
1549,0.0142,0.0066,0.0161,0.0019
1550,0.0141,0.0063,0.0158,0.0019
1551,0.0129,0.0064,0.0160,0.0037
1552,0.0138,0.0063,0.0153,0.0019
1553,0.0134,0.0067,0.0155,0.0017
1554,0.0132,0.0067,0.0165,0.0020
1555,0.0131,0.0068,0.0171,0.0028
1556,0.0124,0.0080,0.0152,0.0051
1557,0.0127,0.0095,0.0169,0.0024
1558,0.0130,0.0074,0.0171,0.0042
1559,0.0134,0.0107,0.0133,0.0020
1560,0.0130,0.0081,0.0161,0.0038
1561,0.0131,0.0089,0.0151,0.0030
1562,0.0129,0.0118,0.0157,0.0044
1563,0.0134,0.0107,0.0133,0.0020
1564,0.0137,0.0117,0.0132,0.0030
1565,0.0135,0.0079,0.0266,0.0173
1566,0.0137,0.0084,0.0205,0.0106
1567,0.0140,0.0099,0.0249,0.0096
1568,0.0127,0.0095,0.0169,0.0024
1569,0.0140,0.0099,0.0249,0.0096
1570,0.0140,0.0099,0.0249,0.0096
1571,0.0140,0.0099,0.0249,0.0096
1572,0.0140,0.0099,0.0249,0.0096
1573,0.0140,0.0099,0.0249,0.0096
1574,0.0087,0.0098,0.0102,0.0026
1575,0.0087,0.0098,0.0102,0.0026
1576,0.0100,0.0129,0.0132,0.0060
1577,0.0086,0.0103,0.0106,0.0024
1578,0.0084,0.0127,0.0120,0.0045
1579,0.0127,0.0095,0.0169,0.0024
1580,0.0097,0.0131,0.0132,0.0061
1581,0.0087,0.0131,0.0125,0.0025
1582,0.0087,0.0141,0.0130,0.0034
1583,0.0096,0.0166,0.0144,0.0058
1584,0.0081,0.0130,0.0116,0.0039
1585,0.0087,0.0148,0.0110,0.0028
1586,0.0098,0.0201,0.0145,0.0058
1587,0.0088,0.0149,0.0105,0.0022
1588,0.0088,0.0150,0.0120,0.0033
1589,0.0083,0.0132,0.0122,0.0053
1590,0.0121,0.0104,0.0187,0.0041
1591,0.0112,0.0316,0.0175,0.0143
1592,0.0109,0.0227,0.0158,0.0098
1593,0.0119,0.0187,0.0212,0.0104
1594,0.0094,0.0133,0.0148,0.0088
1595,0.0085,0.0160,0.0175,0.0077
1596,0.0106,0.0089,0.0186,0.0080
1597,0.0093,0.0151,0.0199,0.0070
1598,0.0103,0.0193,0.0258,0.0073
1599,0.0116,0.0179,0.0241,0.0078
1600,0.0079,0.0126,0.0133,0.0039
1601,0.0127,0.0095,0.0169,0.0024
1602,0.0087,0.0131,0.0125,0.0025
1603,0.0097,0.0090,0.0111,0.0061
1604,0.0089,0.0095,0.0162,0.0041
1605,0.0090,0.0112,0.0228,0.0061
1606,0.0104,0.0159,0.0277,0.0111
1607,0.0098,0.0118,0.0238,0.0143
1608,0.0104,0.0118,0.0200,0.0180
1609,0.0104,0.0102,0.0209,0.0198
1610,0.0116,0.0165,0.0147,0.0176
1611,0.0134,0.0258,0.0264,0.0158
1612,0.0127,0.0095,0.0169,0.0024
1613,0.0116,0.0185,0.0144,0.0163
1614,0.0087,0.0141,0.0130,0.0034
1615,0.0087,0.0098,0.0102,0.0026
1616,0.0100,0.0129,0.0132,0.0060
1617,0.0083,0.0115,0.0117,0.0037
1618,0.0087,0.0098,0.0102,0.0026
1619,0.0100,0.0129,0.0132,0.0060
1620,0.0087,0.0098,0.0102,0.0026
1621,0.0087,0.0098,0.0102,0.0026
1622,0.0083,0.0115,0.0117,0.0037
1623,0.0127,0.0095,0.0169,0.0024
1624,0.0087,0.0098,0.0102,0.0026
1625,0.0087,0.0098,0.0102,0.0026
1626,0.0096,0.0166,0.0144,0.0058
1627,0.0087,0.0098,0.0102,0.0026
1628,0.0083,0.0115,0.0117,0.0037
1629,0.0100,0.0129,0.0132,0.0060
1630,0.0087,0.0098,0.0102,0.0026
1631,0.0087,0.0098,0.0102,0.0026
1632,0.0100,0.0129,0.0132,0.0060
1633,0.0083,0.0115,0.0117,0.0037
1634,0.0141,0.0136,0.0214,0.0036
1635,0.0087,0.0098,0.0102,0.0026
1636,0.0100,0.0129,0.0132,0.0060
1637,0.0087,0.0098,0.0102,0.0026
1638,0.0087,0.0148,0.0120,0.0036
1639,0.0083,0.0115,0.0117,0.0037
1640,0.0087,0.0098,0.0102,0.0026
1641,0.0087,0.0098,0.0102,0.0026
1642,0.0100,0.0129,0.0132,0.0060
1643,0.0087,0.0098,0.0102,0.0026
1644,0.0083,0.0115,0.0117,0.0037
1645,0.0121,0.0104,0.0187,0.0041
1646,0.0100,0.0129,0.0132,0.0060
1647,0.0087,0.0098,0.0102,0.0026
1648,0.0087,0.0098,0.0102,0.0026
1649,0.0100,0.0129,0.0132,0.0060
1650,0.0081,0.0131,0.0126,0.0037
1651,0.0087,0.0098,0.0102,0.0026
1652,0.0100,0.0129,0.0132,0.0060
1653,0.0087,0.0098,0.0102,0.0026
1654,0.0087,0.0098,0.0102,0.0026
1655,0.0083,0.0115,0.0117,0.0037
1656,0.0134,0.0115,0.0214,0.0025
1657,0.0127,0.0095,0.0169,0.0024
1658,0.0094,0.0082,0.0117,0.0025
1659,0.0092,0.0073,0.0116,0.0026
1660,0.0114,0.0078,0.0135,0.0056
1661,0.0091,0.0080,0.0113,0.0027
1662,0.0081,0.0130,0.0116,0.0039
1663,0.0098,0.0201,0.0145,0.0058
1664,0.0090,0.0088,0.0108,0.0028
1665,0.0089,0.0090,0.0106,0.0029
1666,0.0105,0.0130,0.0134,0.0058
1667,0.0084,0.0096,0.0117,0.0038
1668,0.0127,0.0095,0.0169,0.0024
1669,0.0087,0.0095,0.0102,0.0028
1670,0.0098,0.0129,0.0132,0.0060
1671,0.0087,0.0114,0.0115,0.0021
1672,0.0087,0.0131,0.0125,0.0025
1673,0.0083,0.0131,0.0116,0.0052
1674,0.0087,0.0147,0.0128,0.0038
1675,0.0088,0.0149,0.0105,0.0022
1676,0.0097,0.0185,0.0147,0.0058
1677,0.0087,0.0148,0.0110,0.0028
1678,0.0080,0.0135,0.0143,0.0041
1679,0.0127,0.0095,0.0169,0.0024
1680,0.0099,0.0202,0.0145,0.0058
1681,0.0088,0.0150,0.0120,0.0033
1682,0.0112,0.0316,0.0175,0.0143
1683,0.0121,0.0299,0.0132,0.0142
1684,0.0085,0.0168,0.0176,0.0099
1685,0.0085,0.0168,0.0176,0.0099
1686,0.0085,0.0168,0.0176,0.0099
1687,0.0085,0.0168,0.0176,0.0099
1688,0.0085,0.0168,0.0176,0.0099
1689,0.0085,0.0168,0.0176,0.0099
1690,0.0127,0.0095,0.0169,0.0024
1691,0.0090,0.0078,0.0102,0.0024
1692,0.0090,0.0078,0.0102,0.0024
1693,0.0106,0.0103,0.0132,0.0058
1694,0.0088,0.0082,0.0105,0.0021
1695,0.0084,0.0099,0.0118,0.0046
1696,0.0101,0.0101,0.0132,0.0059
1697,0.0086,0.0101,0.0120,0.0026
1698,0.0086,0.0108,0.0124,0.0035
1699,0.0097,0.0129,0.0143,0.0057
1700,0.0081,0.0110,0.0117,0.0039
1701,0.0121,0.0104,0.0187,0.0041
1702,0.0084,0.0114,0.0107,0.0029
1703,0.0097,0.0152,0.0144,0.0058
1704,0.0084,0.0119,0.0108,0.0022
1705,0.0085,0.0123,0.0126,0.0032
1706,0.0084,0.0102,0.0118,0.0053
1707,0.0111,0.0240,0.0176,0.0143
1708,0.0109,0.0171,0.0149,0.0098
1709,0.0119,0.0144,0.0195,0.0103
1710,0.0094,0.0108,0.0138,0.0090
1711,0.0081,0.0121,0.0175,0.0075
1712,0.0127,0.0095,0.0169,0.0024
1713,0.0105,0.0075,0.0179,0.0082
1714,0.0095,0.0114,0.0181,0.0064
1715,0.0106,0.0146,0.0233,0.0065
1716,0.0119,0.0137,0.0215,0.0072
1717,0.0080,0.0101,0.0130,0.0040
1718,0.0086,0.0101,0.0120,0.0026
1719,0.0102,0.0074,0.0112,0.0060
1720,0.0093,0.0076,0.0159,0.0041
1721,0.0095,0.0084,0.0210,0.0060
1722,0.0109,0.0115,0.0263,0.0105
1723,0.0127,0.0095,0.0169,0.0024
1724,0.0103,0.0087,0.0215,0.0138
1725,0.0108,0.0088,0.0186,0.0170
1726,0.0107,0.0095,0.0191,0.0190
1727,0.0115,0.0118,0.0143,0.0162
1728,0.0128,0.0179,0.0267,0.0146
1729,0.0115,0.0135,0.0135,0.0154
1730,0.0086,0.0108,0.0124,0.0035
1731,0.0090,0.0078,0.0102,0.0024
1732,0.0106,0.0103,0.0132,0.0058
1733,0.0085,0.0093,0.0116,0.0037
1734,0.0127,0.0095,0.0169,0.0024
1735,0.0090,0.0078,0.0102,0.0024
1736,0.0106,0.0103,0.0132,0.0058
1737,0.0090,0.0078,0.0102,0.0024
1738,0.0090,0.0078,0.0102,0.0024
1739,0.0085,0.0093,0.0116,0.0037
1740,0.0090,0.0078,0.0102,0.0024
1741,0.0090,0.0078,0.0102,0.0024
1742,0.0097,0.0129,0.0143,0.0057
1743,0.0090,0.0078,0.0102,0.0024
1744,0.0085,0.0093,0.0116,0.0037
1745,0.0127,0.0095,0.0169,0.0024
1746,0.0106,0.0103,0.0132,0.0058
1747,0.0090,0.0078,0.0102,0.0024
1748,0.0090,0.0078,0.0102,0.0024
1749,0.0106,0.0103,0.0132,0.0058
1750,0.0085,0.0093,0.0116,0.0037
1751,0.0090,0.0078,0.0102,0.0024
1752,0.0106,0.0103,0.0132,0.0058
1753,0.0090,0.0078,0.0102,0.0024
1754,0.0085,0.0113,0.0114,0.0036
1755,0.0085,0.0093,0.0116,0.0037
1756,0.0128,0.0144,0.0160,0.0039
1757,0.0090,0.0078,0.0102,0.0024
1758,0.0090,0.0078,0.0102,0.0024
1759,0.0106,0.0103,0.0132,0.0058
1760,0.0090,0.0078,0.0102,0.0024
1761,0.0085,0.0093,0.0116,0.0037
1762,0.0106,0.0103,0.0132,0.0058
1763,0.0090,0.0078,0.0102,0.0024
1764,0.0090,0.0078,0.0102,0.0024
1765,0.0106,0.0103,0.0132,0.0058
1766,0.0081,0.0115,0.0130,0.0036
1767,0.0136,0.0124,0.0224,0.0034
1768,0.0127,0.0095,0.0169,0.0024
1769,0.0090,0.0078,0.0102,0.0024
1770,0.0106,0.0103,0.0132,0.0058
1771,0.0090,0.0078,0.0102,0.0024
1772,0.0090,0.0078,0.0102,0.0024
1773,0.0085,0.0093,0.0116,0.0037
1774,0.0102,0.0084,0.0117,0.0023
1775,0.0101,0.0072,0.0116,0.0023
1776,0.0123,0.0073,0.0136,0.0056
1777,0.0099,0.0073,0.0112,0.0025
1778,0.0081,0.0110,0.0117,0.0039
1779,0.0127,0.0095,0.0169,0.0024
1780,0.0097,0.0152,0.0144,0.0058
1781,0.0097,0.0077,0.0107,0.0026
1782,0.0096,0.0077,0.0106,0.0027
1783,0.0113,0.0111,0.0134,0.0057
1784,0.0087,0.0081,0.0121,0.0037
1785,0.0092,0.0077,0.0102,0.0026
1786,0.0103,0.0100,0.0132,0.0058
1787,0.0087,0.0089,0.0113,0.0020
1788,0.0086,0.0101,0.0120,0.0026
1789,0.0083,0.0104,0.0113,0.0052
1790,0.0127,0.0095,0.0169,0.0024
1791,0.0085,0.0111,0.0122,0.0039
1792,0.0084,0.0119,0.0108,0.0022
1793,0.0097,0.0141,0.0146,0.0057
1794,0.0084,0.0114,0.0107,0.0029
1795,0.0080,0.0123,0.0151,0.0041
1796,0.0097,0.0153,0.0143,0.0057
1797,0.0085,0.0123,0.0126,0.0032
1798,0.0111,0.0240,0.0176,0.0143
1799,0.0120,0.0230,0.0125,0.0142
1800,0.0085,0.0134,0.0175,0.0100
1801,0.0127,0.0095,0.0169,0.0024
1802,0.0085,0.0134,0.0175,0.0100
1803,0.0085,0.0134,0.0175,0.0100
1804,0.0085,0.0134,0.0175,0.0100
1805,0.0085,0.0134,0.0175,0.0100
1806,0.0085,0.0134,0.0175,0.0100
1807,0.0111,0.0059,0.0108,0.0021
1808,0.0111,0.0059,0.0108,0.0021
1809,0.0125,0.0068,0.0131,0.0055
1810,0.0108,0.0060,0.0108,0.0019
1811,0.0103,0.0068,0.0118,0.0046
1812,0.0121,0.0104,0.0187,0.0041
1813,0.0118,0.0062,0.0130,0.0055
1814,0.0101,0.0064,0.0115,0.0028
1815,0.0098,0.0066,0.0118,0.0038
1816,0.0108,0.0073,0.0141,0.0055
1817,0.0097,0.0096,0.0131,0.0037
1818,0.0093,0.0079,0.0107,0.0030
1819,0.0102,0.0081,0.0140,0.0058
1820,0.0091,0.0093,0.0121,0.0021
1821,0.0090,0.0101,0.0142,0.0031
1822,0.0101,0.0070,0.0118,0.0053
1823,0.0133,0.0115,0.0175,0.0023
1824,0.0113,0.0125,0.0181,0.0143
1825,0.0112,0.0097,0.0137,0.0097
1826,0.0120,0.0087,0.0164,0.0103
1827,0.0100,0.0080,0.0125,0.0093
1828,0.0085,0.0078,0.0175,0.0073
1829,0.0109,0.0062,0.0171,0.0086
1830,0.0104,0.0075,0.0152,0.0054
1831,0.0114,0.0085,0.0185,0.0049
1832,0.0127,0.0074,0.0167,0.0063
1833,0.0098,0.0069,0.0128,0.0040
1834,0.0130,0.0099,0.0177,0.0024
1835,0.0101,0.0064,0.0115,0.0028
1836,0.0125,0.0057,0.0117,0.0058
1837,0.0114,0.0060,0.0152,0.0042
1838,0.0115,0.0059,0.0171,0.0061
1839,0.0124,0.0071,0.0246,0.0096
1840,0.0118,0.0064,0.0181,0.0127
1841,0.0118,0.0078,0.0166,0.0151
1842,0.0116,0.0110,0.0158,0.0174
1843,0.0116,0.0102,0.0138,0.0135
1844,0.0119,0.0109,0.0275,0.0126
1845,0.0127,0.0092,0.0177,0.0025
1846,0.0114,0.0113,0.0121,0.0143
1847,0.0098,0.0066,0.0118,0.0038
1848,0.0111,0.0059,0.0108,0.0021
1849,0.0125,0.0068,0.0131,0.0055
1850,0.0105,0.0067,0.0120,0.0037
1851,0.0111,0.0059,0.0108,0.0021
1852,0.0125,0.0068,0.0131,0.0055
1853,0.0111,0.0059,0.0108,0.0021
1854,0.0111,0.0059,0.0108,0.0021
1855,0.0105,0.0067,0.0120,0.0037
1856,0.0124,0.0090,0.0176,0.0026
1857,0.0111,0.0059,0.0108,0.0021
1858,0.0111,0.0059,0.0108,0.0021
1859,0.0108,0.0073,0.0141,0.0055
1860,0.0111,0.0059,0.0108,0.0021
1861,0.0105,0.0067,0.0120,0.0037
1862,0.0125,0.0068,0.0131,0.0055
1863,0.0111,0.0059,0.0108,0.0021
1864,0.0111,0.0059,0.0108,0.0021
1865,0.0125,0.0068,0.0131,0.0055
1866,0.0105,0.0067,0.0120,0.0037
1867,0.0127,0.0137,0.0174,0.0044
1868,0.0111,0.0059,0.0108,0.0021
1869,0.0125,0.0068,0.0131,0.0055
1870,0.0111,0.0059,0.0108,0.0021
1871,0.0094,0.0074,0.0110,0.0038
1872,0.0105,0.0067,0.0120,0.0037
1873,0.0111,0.0059,0.0108,0.0021
1874,0.0111,0.0059,0.0108,0.0021
1875,0.0125,0.0068,0.0131,0.0055
1876,0.0111,0.0059,0.0108,0.0021
1877,0.0105,0.0067,0.0120,0.0037
1878,0.0139,0.0131,0.0224,0.0038
1879,0.0146,0.0145,0.0180,0.0021
1880,0.0125,0.0068,0.0131,0.0055
1881,0.0111,0.0059,0.0108,0.0021
1882,0.0111,0.0059,0.0108,0.0021
1883,0.0125,0.0068,0.0131,0.0055
1884,0.0096,0.0105,0.0149,0.0036
1885,0.0111,0.0059,0.0108,0.0021
1886,0.0125,0.0068,0.0131,0.0055
1887,0.0111,0.0059,0.0108,0.0021
1888,0.0111,0.0059,0.0108,0.0021
1889,0.0105,0.0067,0.0120,0.0037
1890,0.0122,0.0089,0.0172,0.0027
1891,0.0129,0.0074,0.0121,0.0020
1892,0.0129,0.0064,0.0119,0.0020
1893,0.0146,0.0067,0.0138,0.0056
1894,0.0128,0.0064,0.0115,0.0021
1895,0.0097,0.0096,0.0131,0.0037
1896,0.0102,0.0081,0.0140,0.0058
1897,0.0125,0.0064,0.0112,0.0022
1898,0.0123,0.0061,0.0111,0.0023
1899,0.0135,0.0088,0.0134,0.0055
1900,0.0110,0.0067,0.0131,0.0037
1901,0.0123,0.0088,0.0170,0.0028
1902,0.0115,0.0057,0.0108,0.0022
1903,0.0121,0.0063,0.0131,0.0055
1904,0.0105,0.0061,0.0112,0.0020
1905,0.0101,0.0064,0.0115,0.0028
1906,0.0099,0.0079,0.0116,0.0050
1907,0.0096,0.0070,0.0115,0.0041
1908,0.0091,0.0093,0.0121,0.0021
1909,0.0105,0.0077,0.0144,0.0057
1910,0.0093,0.0079,0.0107,0.0030
1911,0.0095,0.0115,0.0175,0.0042
1912,0.0123,0.0088,0.0168,0.0028
1913,0.0101,0.0084,0.0137,0.0056
1914,0.0090,0.0101,0.0142,0.0031
1915,0.0113,0.0125,0.0181,0.0143
1916,0.0119,0.0127,0.0114,0.0142
1917,0.0092,0.0094,0.0174,0.0102
1918,0.0092,0.0094,0.0174,0.0102
1919,0.0092,0.0094,0.0174,0.0102
1920,0.0092,0.0094,0.0174,0.0102
1921,0.0092,0.0094,0.0174,0.0102
1922,0.0092,0.0094,0.0174,0.0102
1923,0.0120,0.0097,0.0160,0.0036
1924,0.0136,0.0052,0.0115,0.0019
1925,0.0136,0.0052,0.0115,0.0019
1926,0.0143,0.0055,0.0129,0.0055
1927,0.0131,0.0053,0.0113,0.0019
1928,0.0127,0.0057,0.0123,0.0044
1929,0.0134,0.0051,0.0127,0.0055
1930,0.0121,0.0053,0.0116,0.0029
1931,0.0117,0.0055,0.0117,0.0039
1932,0.0119,0.0053,0.0139,0.0056
1933,0.0115,0.0091,0.0146,0.0036
1934,0.0125,0.0092,0.0167,0.0026
1935,0.0106,0.0075,0.0111,0.0031
1936,0.0109,0.0062,0.0138,0.0059
1937,0.0100,0.0095,0.0129,0.0021
1938,0.0098,0.0105,0.0149,0.0029
1939,0.0124,0.0059,0.0123,0.0051
1940,0.0115,0.0074,0.0188,0.0144
1941,0.0115,0.0071,0.0133,0.0098
1942,0.0121,0.0069,0.0144,0.0103
1943,0.0107,0.0070,0.0119,0.0096
1944,0.0097,0.0069,0.0176,0.0074
1945,0.0129,0.0098,0.0179,0.0022
1946,0.0116,0.0054,0.0167,0.0091
1947,0.0112,0.0076,0.0138,0.0048
1948,0.0119,0.0076,0.0161,0.0041
1949,0.0132,0.0051,0.0139,0.0059
1950,0.0120,0.0057,0.0129,0.0041
1951,0.0121,0.0053,0.0116,0.0029
1952,0.0150,0.0051,0.0124,0.0057
1953,0.0139,0.0052,0.0144,0.0045
1954,0.0138,0.0051,0.0139,0.0064
1955,0.0139,0.0063,0.0249,0.0092
1956,0.0131,0.0104,0.0197,0.0019
1957,0.0133,0.0060,0.0170,0.0121
1958,0.0129,0.0079,0.0162,0.0139
1959,0.0127,0.0114,0.0136,0.0164
1960,0.0118,0.0117,0.0138,0.0119
1961,0.0112,0.0125,0.0283,0.0116
1962,0.0114,0.0134,0.0112,0.0141
1963,0.0117,0.0055,0.0117,0.0039
1964,0.0136,0.0052,0.0115,0.0019
1965,0.0143,0.0055,0.0129,0.0055
1966,0.0130,0.0056,0.0125,0.0036
1967,0.0134,0.0115,0.0214,0.0025
1968,0.0136,0.0052,0.0115,0.0019
1969,0.0143,0.0055,0.0129,0.0055
1970,0.0136,0.0052,0.0115,0.0019
1971,0.0136,0.0052,0.0115,0.0019
1972,0.0130,0.0056,0.0125,0.0036
1973,0.0136,0.0052,0.0115,0.0019
1974,0.0136,0.0052,0.0115,0.0019
1975,0.0119,0.0053,0.0139,0.0056
1976,0.0136,0.0052,0.0115,0.0019
1977,0.0130,0.0056,0.0125,0.0036
1978,0.0125,0.0126,0.0198,0.0058
1979,0.0143,0.0055,0.0129,0.0055
1980,0.0136,0.0052,0.0115,0.0019
1981,0.0136,0.0052,0.0115,0.0019
1982,0.0143,0.0055,0.0129,0.0055
1983,0.0130,0.0056,0.0125,0.0036
1984,0.0136,0.0052,0.0115,0.0019
1985,0.0143,0.0055,0.0129,0.0055
1986,0.0136,0.0052,0.0115,0.0019
1987,0.0109,0.0066,0.0112,0.0039
1988,0.0130,0.0056,0.0125,0.0036
1989,0.0127,0.0137,0.0174,0.0044
1990,0.0139,0.0131,0.0224,0.0038
1991,0.0136,0.0052,0.0115,0.0019
1992,0.0136,0.0052,0.0115,0.0019
1993,0.0143,0.0055,0.0129,0.0055
1994,0.0136,0.0052,0.0115,0.0019
1995,0.0130,0.0056,0.0125,0.0036
1996,0.0143,0.0055,0.0129,0.0055
1997,0.0136,0.0052,0.0115,0.0019
1998,0.0136,0.0052,0.0115,0.0019
1999,0.0143,0.0055,0.0129,0.0055
2000,0.0113,0.0102,0.0167,0.0036
2001,0.0148,0.0150,0.0158,0.0021
2002,0.0136,0.0052,0.0115,0.0019
2003,0.0143,0.0055,0.0129,0.0055
2004,0.0136,0.0052,0.0115,0.0019
2005,0.0136,0.0052,0.0115,0.0019
2006,0.0130,0.0056,0.0125,0.0036
2007,0.0158,0.0057,0.0127,0.0019
2008,0.0158,0.0054,0.0125,0.0019
2009,0.0168,0.0067,0.0138,0.0057
2010,0.0157,0.0060,0.0121,0.0019
2011,0.0115,0.0091,0.0146,0.0036
2012,0.0141,0.0136,0.0214,0.0036
2013,0.0109,0.0062,0.0138,0.0059
2014,0.0153,0.0059,0.0119,0.0020
2015,0.0151,0.0055,0.0118,0.0021
2016,0.0155,0.0081,0.0133,0.0056
2017,0.0136,0.0057,0.0138,0.0037
2018,0.0140,0.0049,0.0117,0.0020
2019,0.0139,0.0050,0.0128,0.0055
2020,0.0126,0.0052,0.0114,0.0021
2021,0.0121,0.0053,0.0116,0.0029
2022,0.0120,0.0071,0.0125,0.0047
2023,0.0143,0.0140,0.0199,0.0028
2024,0.0113,0.0059,0.0115,0.0043
2025,0.0100,0.0095,0.0129,0.0021
2026,0.0116,0.0055,0.0143,0.0059
2027,0.0106,0.0075,0.0111,0.0031
2028,0.0111,0.0113,0.0194,0.0043
2029,0.0107,0.0068,0.0131,0.0056
2030,0.0098,0.0105,0.0149,0.0029
2031,0.0115,0.0074,0.0188,0.0144
2032,0.0119,0.0083,0.0111,0.0143
2033,0.0102,0.0080,0.0175,0.0106
2034,0.0130,0.0152,0.0149,0.0041
2035,0.0102,0.0080,0.0175,0.0106
2036,0.0102,0.0080,0.0175,0.0106
2037,0.0102,0.0080,0.0175,0.0106
2038,0.0102,0.0080,0.0175,0.0106
2039,0.0102,0.0080,0.0175,0.0106
2040,0.0146,0.0051,0.0119,0.0019
2041,0.0146,0.0051,0.0119,0.0019
2042,0.0151,0.0052,0.0128,0.0055
2043,0.0141,0.0051,0.0115,0.0019
2044,0.0136,0.0053,0.0126,0.0043
2045,0.0148,0.0150,0.0158,0.0021
2046,0.0140,0.0051,0.0125,0.0055
2047,0.0129,0.0052,0.0117,0.0030
2048,0.0124,0.0054,0.0118,0.0040
2049,0.0124,0.0054,0.0139,0.0057
2050,0.0122,0.0091,0.0152,0.0036
2051,0.0111,0.0078,0.0112,0.0031
2052,0.0111,0.0067,0.0138,0.0061
2053,0.0103,0.0101,0.0130,0.0020
2054,0.0099,0.0112,0.0149,0.0028
2055,0.0134,0.0056,0.0125,0.0050
2056,0.0151,0.0156,0.0138,0.0032
2057,0.0115,0.0062,0.0191,0.0145
2058,0.0116,0.0065,0.0134,0.0098
2059,0.0121,0.0066,0.0137,0.0102
2060,0.0110,0.0068,0.0117,0.0098
2061,0.0102,0.0069,0.0177,0.0075
2062,0.0119,0.0052,0.0165,0.0093
2063,0.0116,0.0080,0.0136,0.0048
2064,0.0121,0.0082,0.0158,0.0039
2065,0.0134,0.0051,0.0133,0.0059
2066,0.0129,0.0055,0.0130,0.0041
2067,0.0138,0.0249,0.0260,0.0173
2068,0.0129,0.0052,0.0117,0.0030
2069,0.0161,0.0049,0.0127,0.0057
2070,0.0151,0.0048,0.0140,0.0046
2071,0.0148,0.0048,0.0127,0.0065
2072,0.0144,0.0059,0.0255,0.0091
2073,0.0140,0.0057,0.0170,0.0119
2074,0.0134,0.0077,0.0163,0.0135
2075,0.0131,0.0110,0.0128,0.0160
2076,0.0118,0.0119,0.0139,0.0113
2077,0.0109,0.0133,0.0286,0.0114
2078,0.0138,0.0186,0.0220,0.0107
2079,0.0115,0.0141,0.0109,0.0141
2080,0.0124,0.0054,0.0118,0.0040
2081,0.0146,0.0051,0.0119,0.0019
2082,0.0151,0.0052,0.0128,0.0055
2083,0.0141,0.0052,0.0128,0.0036
2084,0.0146,0.0051,0.0119,0.0019
2085,0.0151,0.0052,0.0128,0.0055
2086,0.0146,0.0051,0.0119,0.0019
2087,0.0146,0.0051,0.0119,0.0019
2088,0.0141,0.0052,0.0128,0.0036
2089,0.0151,0.0168,0.0247,0.0095
2090,0.0146,0.0051,0.0119,0.0019
2091,0.0146,0.0051,0.0119,0.0019
2092,0.0124,0.0054,0.0139,0.0057
2093,0.0146,0.0051,0.0119,0.0019
2094,0.0141,0.0052,0.0128,0.0036
2095,0.0151,0.0052,0.0128,0.0055
2096,0.0146,0.0051,0.0119,0.0019
2097,0.0146,0.0051,0.0119,0.0019
2098,0.0151,0.0052,0.0128,0.0055
2099,0.0141,0.0052,0.0128,0.0036
Highest RMSE Cases
Vdc  Max RMSE=  0.0176 at Case 28; 0 > 0.05
Idc  Max RMSE=  0.0316 at Case 1591; 0 > 0.05
Vd   Max RMSE=  0.0355 at Case 1495; 0 > 0.05
Vq   Max RMSE=  0.0202 at Case 1496; 0 > 0.05
Total Error Summary
Vdc  RMSE=  0.0109
Idc  RMSE=  0.0099
Vd   RMSE=  0.0150
Vq   RMSE=  0.0061
