Read Model from: ./ucf2ac/ucf2ac_config.json
Export Model to: ./ucf2ac\ucf2a_fhf.json
idx_in [0, 1, 2, 3, 4, 5, 6, 7, 8]
idx_out [9, 10, 11, 12]
make_mimo_block iir
H1s[0][0]  Real Poles: [-587.08372156 -522.35197299 -452.71235226 -452.71235226] Freqs [Hz]: [18.183176056860905]
H1s[0][1]  Real Poles: [-705.72960108 -705.72960108 -306.13093161 -306.13093161] Freqs [Hz]: [29.5729853716291, 38.87415244901333]
H1s[0][2]  Real Poles: [-703.07179432 -703.07179432 -286.80811652 -286.80811652] Freqs [Hz]: [30.045512889685718, 38.06130993020939]
H1s[0][3]  Real Poles: [-672.43308187 -672.43308187 -325.1169961  -325.1169961 ] Freqs [Hz]: [24.129319402943015, 32.5697009295732]
H1s[1][0]  Real Poles: [-783.93822997 -533.51424642 -533.51424642  -87.24833922] Freqs [Hz]: [48.12773365491639]
H1s[1][1]  Real Poles: [-724.1851058  -724.1851058  -271.81954876 -271.81954876] Freqs [Hz]: [31.621887170117933, 42.649698268223595]
H1s[1][2]  Real Poles: [-747.08880574 -747.08880574 -298.32581714 -298.32581714] Freqs [Hz]: [33.016370010941515, 50.80349923104373]
H1s[1][3]  Real Poles: [-703.65179834 -703.65179834 -311.03405784 -311.03405784] Freqs [Hz]: [28.143929937546748, 41.40209596219826]
H1s[2][0]  Real Poles: [-677.4066965  -514.67814942 -514.67814942 -291.26462712] Freqs [Hz]: [31.040566518328863]
H1s[2][1]  Real Poles: [-765.09172734 -533.83527765 -533.83527765  -93.41189609] Freqs [Hz]: [45.01888701565275]
H1s[2][2]  Real Poles: [-748.20849896 -748.20849896 -285.21370291 -285.21370291] Freqs [Hz]: [34.069986459282035, 50.63386674735963]
H1s[2][3]  Real Poles: [-680.38618124 -518.91139702 -518.91139702 -282.39348933] Freqs [Hz]: [30.614437307011055]
H1s[3][0]  Real Poles: [-653.21855593 -653.21855593 -351.12821338 -351.12821338] Freqs [Hz]: [22.08631632463798, 28.483270014590726]
H1s[3][1]  Real Poles: [-715.74541274 -715.74541274 -275.46161413 -275.46161413] Freqs [Hz]: [31.32752760272863, 40.490806534018624]
H1s[3][2]  Real Poles: [-732.4682837 -732.4682837 -266.9516836 -266.9516836] Freqs [Hz]: [32.61775165732853, 46.15714340884263]
H1s[3][3]  Real Poles: [-666.93798964 -666.93798964 -337.62308816 -337.62308816] Freqs [Hz]: [24.221937631849485, 30.657040073324968]
model_folder = ./ucf2ac
model_root = ucf2a
data_path = c:/data/ucf2.hdf5
idx_in [0, 1, 2, 3, 4, 5, 6, 7, 8]
idx_out [9, 10, 11, 12]
read 1500 dataframes
dt=0.002000 data_len=2500 n_io=13 n_case=1500
['T', 'G', 'Fc', 'Md1', 'Mq1', 'Vod', 'Voq', 'GVrms', 'Ctl'] ['Vdc', 'Idc', 'Id', 'Iq'] (1500, 2500, 13)
make_mimo_block iir
Idx,Vdc,Idc,Id,Iq,Vdc,Idc,Id,Iq
,RMSE,RMSE,RMSE,RMSE,MAE,MAE,MAE,MAE
Total,0.0086,0.0059,0.0071,0.0036,0.0014,0.0020,0.0010,0.0011
0,0.0085,0.0055,0.0071,0.0035,0.0008,0.0012,0.0008,0.0008
1,0.0085,0.0054,0.0071,0.0035,0.0011,0.0009,0.0008,0.0009
2,0.0085,0.0054,0.0071,0.0035,0.0011,0.0009,0.0007,0.0008
3,0.0085,0.0055,0.0070,0.0035,0.0014,0.0015,0.0006,0.0010
4,0.0085,0.0056,0.0071,0.0035,0.0009,0.0015,0.0007,0.0010
5,0.0087,0.0059,0.0071,0.0035,0.0018,0.0023,0.0008,0.0011
6,0.0089,0.0063,0.0071,0.0035,0.0026,0.0029,0.0008,0.0011
7,0.0089,0.0063,0.0071,0.0035,0.0026,0.0028,0.0009,0.0011
8,0.0087,0.0060,0.0071,0.0035,0.0022,0.0024,0.0009,0.0011
9,0.0086,0.0057,0.0071,0.0035,0.0016,0.0018,0.0011,0.0011
10,0.0085,0.0056,0.0071,0.0036,0.0009,0.0014,0.0012,0.0012
11,0.0085,0.0056,0.0071,0.0036,0.0008,0.0014,0.0012,0.0013
12,0.0085,0.0056,0.0072,0.0036,0.0015,0.0015,0.0013,0.0014
13,0.0087,0.0057,0.0072,0.0037,0.0021,0.0017,0.0013,0.0015
14,0.0086,0.0057,0.0070,0.0035,0.0019,0.0019,0.0006,0.0010
15,0.0091,0.0056,0.0079,0.0041,0.0031,0.0015,0.0032,0.0020
16,0.0085,0.0056,0.0076,0.0038,0.0007,0.0014,0.0025,0.0016
17,0.0087,0.0055,0.0074,0.0036,0.0020,0.0014,0.0020,0.0013
18,0.0088,0.0055,0.0072,0.0036,0.0025,0.0013,0.0017,0.0011
19,0.0087,0.0054,0.0072,0.0036,0.0021,0.0010,0.0014,0.0012
20,0.0086,0.0054,0.0071,0.0036,0.0014,0.0009,0.0012,0.0013
21,0.0085,0.0054,0.0071,0.0036,0.0009,0.0010,0.0011,0.0013
22,0.0085,0.0054,0.0071,0.0036,0.0009,0.0009,0.0009,0.0013
23,0.0085,0.0054,0.0071,0.0036,0.0009,0.0009,0.0007,0.0012
24,0.0085,0.0055,0.0071,0.0035,0.0008,0.0012,0.0006,0.0011
25,0.0087,0.0057,0.0070,0.0035,0.0019,0.0019,0.0005,0.0011
26,0.0085,0.0056,0.0071,0.0035,0.0008,0.0015,0.0007,0.0010
27,0.0085,0.0055,0.0071,0.0035,0.0010,0.0013,0.0009,0.0010
28,0.0085,0.0055,0.0071,0.0035,0.0009,0.0013,0.0010,0.0010
29,0.0085,0.0055,0.0071,0.0035,0.0011,0.0013,0.0012,0.0010
30,0.0086,0.0056,0.0072,0.0035,0.0015,0.0015,0.0014,0.0010
31,0.0087,0.0057,0.0072,0.0036,0.0020,0.0020,0.0015,0.0011
32,0.0087,0.0060,0.0073,0.0036,0.0022,0.0025,0.0016,0.0011
33,0.0086,0.0061,0.0073,0.0036,0.0017,0.0027,0.0017,0.0011
34,0.0085,0.0062,0.0073,0.0036,0.0011,0.0029,0.0016,0.0011
35,0.0086,0.0063,0.0072,0.0037,0.0014,0.0029,0.0015,0.0013
36,0.0086,0.0057,0.0070,0.0035,0.0017,0.0018,0.0005,0.0012
37,0.0085,0.0056,0.0071,0.0035,0.0007,0.0014,0.0007,0.0010
38,0.0085,0.0056,0.0071,0.0035,0.0007,0.0014,0.0007,0.0010
39,0.0085,0.0056,0.0071,0.0035,0.0007,0.0014,0.0007,0.0010
40,0.0085,0.0056,0.0071,0.0035,0.0007,0.0014,0.0007,0.0010
41,0.0085,0.0056,0.0071,0.0035,0.0007,0.0014,0.0007,0.0010
42,0.0085,0.0056,0.0071,0.0035,0.0007,0.0014,0.0007,0.0010
43,0.0085,0.0056,0.0071,0.0035,0.0007,0.0014,0.0007,0.0010
44,0.0085,0.0056,0.0071,0.0035,0.0007,0.0014,0.0007,0.0010
45,0.0085,0.0056,0.0071,0.0035,0.0007,0.0014,0.0007,0.0010
46,0.0085,0.0056,0.0071,0.0035,0.0007,0.0014,0.0007,0.0010
47,0.0085,0.0056,0.0070,0.0036,0.0014,0.0017,0.0005,0.0013
48,0.0085,0.0056,0.0071,0.0035,0.0007,0.0014,0.0007,0.0010
49,0.0085,0.0056,0.0071,0.0035,0.0007,0.0014,0.0007,0.0010
50,0.0085,0.0056,0.0071,0.0035,0.0007,0.0014,0.0007,0.0010
51,0.0085,0.0056,0.0071,0.0035,0.0007,0.0014,0.0007,0.0010
52,0.0085,0.0056,0.0071,0.0035,0.0007,0.0014,0.0007,0.0010
53,0.0085,0.0056,0.0071,0.0035,0.0007,0.0014,0.0007,0.0010
54,0.0085,0.0056,0.0071,0.0035,0.0007,0.0014,0.0007,0.0010
55,0.0085,0.0056,0.0071,0.0035,0.0007,0.0014,0.0007,0.0010
56,0.0085,0.0056,0.0071,0.0035,0.0007,0.0014,0.0007,0.0010
57,0.0085,0.0056,0.0071,0.0035,0.0007,0.0014,0.0007,0.0010
58,0.0085,0.0055,0.0070,0.0036,0.0010,0.0015,0.0006,0.0015
59,0.0085,0.0056,0.0071,0.0035,0.0011,0.0014,0.0009,0.0009
60,0.0085,0.0056,0.0071,0.0035,0.0008,0.0014,0.0008,0.0009
61,0.0085,0.0056,0.0071,0.0035,0.0007,0.0017,0.0007,0.0010
62,0.0085,0.0055,0.0070,0.0035,0.0006,0.0014,0.0006,0.0010
63,0.0085,0.0057,0.0071,0.0035,0.0008,0.0019,0.0006,0.0009
64,0.0085,0.0058,0.0071,0.0035,0.0006,0.0022,0.0007,0.0010
65,0.0085,0.0057,0.0070,0.0035,0.0006,0.0020,0.0006,0.0010
66,0.0085,0.0057,0.0070,0.0035,0.0007,0.0019,0.0006,0.0010
67,0.0085,0.0056,0.0070,0.0035,0.0007,0.0017,0.0006,0.0010
68,0.0085,0.0056,0.0070,0.0035,0.0006,0.0016,0.0006,0.0009
69,0.0085,0.0055,0.0070,0.0037,0.0007,0.0014,0.0006,0.0016
70,0.0085,0.0056,0.0070,0.0035,0.0006,0.0016,0.0006,0.0009
71,0.0085,0.0056,0.0070,0.0035,0.0006,0.0017,0.0006,0.0009
72,0.0085,0.0056,0.0070,0.0035,0.0006,0.0018,0.0006,0.0009
73,0.0085,0.0057,0.0070,0.0035,0.0006,0.0019,0.0006,0.0009
74,0.0085,0.0058,0.0071,0.0035,0.0006,0.0021,0.0008,0.0009
75,0.0096,0.0057,0.0072,0.0036,0.0039,0.0019,0.0013,0.0011
76,0.0087,0.0058,0.0072,0.0036,0.0018,0.0016,0.0014,0.0011
77,0.0086,0.0062,0.0072,0.0036,0.0012,0.0027,0.0014,0.0011
78,0.0088,0.0068,0.0072,0.0036,0.0022,0.0035,0.0013,0.0011
79,0.0085,0.0061,0.0071,0.0035,0.0014,0.0027,0.0009,0.0011
80,0.0085,0.0055,0.0071,0.0038,0.0010,0.0014,0.0007,0.0017
81,0.0090,0.0071,0.0071,0.0035,0.0029,0.0041,0.0011,0.0011
82,0.0090,0.0070,0.0071,0.0035,0.0028,0.0039,0.0009,0.0010
83,0.0088,0.0067,0.0071,0.0035,0.0024,0.0035,0.0008,0.0010
84,0.0086,0.0063,0.0071,0.0035,0.0019,0.0030,0.0007,0.0010
85,0.0085,0.0059,0.0070,0.0035,0.0012,0.0023,0.0006,0.0009
86,0.0085,0.0056,0.0070,0.0035,0.0006,0.0015,0.0006,0.0010
87,0.0085,0.0058,0.0071,0.0035,0.0011,0.0021,0.0007,0.0010
88,0.0087,0.0065,0.0071,0.0035,0.0022,0.0034,0.0008,0.0011
89,0.0088,0.0067,0.0071,0.0035,0.0023,0.0036,0.0008,0.0011
90,0.0087,0.0065,0.0071,0.0035,0.0020,0.0033,0.0008,0.0010
91,0.0085,0.0056,0.0071,0.0038,0.0014,0.0015,0.0008,0.0018
92,0.0085,0.0061,0.0071,0.0035,0.0014,0.0027,0.0009,0.0011
93,0.0085,0.0058,0.0071,0.0036,0.0007,0.0021,0.0010,0.0011
94,0.0085,0.0056,0.0071,0.0036,0.0010,0.0016,0.0011,0.0013
95,0.0086,0.0056,0.0071,0.0037,0.0016,0.0014,0.0012,0.0015
96,0.0088,0.0056,0.0072,0.0038,0.0023,0.0015,0.0013,0.0017
97,0.0089,0.0057,0.0076,0.0039,0.0027,0.0018,0.0026,0.0015
98,0.0085,0.0057,0.0074,0.0038,0.0008,0.0018,0.0020,0.0014
99,0.0087,0.0056,0.0072,0.0037,0.0021,0.0016,0.0016,0.0012
100,0.0088,0.0055,0.0072,0.0036,0.0024,0.0013,0.0013,0.0012
101,0.0086,0.0055,0.0071,0.0036,0.0017,0.0011,0.0012,0.0011
102,0.0086,0.0057,0.0071,0.0039,0.0017,0.0018,0.0009,0.0019
103,0.0085,0.0055,0.0071,0.0036,0.0009,0.0014,0.0011,0.0011
104,0.0085,0.0055,0.0071,0.0035,0.0006,0.0013,0.0010,0.0010
105,0.0085,0.0055,0.0071,0.0035,0.0006,0.0010,0.0009,0.0010
106,0.0085,0.0054,0.0071,0.0035,0.0008,0.0009,0.0008,0.0010
107,0.0085,0.0055,0.0071,0.0035,0.0006,0.0012,0.0007,0.0010
108,0.0085,0.0056,0.0070,0.0035,0.0006,0.0015,0.0006,0.0010
109,0.0085,0.0055,0.0071,0.0035,0.0007,0.0013,0.0007,0.0010
110,0.0085,0.0055,0.0071,0.0035,0.0006,0.0012,0.0009,0.0011
111,0.0085,0.0055,0.0071,0.0036,0.0008,0.0012,0.0012,0.0012
112,0.0085,0.0055,0.0072,0.0036,0.0010,0.0012,0.0014,0.0012
113,0.0085,0.0054,0.0071,0.0034,0.0010,0.0009,0.0007,0.0008
114,0.0089,0.0054,0.0071,0.0035,0.0026,0.0010,0.0011,0.0008
115,0.0086,0.0057,0.0072,0.0036,0.0015,0.0015,0.0017,0.0013
116,0.0086,0.0060,0.0073,0.0037,0.0018,0.0024,0.0020,0.0013
117,0.0085,0.0063,0.0074,0.0037,0.0012,0.0030,0.0021,0.0012
118,0.0085,0.0067,0.0074,0.0037,0.0012,0.0036,0.0022,0.0012
119,0.0088,0.0072,0.0074,0.0037,0.0024,0.0041,0.0021,0.0012
120,0.0085,0.0056,0.0070,0.0035,0.0006,0.0015,0.0006,0.0009
121,0.0085,0.0056,0.0070,0.0035,0.0006,0.0015,0.0006,0.0009
122,0.0085,0.0056,0.0070,0.0035,0.0006,0.0015,0.0006,0.0009
123,0.0085,0.0056,0.0070,0.0035,0.0006,0.0015,0.0006,0.0009
124,0.0085,0.0056,0.0070,0.0035,0.0006,0.0015,0.0006,0.0009
125,0.0085,0.0055,0.0071,0.0036,0.0011,0.0011,0.0010,0.0013
126,0.0085,0.0056,0.0070,0.0035,0.0006,0.0015,0.0006,0.0009
127,0.0085,0.0056,0.0070,0.0035,0.0006,0.0015,0.0006,0.0009
128,0.0085,0.0056,0.0070,0.0035,0.0006,0.0015,0.0006,0.0009
129,0.0085,0.0056,0.0070,0.0035,0.0006,0.0015,0.0006,0.0009
130,0.0085,0.0056,0.0070,0.0035,0.0006,0.0015,0.0006,0.0009
131,0.0085,0.0056,0.0070,0.0035,0.0006,0.0015,0.0006,0.0009
132,0.0085,0.0056,0.0070,0.0035,0.0006,0.0015,0.0006,0.0009
133,0.0085,0.0056,0.0070,0.0035,0.0006,0.0015,0.0006,0.0009
134,0.0085,0.0056,0.0070,0.0035,0.0006,0.0015,0.0006,0.0009
135,0.0085,0.0056,0.0070,0.0035,0.0006,0.0015,0.0006,0.0009
136,0.0085,0.0055,0.0071,0.0038,0.0012,0.0014,0.0009,0.0019
137,0.0085,0.0056,0.0070,0.0035,0.0006,0.0015,0.0006,0.0009
138,0.0085,0.0056,0.0070,0.0035,0.0006,0.0015,0.0006,0.0009
139,0.0085,0.0056,0.0070,0.0035,0.0006,0.0015,0.0006,0.0009
140,0.0085,0.0056,0.0070,0.0035,0.0006,0.0015,0.0006,0.0009
141,0.0085,0.0056,0.0070,0.0035,0.0006,0.0015,0.0006,0.0009
142,0.0085,0.0056,0.0071,0.0035,0.0012,0.0015,0.0010,0.0009
143,0.0085,0.0056,0.0071,0.0035,0.0011,0.0014,0.0010,0.0009
144,0.0085,0.0056,0.0070,0.0035,0.0006,0.0016,0.0006,0.0009
145,0.0085,0.0057,0.0070,0.0035,0.0007,0.0018,0.0006,0.0009
146,0.0085,0.0060,0.0071,0.0035,0.0009,0.0023,0.0008,0.0009
147,0.0086,0.0056,0.0071,0.0041,0.0018,0.0016,0.0008,0.0022
148,0.0085,0.0058,0.0070,0.0035,0.0009,0.0022,0.0006,0.0010
149,0.0085,0.0057,0.0070,0.0035,0.0008,0.0019,0.0006,0.0010
150,0.0085,0.0057,0.0071,0.0035,0.0009,0.0017,0.0007,0.0009
151,0.0085,0.0056,0.0071,0.0035,0.0009,0.0016,0.0008,0.0009
152,0.0085,0.0056,0.0071,0.0035,0.0009,0.0016,0.0008,0.0009
153,0.0085,0.0056,0.0071,0.0035,0.0008,0.0014,0.0008,0.0009
154,0.0085,0.0056,0.0071,0.0035,0.0008,0.0015,0.0008,0.0009
155,0.0085,0.0056,0.0071,0.0035,0.0008,0.0016,0.0007,0.0009
156,0.0085,0.0057,0.0070,0.0035,0.0009,0.0019,0.0006,0.0009
157,0.0085,0.0058,0.0070,0.0035,0.0009,0.0021,0.0006,0.0009
158,0.0087,0.0056,0.0071,0.0042,0.0021,0.0016,0.0007,0.0024
159,0.0095,0.0056,0.0072,0.0036,0.0036,0.0017,0.0012,0.0011
160,0.0087,0.0057,0.0072,0.0036,0.0014,0.0016,0.0013,0.0011
161,0.0087,0.0062,0.0072,0.0036,0.0017,0.0028,0.0013,0.0011
162,0.0090,0.0067,0.0071,0.0036,0.0028,0.0037,0.0012,0.0011
163,0.0086,0.0061,0.0071,0.0035,0.0018,0.0027,0.0013,0.0010
164,0.0094,0.0072,0.0071,0.0035,0.0036,0.0043,0.0009,0.0011
165,0.0093,0.0070,0.0071,0.0035,0.0035,0.0041,0.0008,0.0010
166,0.0091,0.0067,0.0071,0.0035,0.0030,0.0037,0.0006,0.0010
167,0.0088,0.0062,0.0070,0.0035,0.0023,0.0030,0.0006,0.0009
168,0.0086,0.0058,0.0071,0.0035,0.0016,0.0023,0.0007,0.0009
169,0.0087,0.0056,0.0071,0.0042,0.0020,0.0016,0.0007,0.0025
170,0.0085,0.0056,0.0071,0.0035,0.0007,0.0013,0.0009,0.0009
171,0.0085,0.0057,0.0071,0.0035,0.0011,0.0017,0.0010,0.0010
172,0.0088,0.0064,0.0071,0.0035,0.0023,0.0031,0.0010,0.0010
173,0.0089,0.0066,0.0071,0.0035,0.0026,0.0035,0.0011,0.0010
174,0.0088,0.0065,0.0071,0.0035,0.0023,0.0033,0.0012,0.0010
175,0.0086,0.0061,0.0071,0.0035,0.0018,0.0027,0.0013,0.0010
176,0.0085,0.0058,0.0072,0.0036,0.0011,0.0019,0.0014,0.0011
177,0.0085,0.0057,0.0072,0.0036,0.0007,0.0013,0.0014,0.0013
178,0.0086,0.0057,0.0072,0.0037,0.0014,0.0015,0.0014,0.0015
179,0.0087,0.0058,0.0072,0.0038,0.0019,0.0018,0.0014,0.0018
180,0.0086,0.0055,0.0071,0.0042,0.0017,0.0014,0.0007,0.0024
181,0.0087,0.0058,0.0076,0.0040,0.0022,0.0017,0.0026,0.0013
182,0.0085,0.0058,0.0073,0.0039,0.0013,0.0017,0.0020,0.0013
183,0.0089,0.0057,0.0072,0.0038,0.0025,0.0015,0.0016,0.0012
184,0.0089,0.0056,0.0072,0.0038,0.0025,0.0014,0.0014,0.0012
185,0.0086,0.0057,0.0071,0.0037,0.0018,0.0018,0.0013,0.0011
186,0.0085,0.0059,0.0071,0.0036,0.0009,0.0024,0.0013,0.0011
187,0.0085,0.0057,0.0071,0.0036,0.0008,0.0020,0.0012,0.0010
188,0.0085,0.0056,0.0071,0.0035,0.0007,0.0016,0.0011,0.0010
189,0.0085,0.0055,0.0071,0.0035,0.0006,0.0013,0.0010,0.0010
190,0.0085,0.0055,0.0071,0.0035,0.0008,0.0012,0.0009,0.0009
191,0.0085,0.0054,0.0070,0.0040,0.0011,0.0011,0.0006,0.0021
192,0.0085,0.0056,0.0071,0.0035,0.0008,0.0015,0.0007,0.0010
193,0.0085,0.0055,0.0070,0.0035,0.0006,0.0011,0.0006,0.0010
194,0.0085,0.0055,0.0071,0.0036,0.0009,0.0012,0.0006,0.0012
195,0.0085,0.0056,0.0071,0.0037,0.0010,0.0014,0.0008,0.0014
196,0.0085,0.0057,0.0071,0.0038,0.0010,0.0017,0.0011,0.0015
197,0.0086,0.0056,0.0072,0.0038,0.0016,0.0013,0.0014,0.0016
198,0.0086,0.0059,0.0072,0.0039,0.0019,0.0018,0.0017,0.0015
199,0.0085,0.0062,0.0073,0.0039,0.0014,0.0026,0.0019,0.0014
200,0.0085,0.0066,0.0073,0.0039,0.0008,0.0033,0.0019,0.0013
201,0.0088,0.0072,0.0073,0.0039,0.0024,0.0041,0.0019,0.0012
202,0.0085,0.0054,0.0070,0.0038,0.0008,0.0009,0.0006,0.0018
203,0.0085,0.0056,0.0071,0.0035,0.0008,0.0015,0.0008,0.0009
204,0.0085,0.0056,0.0071,0.0035,0.0008,0.0015,0.0008,0.0009
205,0.0085,0.0056,0.0071,0.0035,0.0008,0.0015,0.0008,0.0009
206,0.0085,0.0056,0.0071,0.0035,0.0008,0.0015,0.0008,0.0009
207,0.0085,0.0056,0.0071,0.0035,0.0008,0.0015,0.0008,0.0009
208,0.0085,0.0056,0.0071,0.0035,0.0008,0.0015,0.0008,0.0009
209,0.0085,0.0056,0.0071,0.0035,0.0008,0.0015,0.0008,0.0009
210,0.0085,0.0056,0.0071,0.0035,0.0008,0.0015,0.0008,0.0009
211,0.0085,0.0056,0.0071,0.0035,0.0008,0.0015,0.0008,0.0009
212,0.0085,0.0056,0.0071,0.0035,0.0008,0.0015,0.0008,0.0009
213,0.0085,0.0054,0.0070,0.0036,0.0007,0.0008,0.0006,0.0014
214,0.0085,0.0056,0.0071,0.0035,0.0008,0.0015,0.0008,0.0009
215,0.0085,0.0056,0.0071,0.0035,0.0008,0.0015,0.0008,0.0009
216,0.0085,0.0056,0.0071,0.0035,0.0008,0.0015,0.0008,0.0009
217,0.0085,0.0056,0.0071,0.0035,0.0008,0.0015,0.0008,0.0009
218,0.0085,0.0056,0.0071,0.0035,0.0008,0.0015,0.0008,0.0009
219,0.0085,0.0056,0.0071,0.0035,0.0008,0.0015,0.0008,0.0009
220,0.0085,0.0056,0.0071,0.0035,0.0008,0.0015,0.0008,0.0009
221,0.0085,0.0056,0.0071,0.0035,0.0008,0.0015,0.0008,0.0009
222,0.0085,0.0056,0.0071,0.0035,0.0008,0.0015,0.0008,0.0009
223,0.0085,0.0056,0.0071,0.0035,0.0008,0.0015,0.0008,0.0009
224,0.0085,0.0054,0.0071,0.0034,0.0009,0.0009,0.0007,0.0007
225,0.0085,0.0054,0.0071,0.0034,0.0009,0.0008,0.0007,0.0008
226,0.0086,0.0067,0.0072,0.0035,0.0013,0.0031,0.0012,0.0009
227,0.0086,0.0066,0.0072,0.0035,0.0013,0.0030,0.0012,0.0009
228,0.0085,0.0056,0.0071,0.0035,0.0010,0.0015,0.0009,0.0009
229,0.0085,0.0056,0.0071,0.0035,0.0007,0.0016,0.0007,0.0009
230,0.0085,0.0061,0.0071,0.0035,0.0013,0.0021,0.0012,0.0009
231,0.0085,0.0058,0.0070,0.0035,0.0012,0.0022,0.0006,0.0010
232,0.0085,0.0057,0.0071,0.0035,0.0012,0.0019,0.0008,0.0010
233,0.0085,0.0057,0.0071,0.0035,0.0011,0.0016,0.0009,0.0009
234,0.0085,0.0056,0.0071,0.0035,0.0012,0.0015,0.0010,0.0009
235,0.0085,0.0056,0.0071,0.0035,0.0012,0.0015,0.0010,0.0009
236,0.0085,0.0054,0.0071,0.0035,0.0009,0.0009,0.0008,0.0010
237,0.0085,0.0056,0.0071,0.0035,0.0012,0.0014,0.0011,0.0009
238,0.0085,0.0056,0.0071,0.0035,0.0011,0.0015,0.0010,0.0009
239,0.0085,0.0056,0.0071,0.0035,0.0011,0.0016,0.0010,0.0009
240,0.0085,0.0057,0.0071,0.0035,0.0012,0.0017,0.0009,0.0009
241,0.0085,0.0058,0.0071,0.0035,0.0013,0.0020,0.0008,0.0009
242,0.0104,0.0058,0.0073,0.0036,0.0047,0.0019,0.0016,0.0011
243,0.0088,0.0057,0.0072,0.0036,0.0012,0.0018,0.0013,0.0012
244,0.0089,0.0062,0.0072,0.0036,0.0020,0.0029,0.0013,0.0012
245,0.0093,0.0067,0.0072,0.0036,0.0032,0.0038,0.0012,0.0012
246,0.0087,0.0060,0.0072,0.0035,0.0022,0.0024,0.0017,0.0010
247,0.0085,0.0054,0.0071,0.0036,0.0008,0.0010,0.0009,0.0014
248,0.0097,0.0072,0.0071,0.0035,0.0041,0.0045,0.0009,0.0011
249,0.0096,0.0071,0.0071,0.0035,0.0040,0.0043,0.0007,0.0011
250,0.0093,0.0067,0.0071,0.0035,0.0035,0.0038,0.0006,0.0010
251,0.0089,0.0062,0.0071,0.0035,0.0027,0.0030,0.0007,0.0009
252,0.0087,0.0059,0.0071,0.0035,0.0020,0.0023,0.0009,0.0009
253,0.0085,0.0056,0.0071,0.0035,0.0010,0.0013,0.0012,0.0009
254,0.0085,0.0057,0.0071,0.0035,0.0014,0.0016,0.0013,0.0010
255,0.0089,0.0062,0.0072,0.0035,0.0026,0.0029,0.0014,0.0010
256,0.0090,0.0064,0.0072,0.0035,0.0029,0.0033,0.0015,0.0010
257,0.0089,0.0063,0.0072,0.0035,0.0027,0.0031,0.0016,0.0010
258,0.0085,0.0055,0.0071,0.0037,0.0008,0.0013,0.0011,0.0016
259,0.0087,0.0060,0.0072,0.0035,0.0022,0.0024,0.0017,0.0010
260,0.0086,0.0058,0.0073,0.0036,0.0016,0.0017,0.0019,0.0011
261,0.0085,0.0058,0.0073,0.0036,0.0009,0.0016,0.0019,0.0012
262,0.0085,0.0059,0.0073,0.0037,0.0010,0.0022,0.0019,0.0014
263,0.0086,0.0062,0.0073,0.0038,0.0015,0.0027,0.0018,0.0017
264,0.0086,0.0058,0.0077,0.0042,0.0019,0.0015,0.0029,0.0013
265,0.0086,0.0058,0.0074,0.0041,0.0017,0.0014,0.0022,0.0014
266,0.0090,0.0057,0.0073,0.0040,0.0028,0.0014,0.0018,0.0014
267,0.0090,0.0057,0.0072,0.0039,0.0028,0.0018,0.0016,0.0014
268,0.0087,0.0060,0.0072,0.0038,0.0020,0.0026,0.0016,0.0013
269,0.0085,0.0055,0.0071,0.0038,0.0009,0.0014,0.0012,0.0017
270,0.0085,0.0062,0.0072,0.0037,0.0011,0.0030,0.0015,0.0012
271,0.0085,0.0060,0.0072,0.0036,0.0010,0.0026,0.0014,0.0011
272,0.0085,0.0058,0.0071,0.0036,0.0009,0.0020,0.0014,0.0010
273,0.0085,0.0056,0.0071,0.0035,0.0008,0.0016,0.0013,0.0010
274,0.0085,0.0056,0.0071,0.0035,0.0011,0.0012,0.0012,0.0009
275,0.0085,0.0056,0.0071,0.0035,0.0012,0.0014,0.0009,0.0010
276,0.0085,0.0056,0.0071,0.0035,0.0009,0.0012,0.0008,0.0011
277,0.0085,0.0056,0.0071,0.0036,0.0012,0.0014,0.0007,0.0013
278,0.0085,0.0057,0.0070,0.0038,0.0013,0.0018,0.0006,0.0015
279,0.0085,0.0058,0.0071,0.0039,0.0014,0.0022,0.0007,0.0017
280,0.0085,0.0055,0.0071,0.0037,0.0009,0.0014,0.0013,0.0017
281,0.0086,0.0057,0.0071,0.0039,0.0018,0.0018,0.0010,0.0018
282,0.0087,0.0057,0.0071,0.0040,0.0022,0.0016,0.0012,0.0017
283,0.0086,0.0059,0.0072,0.0040,0.0017,0.0022,0.0014,0.0015
284,0.0085,0.0063,0.0072,0.0040,0.0006,0.0030,0.0014,0.0013
285,0.0087,0.0069,0.0071,0.0041,0.0021,0.0039,0.0013,0.0012
286,0.0085,0.0056,0.0071,0.0035,0.0012,0.0015,0.0011,0.0009
287,0.0085,0.0056,0.0071,0.0035,0.0012,0.0015,0.0011,0.0009
288,0.0085,0.0056,0.0071,0.0035,0.0012,0.0015,0.0011,0.0009
289,0.0085,0.0056,0.0071,0.0035,0.0012,0.0015,0.0011,0.0009
290,0.0085,0.0056,0.0071,0.0035,0.0012,0.0015,0.0011,0.0009
291,0.0085,0.0055,0.0072,0.0037,0.0008,0.0013,0.0015,0.0015
292,0.0085,0.0056,0.0071,0.0035,0.0012,0.0015,0.0011,0.0009
293,0.0085,0.0056,0.0071,0.0035,0.0012,0.0015,0.0011,0.0009
294,0.0085,0.0056,0.0071,0.0035,0.0012,0.0015,0.0011,0.0009
295,0.0085,0.0056,0.0071,0.0035,0.0012,0.0015,0.0011,0.0009
296,0.0085,0.0056,0.0071,0.0035,0.0012,0.0015,0.0011,0.0009
297,0.0085,0.0056,0.0071,0.0035,0.0012,0.0015,0.0011,0.0009
298,0.0085,0.0056,0.0071,0.0035,0.0012,0.0015,0.0011,0.0009
299,0.0085,0.0056,0.0071,0.0035,0.0012,0.0015,0.0011,0.0009
300,0.0085,0.0056,0.0071,0.0035,0.0012,0.0015,0.0011,0.0009
301,0.0085,0.0056,0.0071,0.0035,0.0012,0.0015,0.0011,0.0009
302,0.0085,0.0055,0.0072,0.0035,0.0011,0.0011,0.0017,0.0011
303,0.0085,0.0056,0.0071,0.0035,0.0012,0.0015,0.0011,0.0009
304,0.0085,0.0056,0.0071,0.0035,0.0012,0.0015,0.0011,0.0009
305,0.0085,0.0056,0.0071,0.0035,0.0012,0.0015,0.0011,0.0009
306,0.0085,0.0056,0.0071,0.0035,0.0012,0.0015,0.0011,0.0009
307,0.0085,0.0056,0.0071,0.0035,0.0012,0.0015,0.0011,0.0009
308,0.0085,0.0063,0.0071,0.0035,0.0011,0.0028,0.0010,0.0009
309,0.0085,0.0062,0.0071,0.0035,0.0013,0.0026,0.0011,0.0009
310,0.0085,0.0063,0.0071,0.0035,0.0011,0.0028,0.0009,0.0009
311,0.0085,0.0064,0.0071,0.0035,0.0010,0.0031,0.0009,0.0009
312,0.0085,0.0060,0.0071,0.0035,0.0014,0.0019,0.0013,0.0009
313,0.0086,0.0054,0.0073,0.0035,0.0017,0.0008,0.0018,0.0010
314,0.0085,0.0065,0.0071,0.0035,0.0013,0.0033,0.0009,0.0010
315,0.0085,0.0064,0.0071,0.0035,0.0013,0.0031,0.0010,0.0010
316,0.0085,0.0063,0.0071,0.0035,0.0012,0.0029,0.0010,0.0009
317,0.0085,0.0063,0.0071,0.0035,0.0012,0.0027,0.0010,0.0009
318,0.0085,0.0062,0.0071,0.0035,0.0012,0.0026,0.0011,0.0009
319,0.0085,0.0063,0.0071,0.0035,0.0013,0.0027,0.0011,0.0009
320,0.0085,0.0063,0.0071,0.0035,0.0012,0.0027,0.0011,0.0009
321,0.0085,0.0063,0.0071,0.0035,0.0012,0.0028,0.0010,0.0009
322,0.0085,0.0064,0.0071,0.0035,0.0012,0.0030,0.0010,0.0009
323,0.0085,0.0066,0.0071,0.0035,0.0013,0.0033,0.0010,0.0009
324,0.0088,0.0054,0.0073,0.0038,0.0025,0.0010,0.0020,0.0017
325,0.0099,0.0061,0.0073,0.0036,0.0043,0.0024,0.0015,0.0012
326,0.0089,0.0061,0.0073,0.0036,0.0020,0.0022,0.0016,0.0012
327,0.0088,0.0066,0.0072,0.0036,0.0021,0.0034,0.0017,0.0011
328,0.0091,0.0072,0.0072,0.0036,0.0029,0.0044,0.0016,0.0011
329,0.0087,0.0075,0.0072,0.0035,0.0023,0.0047,0.0014,0.0010
330,0.0095,0.0078,0.0072,0.0035,0.0040,0.0053,0.0014,0.0011
331,0.0094,0.0077,0.0071,0.0035,0.0038,0.0051,0.0012,0.0010
332,0.0091,0.0074,0.0071,0.0035,0.0033,0.0047,0.0010,0.0010
333,0.0089,0.0070,0.0071,0.0035,0.0026,0.0041,0.0009,0.0009
334,0.0087,0.0066,0.0071,0.0035,0.0020,0.0035,0.0010,0.0009
335,0.0085,0.0054,0.0071,0.0034,0.0008,0.0009,0.0007,0.0007
336,0.0085,0.0054,0.0070,0.0035,0.0009,0.0008,0.0006,0.0010
337,0.0085,0.0062,0.0071,0.0035,0.0011,0.0023,0.0012,0.0009
338,0.0085,0.0064,0.0071,0.0035,0.0014,0.0030,0.0012,0.0010
339,0.0088,0.0073,0.0071,0.0035,0.0025,0.0045,0.0012,0.0010
340,0.0090,0.0079,0.0072,0.0035,0.0029,0.0053,0.0013,0.0010
341,0.0089,0.0079,0.0072,0.0035,0.0027,0.0052,0.0013,0.0010
342,0.0087,0.0075,0.0072,0.0035,0.0023,0.0047,0.0014,0.0010
343,0.0086,0.0071,0.0072,0.0036,0.0017,0.0040,0.0015,0.0011
344,0.0086,0.0067,0.0073,0.0036,0.0011,0.0031,0.0015,0.0012
345,0.0086,0.0065,0.0073,0.0037,0.0012,0.0026,0.0015,0.0014
346,0.0087,0.0064,0.0073,0.0038,0.0018,0.0025,0.0016,0.0017
347,0.0085,0.0054,0.0070,0.0035,0.0009,0.0008,0.0006,0.0010
348,0.0087,0.0070,0.0075,0.0048,0.0021,0.0035,0.0024,0.0019
349,0.0086,0.0068,0.0072,0.0044,0.0017,0.0033,0.0017,0.0015
350,0.0089,0.0065,0.0072,0.0042,0.0028,0.0028,0.0014,0.0014
351,0.0088,0.0062,0.0071,0.0040,0.0026,0.0022,0.0013,0.0013
352,0.0086,0.0063,0.0071,0.0039,0.0017,0.0026,0.0013,0.0012
353,0.0085,0.0063,0.0071,0.0038,0.0012,0.0029,0.0012,0.0012
354,0.0085,0.0062,0.0071,0.0037,0.0011,0.0027,0.0012,0.0011
355,0.0085,0.0061,0.0071,0.0036,0.0010,0.0023,0.0012,0.0011
356,0.0085,0.0061,0.0071,0.0035,0.0010,0.0021,0.0012,0.0010
357,0.0085,0.0062,0.0071,0.0035,0.0012,0.0023,0.0011,0.0009
358,0.0085,0.0054,0.0070,0.0035,0.0009,0.0008,0.0006,0.0010
359,0.0085,0.0062,0.0071,0.0035,0.0012,0.0025,0.0010,0.0010
360,0.0085,0.0061,0.0071,0.0035,0.0011,0.0021,0.0010,0.0011
361,0.0085,0.0061,0.0071,0.0036,0.0011,0.0019,0.0010,0.0013
362,0.0085,0.0061,0.0071,0.0038,0.0013,0.0022,0.0011,0.0015
363,0.0085,0.0061,0.0072,0.0039,0.0014,0.0023,0.0013,0.0017
364,0.0085,0.0061,0.0072,0.0040,0.0015,0.0022,0.0016,0.0017
365,0.0086,0.0062,0.0073,0.0040,0.0018,0.0022,0.0019,0.0015
366,0.0085,0.0066,0.0074,0.0041,0.0014,0.0031,0.0021,0.0014
367,0.0086,0.0071,0.0074,0.0043,0.0015,0.0041,0.0022,0.0014
368,0.0091,0.0080,0.0074,0.0046,0.0033,0.0052,0.0021,0.0020
369,0.0085,0.0054,0.0070,0.0035,0.0009,0.0008,0.0006,0.0010
370,0.0085,0.0062,0.0071,0.0035,0.0012,0.0026,0.0011,0.0009
371,0.0085,0.0062,0.0071,0.0035,0.0012,0.0026,0.0011,0.0009
372,0.0085,0.0062,0.0071,0.0035,0.0012,0.0026,0.0011,0.0009
373,0.0085,0.0062,0.0071,0.0035,0.0012,0.0026,0.0011,0.0009
374,0.0085,0.0062,0.0071,0.0035,0.0012,0.0026,0.0011,0.0009
375,0.0085,0.0062,0.0071,0.0035,0.0012,0.0026,0.0011,0.0009
376,0.0085,0.0062,0.0071,0.0035,0.0012,0.0026,0.0011,0.0009
377,0.0085,0.0062,0.0071,0.0035,0.0012,0.0026,0.0011,0.0009
378,0.0085,0.0062,0.0071,0.0035,0.0012,0.0026,0.0011,0.0009
379,0.0085,0.0062,0.0071,0.0035,0.0012,0.0026,0.0011,0.0009
380,0.0085,0.0054,0.0070,0.0035,0.0009,0.0008,0.0006,0.0010
381,0.0085,0.0062,0.0071,0.0035,0.0012,0.0026,0.0011,0.0009
382,0.0085,0.0062,0.0071,0.0035,0.0012,0.0026,0.0011,0.0009
383,0.0085,0.0062,0.0071,0.0035,0.0012,0.0026,0.0011,0.0009
384,0.0085,0.0062,0.0071,0.0035,0.0012,0.0026,0.0011,0.0009
385,0.0085,0.0062,0.0071,0.0035,0.0012,0.0026,0.0011,0.0009
386,0.0085,0.0062,0.0071,0.0035,0.0012,0.0026,0.0011,0.0009
387,0.0085,0.0062,0.0071,0.0035,0.0012,0.0026,0.0011,0.0009
388,0.0085,0.0062,0.0071,0.0035,0.0012,0.0026,0.0011,0.0009
389,0.0085,0.0062,0.0071,0.0035,0.0012,0.0026,0.0011,0.0009
390,0.0085,0.0062,0.0071,0.0035,0.0012,0.0026,0.0011,0.0009
391,0.0085,0.0054,0.0070,0.0035,0.0009,0.0008,0.0006,0.0010
392,0.0085,0.0061,0.0071,0.0035,0.0011,0.0025,0.0008,0.0009
393,0.0085,0.0060,0.0071,0.0035,0.0012,0.0024,0.0009,0.0009
394,0.0085,0.0060,0.0071,0.0035,0.0013,0.0023,0.0010,0.0009
395,0.0085,0.0060,0.0071,0.0035,0.0013,0.0023,0.0010,0.0009
396,0.0085,0.0060,0.0071,0.0035,0.0013,0.0020,0.0010,0.0009
397,0.0085,0.0063,0.0071,0.0035,0.0013,0.0029,0.0008,0.0010
398,0.0085,0.0062,0.0071,0.0035,0.0013,0.0027,0.0008,0.0010
399,0.0085,0.0061,0.0071,0.0035,0.0013,0.0025,0.0009,0.0009
400,0.0085,0.0060,0.0071,0.0035,0.0012,0.0023,0.0010,0.0009
401,0.0085,0.0060,0.0071,0.0035,0.0012,0.0023,0.0010,0.0009
402,0.0085,0.0054,0.0070,0.0035,0.0009,0.0008,0.0006,0.0010
403,0.0085,0.0061,0.0071,0.0035,0.0013,0.0024,0.0010,0.0009
404,0.0085,0.0061,0.0071,0.0035,0.0013,0.0024,0.0010,0.0009
405,0.0085,0.0061,0.0071,0.0035,0.0013,0.0025,0.0010,0.0009
406,0.0085,0.0061,0.0071,0.0035,0.0013,0.0026,0.0009,0.0009
407,0.0085,0.0063,0.0071,0.0035,0.0014,0.0029,0.0009,0.0009
408,0.0097,0.0061,0.0072,0.0036,0.0039,0.0024,0.0014,0.0013
409,0.0088,0.0060,0.0072,0.0036,0.0018,0.0021,0.0016,0.0012
410,0.0088,0.0064,0.0072,0.0036,0.0021,0.0034,0.0016,0.0012
411,0.0092,0.0071,0.0072,0.0036,0.0031,0.0043,0.0016,0.0012
412,0.0088,0.0069,0.0072,0.0035,0.0025,0.0040,0.0017,0.0010
413,0.0085,0.0054,0.0070,0.0035,0.0009,0.0008,0.0006,0.0010
414,0.0096,0.0077,0.0072,0.0035,0.0041,0.0051,0.0014,0.0011
415,0.0095,0.0075,0.0071,0.0035,0.0039,0.0049,0.0012,0.0010
416,0.0092,0.0072,0.0071,0.0035,0.0035,0.0045,0.0010,0.0010
417,0.0089,0.0067,0.0071,0.0035,0.0028,0.0039,0.0008,0.0009
418,0.0087,0.0064,0.0071,0.0035,0.0022,0.0032,0.0009,0.0009
419,0.0085,0.0060,0.0071,0.0035,0.0011,0.0020,0.0012,0.0009
420,0.0086,0.0061,0.0071,0.0035,0.0016,0.0026,0.0013,0.0010
421,0.0089,0.0069,0.0071,0.0035,0.0027,0.0040,0.0013,0.0010
422,0.0090,0.0074,0.0072,0.0035,0.0031,0.0047,0.0014,0.0010
423,0.0090,0.0072,0.0072,0.0035,0.0029,0.0046,0.0015,0.0010
424,0.0085,0.0054,0.0070,0.0035,0.0009,0.0008,0.0006,0.0010
425,0.0088,0.0069,0.0072,0.0035,0.0025,0.0040,0.0017,0.0010
426,0.0086,0.0065,0.0073,0.0035,0.0020,0.0032,0.0018,0.0010
427,0.0085,0.0062,0.0073,0.0036,0.0013,0.0022,0.0019,0.0011
428,0.0085,0.0062,0.0073,0.0036,0.0009,0.0022,0.0019,0.0012
429,0.0086,0.0063,0.0074,0.0037,0.0014,0.0025,0.0018,0.0015
430,0.0086,0.0064,0.0077,0.0045,0.0019,0.0024,0.0029,0.0015
431,0.0086,0.0063,0.0073,0.0043,0.0019,0.0024,0.0021,0.0013
432,0.0090,0.0061,0.0072,0.0041,0.0029,0.0021,0.0017,0.0012
433,0.0089,0.0061,0.0072,0.0039,0.0028,0.0021,0.0015,0.0012
434,0.0086,0.0062,0.0072,0.0038,0.0019,0.0029,0.0014,0.0012
435,0.0085,0.0054,0.0070,0.0035,0.0009,0.0008,0.0006,0.0010
436,0.0085,0.0063,0.0071,0.0037,0.0012,0.0031,0.0014,0.0012
437,0.0085,0.0062,0.0071,0.0036,0.0010,0.0028,0.0013,0.0011
438,0.0085,0.0060,0.0071,0.0036,0.0010,0.0023,0.0012,0.0010
439,0.0085,0.0059,0.0071,0.0035,0.0009,0.0019,0.0011,0.0010
440,0.0085,0.0060,0.0071,0.0035,0.0012,0.0020,0.0011,0.0009
441,0.0085,0.0060,0.0071,0.0035,0.0012,0.0022,0.0010,0.0009
442,0.0085,0.0059,0.0071,0.0035,0.0011,0.0018,0.0009,0.0011
443,0.0085,0.0059,0.0071,0.0036,0.0012,0.0018,0.0009,0.0013
444,0.0085,0.0060,0.0071,0.0037,0.0013,0.0022,0.0009,0.0015
445,0.0086,0.0061,0.0071,0.0038,0.0015,0.0024,0.0010,0.0016
446,0.0085,0.0054,0.0071,0.0034,0.0007,0.0010,0.0008,0.0007
447,0.0085,0.0054,0.0070,0.0035,0.0009,0.0008,0.0006,0.0010
448,0.0086,0.0060,0.0071,0.0039,0.0017,0.0022,0.0012,0.0015
449,0.0087,0.0061,0.0072,0.0039,0.0021,0.0020,0.0014,0.0014
450,0.0086,0.0063,0.0072,0.0040,0.0016,0.0029,0.0016,0.0013
451,0.0085,0.0069,0.0072,0.0043,0.0009,0.0038,0.0015,0.0015
452,0.0088,0.0076,0.0072,0.0047,0.0026,0.0049,0.0013,0.0023
453,0.0085,0.0060,0.0071,0.0035,0.0013,0.0023,0.0010,0.0009
454,0.0085,0.0060,0.0071,0.0035,0.0013,0.0023,0.0010,0.0009
455,0.0085,0.0060,0.0071,0.0035,0.0013,0.0023,0.0010,0.0009
456,0.0085,0.0060,0.0071,0.0035,0.0013,0.0023,0.0010,0.0009
457,0.0085,0.0060,0.0071,0.0035,0.0013,0.0023,0.0010,0.0009
458,0.0085,0.0054,0.0070,0.0035,0.0009,0.0008,0.0006,0.0010
459,0.0085,0.0060,0.0071,0.0035,0.0013,0.0023,0.0010,0.0009
460,0.0085,0.0060,0.0071,0.0035,0.0013,0.0023,0.0010,0.0009
461,0.0085,0.0060,0.0071,0.0035,0.0013,0.0023,0.0010,0.0009
462,0.0085,0.0060,0.0071,0.0035,0.0013,0.0023,0.0010,0.0009
463,0.0085,0.0060,0.0071,0.0035,0.0013,0.0023,0.0010,0.0009
464,0.0085,0.0060,0.0071,0.0035,0.0013,0.0023,0.0010,0.0009
465,0.0085,0.0060,0.0071,0.0035,0.0013,0.0023,0.0010,0.0009
466,0.0085,0.0060,0.0071,0.0035,0.0013,0.0023,0.0010,0.0009
467,0.0085,0.0060,0.0071,0.0035,0.0013,0.0023,0.0010,0.0009
468,0.0085,0.0060,0.0071,0.0035,0.0013,0.0023,0.0010,0.0009
469,0.0085,0.0054,0.0070,0.0035,0.0009,0.0008,0.0006,0.0010
470,0.0085,0.0060,0.0071,0.0035,0.0013,0.0023,0.0010,0.0009
471,0.0085,0.0060,0.0071,0.0035,0.0013,0.0023,0.0010,0.0009
472,0.0085,0.0060,0.0071,0.0035,0.0013,0.0023,0.0010,0.0009
473,0.0085,0.0060,0.0071,0.0035,0.0013,0.0023,0.0010,0.0009
474,0.0085,0.0060,0.0071,0.0035,0.0013,0.0023,0.0010,0.0009
475,0.0085,0.0059,0.0071,0.0035,0.0013,0.0021,0.0010,0.0009
476,0.0085,0.0059,0.0071,0.0035,0.0013,0.0021,0.0011,0.0009
477,0.0085,0.0059,0.0071,0.0035,0.0011,0.0022,0.0009,0.0009
478,0.0085,0.0060,0.0071,0.0035,0.0008,0.0026,0.0007,0.0009
479,0.0085,0.0059,0.0071,0.0035,0.0008,0.0024,0.0009,0.0009
480,0.0085,0.0054,0.0070,0.0035,0.0009,0.0008,0.0006,0.0010
481,0.0085,0.0061,0.0071,0.0035,0.0012,0.0028,0.0008,0.0011
482,0.0085,0.0060,0.0071,0.0035,0.0012,0.0026,0.0008,0.0010
483,0.0085,0.0060,0.0071,0.0035,0.0011,0.0024,0.0008,0.0009
484,0.0085,0.0059,0.0071,0.0035,0.0011,0.0022,0.0008,0.0009
485,0.0085,0.0059,0.0071,0.0035,0.0011,0.0022,0.0008,0.0009
486,0.0085,0.0059,0.0071,0.0035,0.0012,0.0024,0.0008,0.0009
487,0.0085,0.0060,0.0071,0.0035,0.0011,0.0024,0.0008,0.0009
488,0.0085,0.0060,0.0071,0.0035,0.0011,0.0025,0.0008,0.0009
489,0.0085,0.0060,0.0071,0.0035,0.0011,0.0026,0.0008,0.0009
490,0.0085,0.0062,0.0071,0.0035,0.0013,0.0029,0.0008,0.0009
491,0.0085,0.0054,0.0070,0.0035,0.0009,0.0008,0.0006,0.0010
492,0.0097,0.0059,0.0072,0.0037,0.0040,0.0023,0.0014,0.0013
493,0.0089,0.0058,0.0072,0.0036,0.0018,0.0020,0.0016,0.0013
494,0.0088,0.0063,0.0073,0.0036,0.0019,0.0032,0.0017,0.0012
495,0.0091,0.0069,0.0072,0.0036,0.0029,0.0041,0.0018,0.0012
496,0.0088,0.0068,0.0072,0.0035,0.0025,0.0040,0.0015,0.0010
497,0.0095,0.0075,0.0072,0.0035,0.0038,0.0050,0.0016,0.0011
498,0.0093,0.0074,0.0071,0.0035,0.0037,0.0048,0.0014,0.0010
499,0.0091,0.0070,0.0071,0.0035,0.0032,0.0044,0.0012,0.0009
500,0.0088,0.0066,0.0071,0.0035,0.0026,0.0038,0.0009,0.0009
501,0.0086,0.0063,0.0071,0.0035,0.0020,0.0032,0.0008,0.0009
502,0.0085,0.0054,0.0070,0.0035,0.0009,0.0008,0.0006,0.0010
503,0.0085,0.0058,0.0071,0.0035,0.0009,0.0019,0.0010,0.0009
504,0.0085,0.0060,0.0071,0.0035,0.0015,0.0026,0.0011,0.0009
505,0.0088,0.0069,0.0071,0.0035,0.0026,0.0041,0.0011,0.0010
506,0.0090,0.0074,0.0071,0.0035,0.0030,0.0048,0.0012,0.0010
507,0.0090,0.0073,0.0072,0.0035,0.0029,0.0046,0.0013,0.0010
508,0.0088,0.0068,0.0072,0.0035,0.0025,0.0040,0.0015,0.0010
509,0.0086,0.0063,0.0072,0.0035,0.0020,0.0031,0.0017,0.0010
510,0.0085,0.0060,0.0073,0.0036,0.0013,0.0022,0.0018,0.0010
511,0.0085,0.0060,0.0073,0.0036,0.0009,0.0021,0.0018,0.0011
512,0.0085,0.0062,0.0074,0.0037,0.0013,0.0026,0.0018,0.0013
513,0.0085,0.0054,0.0070,0.0035,0.0009,0.0008,0.0006,0.0010
514,0.0086,0.0062,0.0077,0.0045,0.0019,0.0021,0.0029,0.0016
515,0.0086,0.0061,0.0073,0.0042,0.0017,0.0021,0.0021,0.0014
516,0.0089,0.0060,0.0072,0.0041,0.0027,0.0018,0.0016,0.0012
517,0.0088,0.0059,0.0072,0.0039,0.0026,0.0019,0.0014,0.0011
518,0.0086,0.0061,0.0071,0.0038,0.0017,0.0027,0.0013,0.0011
519,0.0085,0.0062,0.0071,0.0037,0.0010,0.0030,0.0012,0.0011
520,0.0085,0.0060,0.0071,0.0036,0.0009,0.0027,0.0011,0.0010
521,0.0085,0.0059,0.0071,0.0036,0.0008,0.0021,0.0010,0.0010
522,0.0085,0.0058,0.0071,0.0035,0.0008,0.0017,0.0009,0.0010
523,0.0085,0.0058,0.0071,0.0035,0.0010,0.0019,0.0009,0.0009
524,0.0085,0.0054,0.0070,0.0035,0.0009,0.0008,0.0006,0.0010
525,0.0085,0.0059,0.0071,0.0035,0.0011,0.0022,0.0008,0.0009
526,0.0085,0.0058,0.0071,0.0035,0.0009,0.0017,0.0008,0.0010
527,0.0085,0.0058,0.0071,0.0036,0.0011,0.0016,0.0008,0.0012
528,0.0085,0.0058,0.0071,0.0037,0.0012,0.0019,0.0009,0.0013
529,0.0085,0.0059,0.0071,0.0037,0.0014,0.0021,0.0010,0.0013
530,0.0086,0.0059,0.0071,0.0038,0.0017,0.0019,0.0012,0.0013
531,0.0087,0.0059,0.0072,0.0039,0.0020,0.0020,0.0014,0.0013
532,0.0086,0.0063,0.0072,0.0041,0.0016,0.0031,0.0015,0.0015
533,0.0085,0.0069,0.0072,0.0045,0.0009,0.0041,0.0014,0.0022
534,0.0088,0.0078,0.0071,0.0052,0.0025,0.0051,0.0011,0.0030
535,0.0085,0.0054,0.0070,0.0035,0.0009,0.0008,0.0006,0.0010
536,0.0085,0.0059,0.0071,0.0035,0.0011,0.0023,0.0008,0.0009
537,0.0085,0.0059,0.0071,0.0035,0.0011,0.0023,0.0008,0.0009
538,0.0085,0.0059,0.0071,0.0035,0.0011,0.0023,0.0008,0.0009
539,0.0085,0.0059,0.0071,0.0035,0.0011,0.0023,0.0008,0.0009
540,0.0085,0.0059,0.0071,0.0035,0.0011,0.0023,0.0008,0.0009
541,0.0085,0.0059,0.0071,0.0035,0.0011,0.0023,0.0008,0.0009
542,0.0085,0.0059,0.0071,0.0035,0.0011,0.0023,0.0008,0.0009
543,0.0085,0.0059,0.0071,0.0035,0.0011,0.0023,0.0008,0.0009
544,0.0085,0.0059,0.0071,0.0035,0.0011,0.0023,0.0008,0.0009
545,0.0085,0.0059,0.0071,0.0035,0.0011,0.0023,0.0008,0.0009
546,0.0085,0.0054,0.0070,0.0035,0.0009,0.0008,0.0006,0.0010
547,0.0085,0.0059,0.0071,0.0035,0.0011,0.0023,0.0008,0.0009
548,0.0085,0.0059,0.0071,0.0035,0.0011,0.0023,0.0008,0.0009
549,0.0085,0.0059,0.0071,0.0035,0.0011,0.0023,0.0008,0.0009
550,0.0085,0.0059,0.0071,0.0035,0.0011,0.0023,0.0008,0.0009
551,0.0085,0.0059,0.0071,0.0035,0.0011,0.0023,0.0008,0.0009
552,0.0085,0.0059,0.0071,0.0035,0.0011,0.0023,0.0008,0.0009
553,0.0085,0.0059,0.0071,0.0035,0.0011,0.0023,0.0008,0.0009
554,0.0085,0.0059,0.0071,0.0035,0.0011,0.0023,0.0008,0.0009
555,0.0085,0.0059,0.0071,0.0035,0.0011,0.0023,0.0008,0.0009
556,0.0085,0.0059,0.0071,0.0035,0.0011,0.0023,0.0008,0.0009
557,0.0104,0.0057,0.0071,0.0035,0.0048,0.0017,0.0008,0.0009
558,0.0085,0.0056,0.0071,0.0035,0.0008,0.0015,0.0007,0.0009
559,0.0085,0.0055,0.0071,0.0035,0.0008,0.0010,0.0007,0.0009
560,0.0085,0.0054,0.0070,0.0035,0.0007,0.0007,0.0005,0.0011
561,0.0085,0.0054,0.0070,0.0035,0.0009,0.0007,0.0006,0.0011
562,0.0085,0.0054,0.0071,0.0035,0.0009,0.0008,0.0007,0.0011
563,0.0085,0.0054,0.0071,0.0035,0.0011,0.0008,0.0007,0.0010
564,0.0085,0.0054,0.0071,0.0035,0.0010,0.0008,0.0007,0.0010
565,0.0085,0.0054,0.0071,0.0035,0.0010,0.0008,0.0007,0.0010
566,0.0085,0.0054,0.0071,0.0035,0.0010,0.0009,0.0007,0.0010
567,0.0085,0.0054,0.0071,0.0035,0.0009,0.0009,0.0007,0.0010
568,0.0094,0.0057,0.0071,0.0035,0.0033,0.0017,0.0008,0.0009
569,0.0085,0.0054,0.0071,0.0035,0.0009,0.0009,0.0007,0.0010
570,0.0085,0.0054,0.0071,0.0035,0.0010,0.0009,0.0007,0.0010
571,0.0085,0.0054,0.0070,0.0035,0.0010,0.0009,0.0007,0.0010
572,0.0085,0.0054,0.0070,0.0035,0.0011,0.0010,0.0007,0.0010
573,0.0085,0.0055,0.0070,0.0035,0.0012,0.0012,0.0007,0.0010
574,0.0091,0.0055,0.0071,0.0036,0.0027,0.0012,0.0012,0.0010
575,0.0086,0.0056,0.0071,0.0035,0.0016,0.0016,0.0012,0.0010
576,0.0085,0.0058,0.0071,0.0035,0.0011,0.0023,0.0012,0.0009
577,0.0085,0.0060,0.0071,0.0035,0.0014,0.0026,0.0011,0.0009
578,0.0086,0.0054,0.0071,0.0035,0.0016,0.0009,0.0010,0.0011
579,0.0088,0.0056,0.0071,0.0035,0.0021,0.0016,0.0010,0.0008
580,0.0086,0.0060,0.0071,0.0035,0.0017,0.0025,0.0009,0.0009
581,0.0086,0.0058,0.0071,0.0035,0.0016,0.0021,0.0007,0.0009
582,0.0085,0.0056,0.0070,0.0035,0.0014,0.0016,0.0006,0.0010
583,0.0085,0.0055,0.0070,0.0035,0.0013,0.0011,0.0006,0.0010
584,0.0085,0.0054,0.0070,0.0035,0.0011,0.0008,0.0006,0.0010
585,0.0086,0.0054,0.0071,0.0035,0.0019,0.0010,0.0008,0.0010
586,0.0089,0.0056,0.0071,0.0035,0.0027,0.0016,0.0009,0.0010
587,0.0090,0.0056,0.0071,0.0035,0.0029,0.0017,0.0009,0.0010
588,0.0089,0.0056,0.0071,0.0035,0.0027,0.0016,0.0009,0.0010
589,0.0087,0.0055,0.0071,0.0035,0.0022,0.0012,0.0010,0.0010
590,0.0086,0.0056,0.0071,0.0035,0.0014,0.0015,0.0010,0.0008
591,0.0086,0.0054,0.0071,0.0035,0.0016,0.0009,0.0010,0.0011
592,0.0085,0.0054,0.0071,0.0036,0.0010,0.0009,0.0010,0.0012
593,0.0085,0.0054,0.0071,0.0036,0.0009,0.0010,0.0010,0.0014
594,0.0085,0.0054,0.0071,0.0037,0.0015,0.0010,0.0010,0.0015
595,0.0087,0.0054,0.0071,0.0037,0.0020,0.0011,0.0010,0.0016
596,0.0089,0.0056,0.0078,0.0038,0.0028,0.0016,0.0029,0.0019
597,0.0085,0.0055,0.0075,0.0035,0.0009,0.0011,0.0024,0.0011
598,0.0087,0.0054,0.0074,0.0035,0.0021,0.0009,0.0021,0.0009
599,0.0089,0.0054,0.0073,0.0036,0.0028,0.0009,0.0018,0.0013
600,0.0090,0.0054,0.0072,0.0037,0.0029,0.0009,0.0016,0.0016
601,0.0085,0.0055,0.0072,0.0038,0.0009,0.0014,0.0017,0.0018
602,0.0088,0.0054,0.0072,0.0038,0.0025,0.0010,0.0014,0.0019
603,0.0086,0.0055,0.0071,0.0039,0.0019,0.0012,0.0013,0.0019
604,0.0085,0.0055,0.0071,0.0038,0.0014,0.0011,0.0011,0.0018
605,0.0085,0.0054,0.0071,0.0037,0.0011,0.0010,0.0010,0.0016
606,0.0085,0.0054,0.0071,0.0036,0.0009,0.0010,0.0008,0.0013
607,0.0085,0.0054,0.0070,0.0035,0.0010,0.0009,0.0006,0.0009
608,0.0085,0.0054,0.0070,0.0035,0.0011,0.0008,0.0006,0.0009
609,0.0085,0.0054,0.0070,0.0035,0.0014,0.0009,0.0006,0.0011
610,0.0086,0.0055,0.0071,0.0036,0.0019,0.0010,0.0007,0.0013
611,0.0088,0.0055,0.0071,0.0036,0.0024,0.0013,0.0008,0.0014
612,0.0085,0.0054,0.0071,0.0035,0.0010,0.0009,0.0008,0.0009
613,0.0086,0.0055,0.0071,0.0035,0.0015,0.0011,0.0011,0.0008
614,0.0089,0.0056,0.0071,0.0037,0.0026,0.0015,0.0009,0.0015
615,0.0088,0.0056,0.0071,0.0036,0.0024,0.0017,0.0010,0.0014
616,0.0087,0.0056,0.0071,0.0036,0.0020,0.0017,0.0010,0.0012
617,0.0085,0.0056,0.0071,0.0035,0.0012,0.0015,0.0011,0.0009
618,0.0085,0.0055,0.0071,0.0036,0.0010,0.0012,0.0011,0.0012
619,0.0085,0.0054,0.0071,0.0035,0.0009,0.0009,0.0007,0.0010
620,0.0085,0.0054,0.0071,0.0035,0.0009,0.0009,0.0007,0.0010
621,0.0085,0.0054,0.0071,0.0035,0.0009,0.0009,0.0007,0.0010
622,0.0085,0.0054,0.0071,0.0035,0.0009,0.0009,0.0007,0.0010
623,0.0085,0.0054,0.0071,0.0035,0.0009,0.0009,0.0007,0.0010
624,0.0086,0.0054,0.0071,0.0035,0.0017,0.0010,0.0010,0.0007
625,0.0085,0.0054,0.0071,0.0035,0.0009,0.0009,0.0007,0.0010
626,0.0085,0.0054,0.0071,0.0035,0.0009,0.0009,0.0007,0.0010
627,0.0085,0.0054,0.0071,0.0035,0.0009,0.0009,0.0007,0.0010
628,0.0085,0.0054,0.0071,0.0035,0.0009,0.0009,0.0007,0.0010
629,0.0085,0.0054,0.0071,0.0035,0.0009,0.0009,0.0007,0.0010
630,0.0085,0.0054,0.0071,0.0035,0.0009,0.0009,0.0007,0.0010
631,0.0085,0.0054,0.0071,0.0035,0.0009,0.0009,0.0007,0.0010
632,0.0085,0.0054,0.0071,0.0035,0.0009,0.0009,0.0007,0.0010
633,0.0085,0.0054,0.0071,0.0035,0.0009,0.0009,0.0007,0.0010
634,0.0085,0.0054,0.0071,0.0035,0.0009,0.0009,0.0007,0.0010
635,0.0087,0.0054,0.0071,0.0035,0.0019,0.0009,0.0009,0.0007
636,0.0085,0.0054,0.0071,0.0035,0.0009,0.0009,0.0007,0.0010
637,0.0085,0.0054,0.0071,0.0035,0.0009,0.0009,0.0007,0.0010
638,0.0085,0.0054,0.0071,0.0035,0.0009,0.0009,0.0007,0.0010
639,0.0085,0.0054,0.0071,0.0035,0.0009,0.0009,0.0007,0.0010
640,0.0085,0.0054,0.0071,0.0035,0.0009,0.0009,0.0007,0.0010
641,0.0085,0.0057,0.0071,0.0035,0.0008,0.0018,0.0007,0.0009
642,0.0085,0.0056,0.0071,0.0035,0.0008,0.0016,0.0007,0.0009
643,0.0085,0.0054,0.0070,0.0035,0.0010,0.0009,0.0007,0.0011
644,0.0085,0.0054,0.0070,0.0035,0.0008,0.0008,0.0006,0.0012
645,0.0085,0.0055,0.0070,0.0035,0.0007,0.0014,0.0007,0.0009
646,0.0087,0.0054,0.0071,0.0035,0.0020,0.0010,0.0008,0.0008
647,0.0085,0.0057,0.0071,0.0035,0.0008,0.0017,0.0007,0.0009
648,0.0085,0.0056,0.0071,0.0035,0.0008,0.0015,0.0007,0.0009
649,0.0085,0.0055,0.0070,0.0035,0.0008,0.0014,0.0007,0.0009
650,0.0085,0.0055,0.0071,0.0035,0.0008,0.0013,0.0007,0.0009
651,0.0085,0.0055,0.0071,0.0035,0.0008,0.0012,0.0007,0.0009
652,0.0085,0.0055,0.0071,0.0035,0.0009,0.0013,0.0007,0.0009
653,0.0085,0.0056,0.0071,0.0035,0.0009,0.0014,0.0007,0.0009
654,0.0085,0.0056,0.0071,0.0035,0.0009,0.0015,0.0008,0.0009
655,0.0085,0.0057,0.0071,0.0035,0.0009,0.0018,0.0008,0.0009
656,0.0085,0.0058,0.0071,0.0035,0.0010,0.0020,0.0009,0.0009
657,0.0086,0.0055,0.0071,0.0035,0.0018,0.0012,0.0007,0.0008
658,0.0098,0.0057,0.0071,0.0036,0.0039,0.0019,0.0013,0.0010
659,0.0088,0.0059,0.0071,0.0036,0.0022,0.0019,0.0013,0.0010
660,0.0086,0.0063,0.0071,0.0035,0.0013,0.0029,0.0013,0.0010
661,0.0086,0.0068,0.0071,0.0035,0.0018,0.0036,0.0012,0.0010
662,0.0086,0.0055,0.0072,0.0035,0.0018,0.0012,0.0015,0.0010
663,0.0088,0.0071,0.0071,0.0035,0.0024,0.0040,0.0010,0.0010
664,0.0087,0.0069,0.0071,0.0035,0.0022,0.0037,0.0009,0.0009
665,0.0086,0.0065,0.0071,0.0035,0.0019,0.0033,0.0008,0.0009
666,0.0085,0.0061,0.0071,0.0035,0.0014,0.0026,0.0007,0.0009
667,0.0085,0.0057,0.0070,0.0035,0.0009,0.0019,0.0007,0.0009
668,0.0085,0.0054,0.0071,0.0035,0.0007,0.0010,0.0007,0.0009
669,0.0085,0.0055,0.0071,0.0035,0.0011,0.0011,0.0008,0.0009
670,0.0087,0.0056,0.0071,0.0035,0.0019,0.0016,0.0009,0.0009
671,0.0089,0.0059,0.0071,0.0035,0.0027,0.0021,0.0011,0.0010
672,0.0089,0.0058,0.0071,0.0035,0.0027,0.0019,0.0012,0.0010
673,0.0088,0.0056,0.0072,0.0035,0.0024,0.0015,0.0014,0.0009
674,0.0086,0.0055,0.0072,0.0035,0.0018,0.0012,0.0015,0.0010
675,0.0085,0.0056,0.0072,0.0035,0.0010,0.0014,0.0016,0.0010
676,0.0085,0.0057,0.0072,0.0036,0.0007,0.0018,0.0016,0.0011
677,0.0085,0.0058,0.0072,0.0036,0.0014,0.0021,0.0015,0.0012
678,0.0087,0.0059,0.0072,0.0037,0.0020,0.0022,0.0014,0.0014
679,0.0085,0.0054,0.0071,0.0035,0.0010,0.0010,0.0008,0.0011
680,0.0088,0.0058,0.0081,0.0044,0.0023,0.0020,0.0034,0.0025
681,0.0085,0.0056,0.0077,0.0039,0.0012,0.0015,0.0028,0.0019
682,0.0088,0.0055,0.0074,0.0037,0.0025,0.0013,0.0022,0.0014
683,0.0090,0.0055,0.0073,0.0036,0.0029,0.0013,0.0018,0.0011
684,0.0088,0.0055,0.0072,0.0035,0.0024,0.0014,0.0015,0.0010
685,0.0086,0.0056,0.0072,0.0035,0.0015,0.0016,0.0013,0.0011
686,0.0085,0.0056,0.0071,0.0036,0.0011,0.0015,0.0011,0.0011
687,0.0085,0.0055,0.0071,0.0035,0.0010,0.0012,0.0010,0.0011
688,0.0085,0.0054,0.0071,0.0035,0.0010,0.0010,0.0009,0.0010
689,0.0085,0.0055,0.0071,0.0035,0.0009,0.0011,0.0008,0.0010
690,0.0085,0.0054,0.0071,0.0036,0.0011,0.0010,0.0010,0.0013
691,0.0085,0.0055,0.0071,0.0035,0.0009,0.0013,0.0007,0.0009
692,0.0085,0.0055,0.0071,0.0035,0.0010,0.0012,0.0008,0.0009
693,0.0085,0.0055,0.0071,0.0035,0.0011,0.0011,0.0008,0.0009
694,0.0086,0.0055,0.0071,0.0035,0.0013,0.0011,0.0009,0.0010
695,0.0087,0.0055,0.0071,0.0035,0.0019,0.0013,0.0010,0.0010
696,0.0089,0.0056,0.0071,0.0035,0.0025,0.0017,0.0011,0.0010
697,0.0090,0.0059,0.0071,0.0036,0.0028,0.0022,0.0012,0.0011
698,0.0088,0.0060,0.0071,0.0036,0.0025,0.0024,0.0011,0.0011
699,0.0086,0.0061,0.0071,0.0036,0.0018,0.0025,0.0011,0.0011
700,0.0085,0.0061,0.0071,0.0037,0.0009,0.0026,0.0010,0.0014
701,0.0085,0.0055,0.0071,0.0036,0.0011,0.0011,0.0012,0.0015
702,0.0085,0.0055,0.0071,0.0035,0.0008,0.0013,0.0007,0.0009
703,0.0085,0.0055,0.0071,0.0035,0.0008,0.0013,0.0007,0.0009
704,0.0085,0.0055,0.0071,0.0035,0.0008,0.0013,0.0007,0.0009
705,0.0085,0.0055,0.0071,0.0035,0.0008,0.0013,0.0007,0.0009
706,0.0085,0.0055,0.0071,0.0035,0.0008,0.0013,0.0007,0.0009
707,0.0085,0.0055,0.0071,0.0035,0.0008,0.0013,0.0007,0.0009
708,0.0085,0.0055,0.0071,0.0035,0.0008,0.0013,0.0007,0.0009
709,0.0085,0.0055,0.0071,0.0035,0.0008,0.0013,0.0007,0.0009
710,0.0085,0.0055,0.0071,0.0035,0.0008,0.0013,0.0007,0.0009
711,0.0085,0.0055,0.0071,0.0035,0.0008,0.0013,0.0007,0.0009
712,0.0085,0.0055,0.0072,0.0037,0.0010,0.0012,0.0015,0.0016
713,0.0085,0.0055,0.0071,0.0035,0.0008,0.0013,0.0007,0.0009
714,0.0085,0.0055,0.0071,0.0035,0.0008,0.0013,0.0007,0.0009
715,0.0085,0.0055,0.0071,0.0035,0.0008,0.0013,0.0007,0.0009
716,0.0085,0.0055,0.0071,0.0035,0.0008,0.0013,0.0007,0.0009
717,0.0085,0.0055,0.0071,0.0035,0.0008,0.0013,0.0007,0.0009
718,0.0085,0.0055,0.0071,0.0035,0.0008,0.0013,0.0007,0.0009
719,0.0085,0.0055,0.0071,0.0035,0.0008,0.0013,0.0007,0.0009
720,0.0085,0.0055,0.0071,0.0035,0.0008,0.0013,0.0007,0.0009
721,0.0085,0.0055,0.0071,0.0035,0.0008,0.0013,0.0007,0.0009
722,0.0085,0.0055,0.0071,0.0035,0.0008,0.0013,0.0007,0.0009
723,0.0085,0.0054,0.0071,0.0035,0.0008,0.0010,0.0008,0.0010
724,0.0085,0.0055,0.0072,0.0038,0.0009,0.0014,0.0017,0.0018
725,0.0085,0.0063,0.0071,0.0035,0.0011,0.0026,0.0010,0.0009
726,0.0085,0.0060,0.0071,0.0035,0.0009,0.0023,0.0007,0.0009
727,0.0085,0.0056,0.0071,0.0035,0.0009,0.0016,0.0007,0.0009
728,0.0084,0.0054,0.0070,0.0035,0.0006,0.0009,0.0006,0.0009
729,0.0084,0.0056,0.0070,0.0035,0.0006,0.0015,0.0006,0.0009
730,0.0084,0.0060,0.0071,0.0035,0.0006,0.0026,0.0008,0.0010
731,0.0084,0.0059,0.0071,0.0035,0.0007,0.0023,0.0007,0.0009
732,0.0085,0.0058,0.0070,0.0035,0.0007,0.0021,0.0007,0.0009
733,0.0085,0.0057,0.0070,0.0035,0.0008,0.0019,0.0006,0.0009
734,0.0085,0.0057,0.0070,0.0035,0.0009,0.0018,0.0006,0.0009
735,0.0085,0.0056,0.0073,0.0039,0.0008,0.0016,0.0020,0.0020
736,0.0085,0.0057,0.0070,0.0035,0.0008,0.0019,0.0006,0.0009
737,0.0085,0.0058,0.0070,0.0035,0.0008,0.0020,0.0006,0.0009
738,0.0085,0.0058,0.0071,0.0035,0.0008,0.0021,0.0007,0.0009
739,0.0085,0.0059,0.0071,0.0035,0.0007,0.0023,0.0008,0.0009
740,0.0085,0.0061,0.0071,0.0035,0.0007,0.0027,0.0009,0.0009
741,0.0104,0.0059,0.0072,0.0036,0.0049,0.0021,0.0013,0.0011
742,0.0090,0.0060,0.0072,0.0036,0.0026,0.0020,0.0014,0.0011
743,0.0087,0.0066,0.0072,0.0036,0.0012,0.0032,0.0014,0.0011
744,0.0088,0.0073,0.0072,0.0036,0.0020,0.0041,0.0014,0.0011
745,0.0086,0.0063,0.0071,0.0035,0.0016,0.0028,0.0011,0.0010
746,0.0085,0.0056,0.0075,0.0040,0.0007,0.0017,0.0024,0.0021
747,0.0091,0.0076,0.0071,0.0035,0.0030,0.0046,0.0011,0.0011
748,0.0089,0.0074,0.0071,0.0035,0.0027,0.0043,0.0010,0.0010
749,0.0088,0.0070,0.0071,0.0035,0.0023,0.0039,0.0008,0.0010
750,0.0086,0.0066,0.0071,0.0035,0.0017,0.0033,0.0007,0.0009
751,0.0085,0.0061,0.0070,0.0035,0.0011,0.0027,0.0006,0.0009
752,0.0085,0.0056,0.0071,0.0035,0.0010,0.0015,0.0007,0.0009
753,0.0085,0.0058,0.0071,0.0035,0.0009,0.0021,0.0008,0.0009
754,0.0087,0.0066,0.0071,0.0035,0.0020,0.0033,0.0009,0.0010
755,0.0088,0.0069,0.0071,0.0035,0.0023,0.0036,0.0009,0.0010
756,0.0087,0.0067,0.0071,0.0035,0.0022,0.0033,0.0010,0.0010
757,0.0085,0.0056,0.0076,0.0040,0.0007,0.0017,0.0027,0.0022
758,0.0086,0.0063,0.0071,0.0035,0.0016,0.0028,0.0011,0.0010
759,0.0085,0.0060,0.0072,0.0035,0.0010,0.0023,0.0012,0.0010
760,0.0085,0.0058,0.0072,0.0036,0.0008,0.0020,0.0013,0.0011
761,0.0085,0.0058,0.0072,0.0036,0.0014,0.0018,0.0014,0.0012
762,0.0087,0.0058,0.0072,0.0037,0.0020,0.0018,0.0014,0.0015
763,0.0087,0.0059,0.0075,0.0041,0.0021,0.0022,0.0023,0.0019
764,0.0085,0.0058,0.0073,0.0039,0.0014,0.0021,0.0016,0.0017
765,0.0088,0.0057,0.0072,0.0038,0.0024,0.0018,0.0013,0.0014
766,0.0088,0.0055,0.0071,0.0037,0.0024,0.0012,0.0012,0.0013
767,0.0086,0.0055,0.0071,0.0036,0.0015,0.0012,0.0010,0.0011
768,0.0085,0.0056,0.0078,0.0041,0.0007,0.0016,0.0031,0.0023
769,0.0085,0.0056,0.0071,0.0035,0.0009,0.0015,0.0009,0.0010
770,0.0085,0.0055,0.0071,0.0035,0.0010,0.0014,0.0008,0.0010
771,0.0085,0.0054,0.0071,0.0035,0.0011,0.0010,0.0008,0.0009
772,0.0085,0.0054,0.0071,0.0035,0.0011,0.0009,0.0007,0.0009
773,0.0085,0.0055,0.0071,0.0035,0.0009,0.0014,0.0006,0.0009
774,0.0085,0.0057,0.0070,0.0035,0.0008,0.0018,0.0007,0.0009
775,0.0085,0.0056,0.0071,0.0035,0.0009,0.0016,0.0008,0.0009
776,0.0085,0.0055,0.0071,0.0035,0.0010,0.0013,0.0009,0.0010
777,0.0085,0.0055,0.0071,0.0035,0.0009,0.0012,0.0012,0.0011
778,0.0085,0.0055,0.0072,0.0036,0.0010,0.0012,0.0014,0.0012
779,0.0087,0.0079,0.0071,0.0039,0.0020,0.0050,0.0011,0.0018
780,0.0086,0.0056,0.0073,0.0036,0.0014,0.0015,0.0017,0.0012
781,0.0087,0.0060,0.0073,0.0037,0.0019,0.0024,0.0019,0.0013
782,0.0086,0.0065,0.0074,0.0037,0.0015,0.0032,0.0021,0.0012
783,0.0086,0.0070,0.0075,0.0037,0.0014,0.0039,0.0021,0.0012
784,0.0088,0.0076,0.0074,0.0038,0.0022,0.0045,0.0021,0.0013
785,0.0085,0.0057,0.0070,0.0035,0.0008,0.0018,0.0006,0.0009
786,0.0085,0.0057,0.0070,0.0035,0.0008,0.0018,0.0006,0.0009
787,0.0085,0.0057,0.0070,0.0035,0.0008,0.0018,0.0006,0.0009
788,0.0085,0.0057,0.0070,0.0035,0.0008,0.0018,0.0006,0.0009
789,0.0085,0.0057,0.0070,0.0035,0.0008,0.0018,0.0006,0.0009
790,0.0085,0.0070,0.0071,0.0036,0.0013,0.0040,0.0011,0.0011
791,0.0085,0.0057,0.0070,0.0035,0.0008,0.0018,0.0006,0.0009
792,0.0085,0.0057,0.0070,0.0035,0.0008,0.0018,0.0006,0.0009
793,0.0085,0.0057,0.0070,0.0035,0.0008,0.0018,0.0006,0.0009
794,0.0085,0.0057,0.0070,0.0035,0.0008,0.0018,0.0006,0.0009
795,0.0085,0.0057,0.0070,0.0035,0.0008,0.0018,0.0006,0.0009
796,0.0085,0.0057,0.0070,0.0035,0.0008,0.0018,0.0006,0.0009
797,0.0085,0.0057,0.0070,0.0035,0.0008,0.0018,0.0006,0.0009
798,0.0085,0.0057,0.0070,0.0035,0.0008,0.0018,0.0006,0.0009
799,0.0085,0.0057,0.0070,0.0035,0.0008,0.0018,0.0006,0.0009
800,0.0085,0.0057,0.0070,0.0035,0.0008,0.0018,0.0006,0.0009
801,0.0085,0.0064,0.0071,0.0036,0.0008,0.0032,0.0011,0.0011
802,0.0085,0.0057,0.0070,0.0035,0.0008,0.0018,0.0006,0.0009
803,0.0085,0.0057,0.0070,0.0035,0.0008,0.0018,0.0006,0.0009
804,0.0085,0.0057,0.0070,0.0035,0.0008,0.0018,0.0006,0.0009
805,0.0085,0.0057,0.0070,0.0035,0.0008,0.0018,0.0006,0.0009
806,0.0085,0.0057,0.0070,0.0035,0.0008,0.0018,0.0006,0.0009
807,0.0085,0.0063,0.0071,0.0035,0.0012,0.0025,0.0012,0.0009
808,0.0085,0.0062,0.0071,0.0035,0.0011,0.0023,0.0011,0.0009
809,0.0085,0.0058,0.0070,0.0035,0.0008,0.0020,0.0006,0.0009
810,0.0085,0.0057,0.0071,0.0035,0.0009,0.0020,0.0007,0.0009
811,0.0085,0.0055,0.0071,0.0035,0.0008,0.0013,0.0008,0.0009
812,0.0085,0.0060,0.0071,0.0036,0.0008,0.0025,0.0011,0.0013
813,0.0085,0.0065,0.0071,0.0035,0.0009,0.0031,0.0010,0.0010
814,0.0085,0.0063,0.0071,0.0035,0.0009,0.0029,0.0009,0.0010
815,0.0085,0.0062,0.0071,0.0035,0.0009,0.0027,0.0008,0.0009
816,0.0085,0.0061,0.0071,0.0035,0.0009,0.0025,0.0008,0.0009
817,0.0085,0.0060,0.0071,0.0035,0.0009,0.0023,0.0008,0.0009
818,0.0085,0.0060,0.0071,0.0035,0.0009,0.0024,0.0008,0.0009
819,0.0085,0.0061,0.0071,0.0035,0.0009,0.0025,0.0008,0.0009
820,0.0085,0.0062,0.0071,0.0035,0.0008,0.0027,0.0008,0.0009
821,0.0085,0.0063,0.0071,0.0035,0.0008,0.0029,0.0008,0.0009
822,0.0085,0.0065,0.0071,0.0035,0.0009,0.0032,0.0009,0.0009
823,0.0085,0.0057,0.0071,0.0037,0.0010,0.0020,0.0010,0.0015
824,0.0103,0.0059,0.0072,0.0036,0.0045,0.0022,0.0012,0.0012
825,0.0091,0.0059,0.0072,0.0036,0.0023,0.0018,0.0012,0.0012
826,0.0088,0.0065,0.0072,0.0036,0.0019,0.0029,0.0013,0.0012
827,0.0090,0.0071,0.0072,0.0036,0.0025,0.0039,0.0012,0.0012
828,0.0086,0.0070,0.0071,0.0035,0.0018,0.0040,0.0009,0.0010
829,0.0093,0.0078,0.0071,0.0036,0.0033,0.0048,0.0011,0.0011
830,0.0091,0.0077,0.0071,0.0035,0.0031,0.0046,0.0010,0.0011
831,0.0089,0.0074,0.0071,0.0035,0.0026,0.0043,0.0010,0.0010
832,0.0087,0.0069,0.0071,0.0035,0.0019,0.0038,0.0009,0.0010
833,0.0085,0.0065,0.0071,0.0035,0.0013,0.0031,0.0008,0.0009
834,0.0085,0.0054,0.0071,0.0035,0.0010,0.0010,0.0006,0.0009
835,0.0085,0.0056,0.0071,0.0037,0.0010,0.0016,0.0009,0.0016
836,0.0085,0.0058,0.0071,0.0035,0.0012,0.0020,0.0008,0.0009
837,0.0085,0.0062,0.0071,0.0035,0.0008,0.0027,0.0008,0.0009
838,0.0086,0.0073,0.0071,0.0035,0.0018,0.0043,0.0008,0.0010
839,0.0088,0.0078,0.0071,0.0035,0.0023,0.0049,0.0009,0.0010
840,0.0088,0.0074,0.0071,0.0035,0.0023,0.0045,0.0008,0.0010
841,0.0086,0.0070,0.0071,0.0035,0.0018,0.0040,0.0009,0.0010
842,0.0085,0.0065,0.0071,0.0035,0.0013,0.0033,0.0010,0.0010
843,0.0085,0.0061,0.0071,0.0036,0.0007,0.0025,0.0010,0.0011
844,0.0085,0.0058,0.0071,0.0037,0.0012,0.0020,0.0011,0.0013
845,0.0086,0.0058,0.0072,0.0038,0.0018,0.0018,0.0013,0.0016
846,0.0085,0.0055,0.0071,0.0037,0.0009,0.0013,0.0008,0.0016
847,0.0086,0.0064,0.0072,0.0041,0.0018,0.0031,0.0016,0.0018
848,0.0085,0.0062,0.0071,0.0039,0.0014,0.0028,0.0010,0.0015
849,0.0088,0.0061,0.0071,0.0038,0.0023,0.0026,0.0010,0.0014
850,0.0087,0.0057,0.0071,0.0037,0.0020,0.0017,0.0010,0.0012
851,0.0085,0.0056,0.0071,0.0037,0.0011,0.0014,0.0009,0.0011
852,0.0085,0.0056,0.0071,0.0036,0.0008,0.0017,0.0008,0.0010
853,0.0085,0.0057,0.0071,0.0036,0.0011,0.0017,0.0008,0.0010
854,0.0085,0.0056,0.0071,0.0035,0.0011,0.0015,0.0008,0.0010
855,0.0085,0.0057,0.0071,0.0035,0.0010,0.0016,0.0008,0.0009
856,0.0085,0.0059,0.0071,0.0035,0.0009,0.0020,0.0008,0.0009
857,0.0085,0.0055,0.0071,0.0036,0.0007,0.0011,0.0007,0.0015
858,0.0085,0.0060,0.0071,0.0035,0.0009,0.0023,0.0008,0.0009
859,0.0085,0.0058,0.0071,0.0035,0.0009,0.0020,0.0009,0.0010
860,0.0085,0.0057,0.0071,0.0036,0.0009,0.0016,0.0010,0.0011
861,0.0085,0.0056,0.0071,0.0036,0.0009,0.0015,0.0012,0.0013
862,0.0085,0.0056,0.0072,0.0037,0.0009,0.0015,0.0016,0.0014
863,0.0085,0.0057,0.0073,0.0038,0.0010,0.0015,0.0019,0.0015
864,0.0085,0.0061,0.0075,0.0038,0.0013,0.0024,0.0023,0.0014
865,0.0085,0.0067,0.0076,0.0038,0.0010,0.0034,0.0025,0.0013
866,0.0085,0.0073,0.0075,0.0039,0.0012,0.0042,0.0025,0.0012
867,0.0090,0.0082,0.0075,0.0040,0.0028,0.0052,0.0025,0.0014
868,0.0085,0.0055,0.0071,0.0036,0.0007,0.0011,0.0007,0.0013
869,0.0085,0.0060,0.0071,0.0035,0.0009,0.0023,0.0008,0.0009
870,0.0085,0.0060,0.0071,0.0035,0.0009,0.0023,0.0008,0.0009
871,0.0085,0.0060,0.0071,0.0035,0.0009,0.0023,0.0008,0.0009
872,0.0085,0.0060,0.0071,0.0035,0.0009,0.0023,0.0008,0.0009
873,0.0085,0.0060,0.0071,0.0035,0.0009,0.0023,0.0008,0.0009
874,0.0085,0.0060,0.0071,0.0035,0.0009,0.0023,0.0008,0.0009
875,0.0085,0.0060,0.0071,0.0035,0.0009,0.0023,0.0008,0.0009
876,0.0085,0.0060,0.0071,0.0035,0.0009,0.0023,0.0008,0.0009
877,0.0085,0.0060,0.0071,0.0035,0.0009,0.0023,0.0008,0.0009
878,0.0085,0.0060,0.0071,0.0035,0.0009,0.0023,0.0008,0.0009
879,0.0085,0.0054,0.0071,0.0035,0.0009,0.0010,0.0007,0.0011
880,0.0085,0.0060,0.0071,0.0035,0.0009,0.0023,0.0008,0.0009
881,0.0085,0.0060,0.0071,0.0035,0.0009,0.0023,0.0008,0.0009
882,0.0085,0.0060,0.0071,0.0035,0.0009,0.0023,0.0008,0.0009
883,0.0085,0.0060,0.0071,0.0035,0.0009,0.0023,0.0008,0.0009
884,0.0085,0.0060,0.0071,0.0035,0.0009,0.0023,0.0008,0.0009
885,0.0085,0.0060,0.0071,0.0035,0.0009,0.0023,0.0008,0.0009
886,0.0085,0.0060,0.0071,0.0035,0.0009,0.0023,0.0008,0.0009
887,0.0085,0.0060,0.0071,0.0035,0.0009,0.0023,0.0008,0.0009
888,0.0085,0.0060,0.0071,0.0035,0.0009,0.0023,0.0008,0.0009
889,0.0085,0.0060,0.0071,0.0035,0.0009,0.0023,0.0008,0.0009
890,0.0085,0.0054,0.0071,0.0034,0.0011,0.0008,0.0007,0.0007
891,0.0085,0.0062,0.0071,0.0035,0.0012,0.0025,0.0010,0.0009
892,0.0085,0.0061,0.0071,0.0035,0.0013,0.0022,0.0011,0.0009
893,0.0085,0.0061,0.0071,0.0035,0.0011,0.0021,0.0010,0.0009
894,0.0085,0.0061,0.0071,0.0035,0.0010,0.0025,0.0008,0.0009
895,0.0085,0.0057,0.0071,0.0035,0.0013,0.0015,0.0011,0.0009
896,0.0085,0.0064,0.0071,0.0035,0.0014,0.0029,0.0010,0.0010
897,0.0085,0.0063,0.0071,0.0035,0.0014,0.0026,0.0010,0.0010
898,0.0085,0.0062,0.0071,0.0035,0.0014,0.0024,0.0011,0.0009
899,0.0085,0.0061,0.0071,0.0035,0.0013,0.0022,0.0011,0.0009
900,0.0085,0.0061,0.0071,0.0035,0.0013,0.0021,0.0012,0.0009
901,0.0085,0.0054,0.0071,0.0035,0.0011,0.0009,0.0007,0.0008
902,0.0085,0.0061,0.0071,0.0035,0.0013,0.0021,0.0012,0.0009
903,0.0085,0.0061,0.0071,0.0035,0.0014,0.0022,0.0012,0.0009
904,0.0085,0.0062,0.0071,0.0035,0.0013,0.0023,0.0012,0.0009
905,0.0085,0.0063,0.0071,0.0035,0.0014,0.0025,0.0011,0.0009
906,0.0085,0.0064,0.0071,0.0035,0.0015,0.0028,0.0011,0.0009
907,0.0098,0.0059,0.0072,0.0037,0.0037,0.0023,0.0010,0.0013
908,0.0090,0.0058,0.0072,0.0036,0.0022,0.0017,0.0010,0.0013
909,0.0089,0.0063,0.0072,0.0036,0.0024,0.0029,0.0010,0.0013
910,0.0093,0.0069,0.0071,0.0036,0.0032,0.0039,0.0010,0.0012
911,0.0088,0.0075,0.0072,0.0035,0.0024,0.0043,0.0015,0.0010
912,0.0085,0.0054,0.0071,0.0035,0.0010,0.0010,0.0008,0.0009
913,0.0097,0.0076,0.0071,0.0036,0.0040,0.0047,0.0009,0.0012
914,0.0095,0.0075,0.0071,0.0035,0.0038,0.0046,0.0009,0.0011
915,0.0092,0.0072,0.0071,0.0035,0.0033,0.0041,0.0009,0.0010
916,0.0089,0.0067,0.0071,0.0035,0.0025,0.0035,0.0010,0.0010
917,0.0087,0.0064,0.0071,0.0035,0.0019,0.0029,0.0011,0.0009
918,0.0085,0.0060,0.0071,0.0035,0.0012,0.0020,0.0013,0.0009
919,0.0086,0.0062,0.0072,0.0035,0.0015,0.0023,0.0014,0.0009
920,0.0088,0.0071,0.0072,0.0035,0.0024,0.0038,0.0014,0.0010
921,0.0090,0.0077,0.0072,0.0035,0.0029,0.0047,0.0014,0.0010
922,0.0090,0.0077,0.0072,0.0035,0.0028,0.0046,0.0015,0.0010
923,0.0085,0.0054,0.0071,0.0035,0.0010,0.0010,0.0008,0.0009
924,0.0088,0.0075,0.0072,0.0035,0.0024,0.0043,0.0015,0.0010
925,0.0086,0.0071,0.0073,0.0035,0.0018,0.0036,0.0015,0.0010
926,0.0086,0.0067,0.0073,0.0036,0.0012,0.0030,0.0015,0.0011
927,0.0085,0.0065,0.0073,0.0037,0.0009,0.0026,0.0015,0.0013
928,0.0086,0.0065,0.0073,0.0038,0.0015,0.0026,0.0015,0.0016
929,0.0086,0.0071,0.0073,0.0047,0.0016,0.0032,0.0017,0.0019
930,0.0086,0.0068,0.0072,0.0044,0.0018,0.0028,0.0014,0.0016
931,0.0090,0.0065,0.0071,0.0041,0.0028,0.0024,0.0012,0.0015
932,0.0089,0.0062,0.0071,0.0040,0.0026,0.0024,0.0012,0.0014
933,0.0086,0.0063,0.0071,0.0039,0.0017,0.0029,0.0012,0.0013
934,0.0085,0.0054,0.0071,0.0035,0.0010,0.0009,0.0009,0.0010
935,0.0085,0.0064,0.0071,0.0037,0.0013,0.0031,0.0012,0.0013
936,0.0085,0.0063,0.0071,0.0037,0.0011,0.0029,0.0012,0.0012
937,0.0085,0.0061,0.0071,0.0036,0.0011,0.0025,0.0012,0.0011
938,0.0085,0.0060,0.0071,0.0035,0.0011,0.0022,0.0012,0.0011
939,0.0085,0.0060,0.0071,0.0035,0.0012,0.0020,0.0012,0.0009
940,0.0085,0.0061,0.0071,0.0035,0.0013,0.0020,0.0012,0.0009
941,0.0085,0.0060,0.0071,0.0035,0.0012,0.0019,0.0011,0.0010
942,0.0085,0.0059,0.0071,0.0036,0.0013,0.0020,0.0011,0.0013
943,0.0085,0.0060,0.0071,0.0038,0.0014,0.0022,0.0010,0.0015
944,0.0086,0.0061,0.0072,0.0039,0.0016,0.0024,0.0011,0.0017
945,0.0085,0.0054,0.0071,0.0035,0.0006,0.0011,0.0009,0.0010
946,0.0085,0.0054,0.0071,0.0037,0.0011,0.0008,0.0011,0.0013
947,0.0086,0.0060,0.0072,0.0040,0.0017,0.0022,0.0014,0.0018
948,0.0087,0.0061,0.0073,0.0041,0.0020,0.0019,0.0017,0.0017
949,0.0086,0.0065,0.0074,0.0041,0.0017,0.0028,0.0020,0.0015
950,0.0085,0.0072,0.0075,0.0042,0.0013,0.0039,0.0022,0.0014
951,0.0090,0.0082,0.0075,0.0044,0.0028,0.0051,0.0022,0.0016
952,0.0085,0.0061,0.0071,0.0035,0.0013,0.0021,0.0012,0.0009
953,0.0085,0.0061,0.0071,0.0035,0.0013,0.0021,0.0012,0.0009
954,0.0085,0.0061,0.0071,0.0035,0.0013,0.0021,0.0012,0.0009
955,0.0085,0.0061,0.0071,0.0035,0.0013,0.0021,0.0012,0.0009
956,0.0085,0.0061,0.0071,0.0035,0.0013,0.0021,0.0012,0.0009
957,0.0085,0.0055,0.0071,0.0040,0.0012,0.0012,0.0012,0.0020
958,0.0085,0.0061,0.0071,0.0035,0.0013,0.0021,0.0012,0.0009
959,0.0085,0.0061,0.0071,0.0035,0.0013,0.0021,0.0012,0.0009
960,0.0085,0.0061,0.0071,0.0035,0.0013,0.0021,0.0012,0.0009
961,0.0085,0.0061,0.0071,0.0035,0.0013,0.0021,0.0012,0.0009
962,0.0085,0.0061,0.0071,0.0035,0.0013,0.0021,0.0012,0.0009
963,0.0085,0.0061,0.0071,0.0035,0.0013,0.0021,0.0012,0.0009
964,0.0085,0.0061,0.0071,0.0035,0.0013,0.0021,0.0012,0.0009
965,0.0085,0.0061,0.0071,0.0035,0.0013,0.0021,0.0012,0.0009
966,0.0085,0.0061,0.0071,0.0035,0.0013,0.0021,0.0012,0.0009
967,0.0085,0.0061,0.0071,0.0035,0.0013,0.0021,0.0012,0.0009
968,0.0085,0.0056,0.0071,0.0045,0.0014,0.0017,0.0014,0.0028
969,0.0085,0.0061,0.0071,0.0035,0.0013,0.0021,0.0012,0.0009
970,0.0085,0.0061,0.0071,0.0035,0.0013,0.0021,0.0012,0.0009
971,0.0085,0.0061,0.0071,0.0035,0.0013,0.0021,0.0012,0.0009
972,0.0085,0.0061,0.0071,0.0035,0.0013,0.0021,0.0012,0.0009
973,0.0085,0.0061,0.0071,0.0035,0.0013,0.0021,0.0012,0.0009
974,0.0085,0.0062,0.0071,0.0035,0.0009,0.0028,0.0009,0.0009
975,0.0085,0.0060,0.0071,0.0035,0.0012,0.0022,0.0009,0.0009
976,0.0085,0.0060,0.0071,0.0035,0.0014,0.0018,0.0013,0.0009
977,0.0085,0.0060,0.0071,0.0035,0.0011,0.0019,0.0011,0.0009
978,0.0085,0.0061,0.0071,0.0035,0.0012,0.0025,0.0010,0.0009
979,0.0086,0.0059,0.0072,0.0054,0.0017,0.0025,0.0015,0.0038
980,0.0086,0.0062,0.0071,0.0035,0.0017,0.0028,0.0009,0.0010
981,0.0086,0.0061,0.0071,0.0035,0.0016,0.0025,0.0010,0.0010
982,0.0085,0.0061,0.0071,0.0035,0.0015,0.0022,0.0011,0.0009
983,0.0085,0.0060,0.0071,0.0035,0.0014,0.0021,0.0011,0.0009
984,0.0085,0.0060,0.0071,0.0035,0.0014,0.0019,0.0012,0.0009
985,0.0085,0.0060,0.0071,0.0035,0.0015,0.0020,0.0012,0.0009
986,0.0085,0.0060,0.0071,0.0035,0.0015,0.0021,0.0012,0.0009
987,0.0085,0.0061,0.0071,0.0035,0.0015,0.0021,0.0012,0.0009
988,0.0085,0.0061,0.0071,0.0035,0.0015,0.0022,0.0011,0.0009
989,0.0086,0.0062,0.0071,0.0035,0.0016,0.0026,0.0010,0.0009
990,0.0087,0.0064,0.0072,0.0067,0.0021,0.0033,0.0017,0.0050
991,0.0094,0.0061,0.0072,0.0037,0.0032,0.0024,0.0010,0.0015
992,0.0089,0.0060,0.0072,0.0037,0.0020,0.0020,0.0011,0.0014
993,0.0090,0.0064,0.0072,0.0037,0.0026,0.0031,0.0011,0.0014
994,0.0094,0.0069,0.0071,0.0036,0.0037,0.0041,0.0011,0.0013
995,0.0089,0.0067,0.0073,0.0035,0.0028,0.0035,0.0019,0.0010
996,0.0099,0.0075,0.0071,0.0036,0.0045,0.0048,0.0009,0.0012
997,0.0097,0.0073,0.0071,0.0036,0.0042,0.0046,0.0008,0.0011
998,0.0093,0.0070,0.0071,0.0035,0.0037,0.0041,0.0008,0.0010
999,0.0090,0.0066,0.0071,0.0035,0.0030,0.0035,0.0009,0.0010
1000,0.0087,0.0063,0.0071,0.0035,0.0023,0.0028,0.0010,0.0009
1001,0.0085,0.0054,0.0071,0.0035,0.0011,0.0009,0.0007,0.0009
1002,0.0085,0.0060,0.0072,0.0035,0.0012,0.0019,0.0014,0.0009
1003,0.0086,0.0061,0.0072,0.0035,0.0017,0.0021,0.0015,0.0009
1004,0.0089,0.0066,0.0072,0.0035,0.0029,0.0035,0.0016,0.0010
1005,0.0092,0.0071,0.0072,0.0035,0.0034,0.0041,0.0017,0.0010
1006,0.0091,0.0070,0.0073,0.0035,0.0032,0.0040,0.0018,0.0010
1007,0.0089,0.0067,0.0073,0.0035,0.0028,0.0035,0.0019,0.0010
1008,0.0087,0.0064,0.0074,0.0035,0.0022,0.0027,0.0020,0.0010
1009,0.0086,0.0063,0.0074,0.0036,0.0016,0.0022,0.0021,0.0010
1010,0.0085,0.0063,0.0074,0.0036,0.0010,0.0023,0.0020,0.0012
1011,0.0086,0.0064,0.0074,0.0037,0.0012,0.0026,0.0019,0.0015
1012,0.0085,0.0054,0.0071,0.0035,0.0011,0.0009,0.0007,0.0009
1013,0.0085,0.0065,0.0075,0.0046,0.0014,0.0023,0.0024,0.0015
1014,0.0087,0.0063,0.0073,0.0044,0.0023,0.0021,0.0018,0.0014
1015,0.0091,0.0062,0.0072,0.0042,0.0033,0.0021,0.0015,0.0015
1016,0.0090,0.0062,0.0072,0.0041,0.0031,0.0025,0.0014,0.0015
1017,0.0087,0.0065,0.0072,0.0039,0.0021,0.0034,0.0014,0.0015
1018,0.0085,0.0067,0.0071,0.0038,0.0014,0.0036,0.0014,0.0015
1019,0.0085,0.0065,0.0071,0.0037,0.0012,0.0033,0.0013,0.0014
1020,0.0085,0.0062,0.0071,0.0036,0.0011,0.0028,0.0013,0.0013
1021,0.0085,0.0060,0.0071,0.0036,0.0011,0.0023,0.0013,0.0011
1022,0.0085,0.0060,0.0071,0.0035,0.0013,0.0019,0.0012,0.0010
1023,0.0085,0.0054,0.0071,0.0035,0.0011,0.0009,0.0007,0.0009
1024,0.0085,0.0060,0.0071,0.0035,0.0014,0.0019,0.0011,0.0009
1025,0.0085,0.0060,0.0071,0.0035,0.0013,0.0019,0.0011,0.0011
1026,0.0085,0.0060,0.0071,0.0037,0.0013,0.0021,0.0010,0.0014
1027,0.0085,0.0061,0.0071,0.0038,0.0015,0.0025,0.0009,0.0017
1028,0.0086,0.0062,0.0071,0.0040,0.0018,0.0027,0.0009,0.0019
1029,0.0087,0.0062,0.0071,0.0041,0.0021,0.0025,0.0010,0.0019
1030,0.0088,0.0061,0.0072,0.0041,0.0025,0.0019,0.0012,0.0018
1031,0.0087,0.0063,0.0072,0.0041,0.0021,0.0026,0.0014,0.0015
1032,0.0085,0.0068,0.0072,0.0042,0.0012,0.0036,0.0015,0.0013
1033,0.0087,0.0076,0.0072,0.0044,0.0021,0.0047,0.0013,0.0015
1034,0.0085,0.0054,0.0071,0.0035,0.0011,0.0009,0.0007,0.0009
1035,0.0085,0.0060,0.0071,0.0035,0.0014,0.0019,0.0012,0.0009
1036,0.0085,0.0060,0.0071,0.0035,0.0014,0.0019,0.0012,0.0009
1037,0.0085,0.0060,0.0071,0.0035,0.0014,0.0019,0.0012,0.0009
1038,0.0085,0.0060,0.0071,0.0035,0.0014,0.0019,0.0012,0.0009
1039,0.0085,0.0060,0.0071,0.0035,0.0014,0.0019,0.0012,0.0009
1040,0.0085,0.0060,0.0071,0.0035,0.0014,0.0019,0.0012,0.0009
1041,0.0085,0.0060,0.0071,0.0035,0.0014,0.0019,0.0012,0.0009
1042,0.0085,0.0060,0.0071,0.0035,0.0014,0.0019,0.0012,0.0009
1043,0.0085,0.0060,0.0071,0.0035,0.0014,0.0019,0.0012,0.0009
1044,0.0085,0.0060,0.0071,0.0035,0.0014,0.0019,0.0012,0.0009
1045,0.0085,0.0054,0.0071,0.0035,0.0011,0.0009,0.0007,0.0009
1046,0.0085,0.0060,0.0071,0.0035,0.0014,0.0019,0.0012,0.0009
1047,0.0085,0.0060,0.0071,0.0035,0.0014,0.0019,0.0012,0.0009
1048,0.0085,0.0060,0.0071,0.0035,0.0014,0.0019,0.0012,0.0009
1049,0.0085,0.0060,0.0071,0.0035,0.0014,0.0019,0.0012,0.0009
1050,0.0085,0.0060,0.0071,0.0035,0.0014,0.0019,0.0012,0.0009
1051,0.0085,0.0060,0.0071,0.0035,0.0014,0.0019,0.0012,0.0009
1052,0.0085,0.0060,0.0071,0.0035,0.0014,0.0019,0.0012,0.0009
1053,0.0085,0.0060,0.0071,0.0035,0.0014,0.0019,0.0012,0.0009
1054,0.0085,0.0060,0.0071,0.0035,0.0014,0.0019,0.0012,0.0009
1055,0.0085,0.0060,0.0071,0.0035,0.0014,0.0019,0.0012,0.0009
1056,0.0085,0.0054,0.0071,0.0035,0.0007,0.0010,0.0008,0.0010
1057,0.0085,0.0054,0.0071,0.0035,0.0011,0.0009,0.0007,0.0009
1058,0.0085,0.0061,0.0071,0.0035,0.0009,0.0026,0.0008,0.0009
1059,0.0085,0.0060,0.0071,0.0035,0.0011,0.0023,0.0007,0.0009
1060,0.0085,0.0059,0.0071,0.0035,0.0014,0.0018,0.0012,0.0009
1061,0.0085,0.0059,0.0071,0.0035,0.0015,0.0018,0.0013,0.0009
1062,0.0085,0.0060,0.0071,0.0035,0.0013,0.0022,0.0010,0.0009
1063,0.0086,0.0062,0.0071,0.0035,0.0017,0.0029,0.0008,0.0010
1064,0.0085,0.0061,0.0071,0.0035,0.0016,0.0026,0.0008,0.0010
1065,0.0085,0.0060,0.0071,0.0035,0.0014,0.0023,0.0009,0.0009
1066,0.0085,0.0060,0.0071,0.0035,0.0013,0.0021,0.0009,0.0009
1067,0.0085,0.0060,0.0071,0.0035,0.0013,0.0020,0.0010,0.0009
1068,0.0085,0.0054,0.0071,0.0035,0.0011,0.0009,0.0007,0.0009
1069,0.0085,0.0060,0.0071,0.0035,0.0013,0.0021,0.0010,0.0009
1070,0.0085,0.0060,0.0071,0.0035,0.0013,0.0021,0.0010,0.0009
1071,0.0085,0.0060,0.0071,0.0035,0.0013,0.0022,0.0009,0.0009
1072,0.0085,0.0060,0.0071,0.0035,0.0013,0.0023,0.0009,0.0009
1073,0.0085,0.0062,0.0071,0.0035,0.0015,0.0027,0.0008,0.0009
1074,0.0094,0.0061,0.0072,0.0038,0.0033,0.0024,0.0011,0.0016
1075,0.0088,0.0060,0.0072,0.0037,0.0019,0.0021,0.0012,0.0015
1076,0.0090,0.0064,0.0072,0.0037,0.0025,0.0032,0.0014,0.0015
1077,0.0093,0.0070,0.0072,0.0037,0.0035,0.0042,0.0014,0.0014
1078,0.0089,0.0066,0.0073,0.0035,0.0027,0.0035,0.0019,0.0010
1079,0.0085,0.0054,0.0071,0.0035,0.0011,0.0009,0.0007,0.0009
1080,0.0097,0.0075,0.0071,0.0036,0.0043,0.0049,0.0012,0.0012
1081,0.0095,0.0074,0.0071,0.0036,0.0040,0.0047,0.0011,0.0011
1082,0.0092,0.0070,0.0071,0.0035,0.0035,0.0043,0.0009,0.0010
1083,0.0089,0.0066,0.0071,0.0035,0.0028,0.0036,0.0008,0.0010
1084,0.0087,0.0063,0.0071,0.0035,0.0022,0.0030,0.0008,0.0009
1085,0.0085,0.0059,0.0071,0.0035,0.0011,0.0018,0.0012,0.0009
1086,0.0086,0.0060,0.0071,0.0035,0.0016,0.0022,0.0013,0.0009
1087,0.0089,0.0066,0.0072,0.0035,0.0028,0.0036,0.0014,0.0010
1088,0.0091,0.0070,0.0072,0.0035,0.0033,0.0042,0.0015,0.0010
1089,0.0090,0.0069,0.0072,0.0035,0.0031,0.0040,0.0017,0.0010
1090,0.0085,0.0054,0.0071,0.0035,0.0011,0.0009,0.0007,0.0009
1091,0.0089,0.0066,0.0073,0.0035,0.0027,0.0035,0.0019,0.0010
1092,0.0087,0.0063,0.0073,0.0035,0.0022,0.0026,0.0020,0.0010
1093,0.0086,0.0061,0.0074,0.0036,0.0016,0.0020,0.0021,0.0010
1094,0.0085,0.0062,0.0074,0.0036,0.0010,0.0024,0.0021,0.0011
1095,0.0085,0.0064,0.0074,0.0037,0.0012,0.0028,0.0020,0.0013
1096,0.0086,0.0063,0.0075,0.0044,0.0016,0.0020,0.0025,0.0013
1097,0.0087,0.0062,0.0072,0.0043,0.0022,0.0019,0.0018,0.0014
1098,0.0091,0.0061,0.0072,0.0041,0.0032,0.0019,0.0014,0.0015
1099,0.0090,0.0061,0.0071,0.0040,0.0030,0.0024,0.0013,0.0015
1100,0.0086,0.0064,0.0071,0.0039,0.0020,0.0033,0.0012,0.0015
1101,0.0085,0.0054,0.0071,0.0035,0.0011,0.0009,0.0007,0.0009
1102,0.0085,0.0066,0.0071,0.0038,0.0014,0.0035,0.0012,0.0015
1103,0.0085,0.0064,0.0071,0.0037,0.0011,0.0032,0.0012,0.0014
1104,0.0085,0.0061,0.0071,0.0036,0.0010,0.0026,0.0011,0.0013
1105,0.0085,0.0060,0.0071,0.0036,0.0010,0.0020,0.0011,0.0011
1106,0.0085,0.0059,0.0071,0.0035,0.0012,0.0018,0.0010,0.0010
1107,0.0085,0.0060,0.0071,0.0035,0.0013,0.0019,0.0009,0.0009
1108,0.0085,0.0059,0.0071,0.0035,0.0011,0.0017,0.0009,0.0011
1109,0.0085,0.0059,0.0071,0.0037,0.0012,0.0019,0.0008,0.0013
1110,0.0085,0.0060,0.0071,0.0038,0.0014,0.0023,0.0008,0.0016
1111,0.0086,0.0061,0.0071,0.0039,0.0017,0.0025,0.0009,0.0018
1112,0.0085,0.0054,0.0071,0.0035,0.0011,0.0009,0.0007,0.0009
1113,0.0086,0.0061,0.0071,0.0040,0.0020,0.0023,0.0011,0.0018
1114,0.0088,0.0060,0.0071,0.0040,0.0024,0.0019,0.0013,0.0016
1115,0.0086,0.0063,0.0072,0.0041,0.0020,0.0028,0.0014,0.0014
1116,0.0085,0.0069,0.0072,0.0042,0.0010,0.0038,0.0014,0.0013
1117,0.0087,0.0076,0.0071,0.0045,0.0021,0.0049,0.0012,0.0018
1118,0.0085,0.0060,0.0071,0.0035,0.0013,0.0020,0.0010,0.0009
1119,0.0085,0.0060,0.0071,0.0035,0.0013,0.0020,0.0010,0.0009
1120,0.0085,0.0060,0.0071,0.0035,0.0013,0.0020,0.0010,0.0009
1121,0.0085,0.0060,0.0071,0.0035,0.0013,0.0020,0.0010,0.0009
1122,0.0085,0.0060,0.0071,0.0035,0.0013,0.0020,0.0010,0.0009
1123,0.0085,0.0054,0.0071,0.0035,0.0011,0.0009,0.0007,0.0009
1124,0.0085,0.0060,0.0071,0.0035,0.0013,0.0020,0.0010,0.0009
1125,0.0085,0.0060,0.0071,0.0035,0.0013,0.0020,0.0010,0.0009
1126,0.0085,0.0060,0.0071,0.0035,0.0013,0.0020,0.0010,0.0009
1127,0.0085,0.0060,0.0071,0.0035,0.0013,0.0020,0.0010,0.0009
1128,0.0085,0.0060,0.0071,0.0035,0.0013,0.0020,0.0010,0.0009
1129,0.0085,0.0060,0.0071,0.0035,0.0013,0.0020,0.0010,0.0009
1130,0.0085,0.0060,0.0071,0.0035,0.0013,0.0020,0.0010,0.0009
1131,0.0085,0.0060,0.0071,0.0035,0.0013,0.0020,0.0010,0.0009
1132,0.0085,0.0060,0.0071,0.0035,0.0013,0.0020,0.0010,0.0009
1133,0.0085,0.0060,0.0071,0.0035,0.0013,0.0020,0.0010,0.0009
1134,0.0085,0.0054,0.0071,0.0035,0.0011,0.0009,0.0007,0.0009
1135,0.0085,0.0060,0.0071,0.0035,0.0013,0.0020,0.0010,0.0009
1136,0.0085,0.0060,0.0071,0.0035,0.0013,0.0020,0.0010,0.0009
1137,0.0085,0.0060,0.0071,0.0035,0.0013,0.0020,0.0010,0.0009
1138,0.0085,0.0060,0.0071,0.0035,0.0013,0.0020,0.0010,0.0009
1139,0.0085,0.0060,0.0071,0.0035,0.0013,0.0020,0.0010,0.0009
1140,0.0085,0.0059,0.0071,0.0035,0.0014,0.0020,0.0011,0.0009
1141,0.0086,0.0059,0.0071,0.0035,0.0017,0.0018,0.0014,0.0009
1142,0.0086,0.0059,0.0072,0.0035,0.0016,0.0017,0.0015,0.0009
1143,0.0085,0.0059,0.0071,0.0035,0.0014,0.0017,0.0013,0.0009
1144,0.0085,0.0060,0.0071,0.0035,0.0013,0.0023,0.0009,0.0009
1145,0.0085,0.0054,0.0071,0.0035,0.0011,0.0009,0.0007,0.0009
1146,0.0085,0.0064,0.0071,0.0035,0.0014,0.0033,0.0012,0.0011
1147,0.0085,0.0062,0.0071,0.0035,0.0012,0.0031,0.0011,0.0010
1148,0.0085,0.0061,0.0071,0.0035,0.0010,0.0028,0.0010,0.0009
1149,0.0085,0.0061,0.0071,0.0035,0.0011,0.0026,0.0010,0.0009
1150,0.0085,0.0060,0.0071,0.0035,0.0010,0.0025,0.0009,0.0009
1151,0.0085,0.0061,0.0071,0.0035,0.0010,0.0026,0.0010,0.0009
1152,0.0085,0.0061,0.0071,0.0035,0.0010,0.0026,0.0010,0.0009
1153,0.0085,0.0061,0.0071,0.0035,0.0010,0.0027,0.0011,0.0009
1154,0.0085,0.0062,0.0071,0.0035,0.0009,0.0029,0.0011,0.0009
1155,0.0085,0.0063,0.0071,0.0035,0.0011,0.0032,0.0012,0.0010
1156,0.0085,0.0054,0.0071,0.0035,0.0011,0.0009,0.0007,0.0009
1157,0.0096,0.0060,0.0072,0.0038,0.0039,0.0023,0.0014,0.0017
1158,0.0088,0.0059,0.0072,0.0038,0.0019,0.0021,0.0016,0.0016
1159,0.0088,0.0064,0.0073,0.0037,0.0020,0.0033,0.0018,0.0015
1160,0.0090,0.0070,0.0073,0.0037,0.0029,0.0043,0.0019,0.0014
1161,0.0087,0.0070,0.0072,0.0035,0.0024,0.0043,0.0013,0.0010
1162,0.0093,0.0077,0.0072,0.0036,0.0037,0.0052,0.0018,0.0012
1163,0.0092,0.0075,0.0072,0.0036,0.0034,0.0050,0.0017,0.0011
1164,0.0089,0.0072,0.0072,0.0035,0.0029,0.0046,0.0015,0.0010
1165,0.0087,0.0068,0.0071,0.0035,0.0023,0.0040,0.0013,0.0010
1166,0.0086,0.0064,0.0071,0.0035,0.0017,0.0034,0.0011,0.0009
1167,0.0085,0.0054,0.0071,0.0035,0.0008,0.0010,0.0007,0.0010
1168,0.0085,0.0054,0.0071,0.0035,0.0011,0.0009,0.0007,0.0009
1169,0.0085,0.0060,0.0071,0.0035,0.0011,0.0022,0.0008,0.0009
1170,0.0085,0.0062,0.0071,0.0035,0.0012,0.0029,0.0009,0.0009
1171,0.0087,0.0071,0.0071,0.0035,0.0024,0.0044,0.0010,0.0010
1172,0.0089,0.0075,0.0071,0.0035,0.0029,0.0050,0.0010,0.0010
1173,0.0089,0.0074,0.0071,0.0035,0.0028,0.0049,0.0011,0.0010
1174,0.0087,0.0070,0.0072,0.0035,0.0024,0.0043,0.0013,0.0010
1175,0.0086,0.0065,0.0072,0.0035,0.0019,0.0033,0.0015,0.0010
1176,0.0085,0.0062,0.0073,0.0036,0.0012,0.0024,0.0016,0.0010
1177,0.0085,0.0061,0.0073,0.0036,0.0012,0.0022,0.0017,0.0010
1178,0.0086,0.0062,0.0073,0.0036,0.0016,0.0025,0.0017,0.0012
1179,0.0085,0.0054,0.0071,0.0035,0.0011,0.0009,0.0007,0.0009
1180,0.0087,0.0063,0.0074,0.0044,0.0022,0.0023,0.0022,0.0014
1181,0.0086,0.0062,0.0072,0.0042,0.0017,0.0024,0.0015,0.0012
1182,0.0088,0.0061,0.0071,0.0041,0.0027,0.0020,0.0011,0.0012
1183,0.0088,0.0060,0.0071,0.0039,0.0025,0.0019,0.0010,0.0013
1184,0.0085,0.0061,0.0071,0.0038,0.0016,0.0027,0.0009,0.0013
1185,0.0085,0.0062,0.0071,0.0038,0.0010,0.0030,0.0009,0.0013
1186,0.0085,0.0061,0.0071,0.0037,0.0010,0.0026,0.0008,0.0012
1187,0.0085,0.0059,0.0071,0.0036,0.0011,0.0020,0.0008,0.0012
1188,0.0085,0.0059,0.0071,0.0035,0.0012,0.0017,0.0008,0.0011
1189,0.0085,0.0059,0.0071,0.0035,0.0010,0.0022,0.0009,0.0009
1190,0.0085,0.0054,0.0071,0.0035,0.0011,0.0009,0.0007,0.0009
1191,0.0085,0.0060,0.0071,0.0035,0.0010,0.0025,0.0010,0.0009
1192,0.0085,0.0059,0.0071,0.0035,0.0010,0.0020,0.0011,0.0011
1193,0.0085,0.0059,0.0071,0.0036,0.0010,0.0017,0.0012,0.0012
1194,0.0085,0.0059,0.0071,0.0037,0.0010,0.0018,0.0014,0.0014
1195,0.0085,0.0059,0.0072,0.0038,0.0012,0.0019,0.0015,0.0015
1196,0.0085,0.0059,0.0072,0.0039,0.0014,0.0018,0.0017,0.0015
1197,0.0086,0.0061,0.0073,0.0039,0.0019,0.0025,0.0019,0.0014
1198,0.0085,0.0066,0.0073,0.0041,0.0015,0.0036,0.0020,0.0013
1199,0.0085,0.0073,0.0073,0.0044,0.0011,0.0046,0.0019,0.0018
1200,0.0088,0.0083,0.0072,0.0049,0.0027,0.0057,0.0016,0.0026
1201,0.0085,0.0054,0.0071,0.0035,0.0011,0.0009,0.0007,0.0009
1202,0.0085,0.0060,0.0071,0.0035,0.0010,0.0026,0.0009,0.0009
1203,0.0085,0.0060,0.0071,0.0035,0.0010,0.0026,0.0009,0.0009
1204,0.0085,0.0060,0.0071,0.0035,0.0010,0.0026,0.0009,0.0009
1205,0.0085,0.0060,0.0071,0.0035,0.0010,0.0026,0.0009,0.0009
1206,0.0085,0.0060,0.0071,0.0035,0.0010,0.0026,0.0009,0.0009
1207,0.0085,0.0060,0.0071,0.0035,0.0010,0.0026,0.0009,0.0009
1208,0.0085,0.0060,0.0071,0.0035,0.0010,0.0026,0.0009,0.0009
1209,0.0085,0.0060,0.0071,0.0035,0.0010,0.0026,0.0009,0.0009
1210,0.0085,0.0060,0.0071,0.0035,0.0010,0.0026,0.0009,0.0009
1211,0.0085,0.0060,0.0071,0.0035,0.0010,0.0026,0.0009,0.0009
1212,0.0085,0.0054,0.0071,0.0035,0.0011,0.0009,0.0007,0.0009
1213,0.0085,0.0060,0.0071,0.0035,0.0010,0.0026,0.0009,0.0009
1214,0.0085,0.0060,0.0071,0.0035,0.0010,0.0026,0.0009,0.0009
1215,0.0085,0.0060,0.0071,0.0035,0.0010,0.0026,0.0009,0.0009
1216,0.0085,0.0060,0.0071,0.0035,0.0010,0.0026,0.0009,0.0009
1217,0.0085,0.0060,0.0071,0.0035,0.0010,0.0026,0.0009,0.0009
1218,0.0085,0.0060,0.0071,0.0035,0.0010,0.0026,0.0009,0.0009
1219,0.0085,0.0060,0.0071,0.0035,0.0010,0.0026,0.0009,0.0009
1220,0.0085,0.0060,0.0071,0.0035,0.0010,0.0026,0.0009,0.0009
1221,0.0085,0.0060,0.0071,0.0035,0.0010,0.0026,0.0009,0.0009
1222,0.0085,0.0060,0.0071,0.0035,0.0010,0.0026,0.0009,0.0009
1223,0.0085,0.0054,0.0071,0.0035,0.0009,0.0008,0.0007,0.0010
1224,0.0085,0.0055,0.0071,0.0035,0.0008,0.0012,0.0007,0.0009
1225,0.0085,0.0054,0.0071,0.0035,0.0009,0.0009,0.0006,0.0010
1226,0.0085,0.0054,0.0071,0.0035,0.0008,0.0009,0.0006,0.0010
1227,0.0085,0.0054,0.0071,0.0035,0.0007,0.0009,0.0007,0.0010
1228,0.0085,0.0054,0.0071,0.0035,0.0010,0.0009,0.0006,0.0009
1229,0.0085,0.0055,0.0071,0.0035,0.0006,0.0011,0.0009,0.0009
1230,0.0085,0.0055,0.0071,0.0035,0.0005,0.0011,0.0008,0.0009
1231,0.0085,0.0054,0.0071,0.0035,0.0006,0.0010,0.0007,0.0009
1232,0.0085,0.0054,0.0071,0.0035,0.0008,0.0010,0.0006,0.0009
1233,0.0085,0.0054,0.0070,0.0035,0.0008,0.0010,0.0006,0.0009
1234,0.0085,0.0054,0.0070,0.0035,0.0009,0.0008,0.0006,0.0010
1235,0.0085,0.0054,0.0070,0.0035,0.0009,0.0010,0.0006,0.0009
1236,0.0085,0.0054,0.0070,0.0035,0.0009,0.0010,0.0006,0.0009
1237,0.0085,0.0054,0.0071,0.0035,0.0008,0.0010,0.0006,0.0008
1238,0.0085,0.0055,0.0071,0.0035,0.0007,0.0011,0.0007,0.0008
1239,0.0085,0.0055,0.0071,0.0035,0.0006,0.0012,0.0008,0.0008
1240,0.0101,0.0057,0.0071,0.0036,0.0043,0.0017,0.0007,0.0011
1241,0.0092,0.0056,0.0071,0.0035,0.0030,0.0016,0.0007,0.0010
1242,0.0088,0.0056,0.0071,0.0035,0.0019,0.0015,0.0008,0.0009
1243,0.0086,0.0056,0.0071,0.0035,0.0013,0.0014,0.0009,0.0009
1244,0.0085,0.0056,0.0072,0.0037,0.0009,0.0016,0.0016,0.0017
1245,0.0085,0.0054,0.0070,0.0035,0.0011,0.0007,0.0007,0.0010
1246,0.0085,0.0055,0.0071,0.0035,0.0013,0.0011,0.0009,0.0008
1247,0.0086,0.0054,0.0071,0.0035,0.0016,0.0010,0.0008,0.0007
1248,0.0086,0.0054,0.0071,0.0035,0.0018,0.0010,0.0008,0.0007
1249,0.0086,0.0055,0.0071,0.0035,0.0018,0.0012,0.0007,0.0008
1250,0.0086,0.0055,0.0070,0.0035,0.0017,0.0013,0.0006,0.0009
1251,0.0085,0.0054,0.0071,0.0035,0.0007,0.0009,0.0006,0.0010
1252,0.0085,0.0054,0.0071,0.0035,0.0010,0.0010,0.0008,0.0011
1253,0.0085,0.0055,0.0071,0.0036,0.0011,0.0010,0.0010,0.0013
1254,0.0085,0.0055,0.0071,0.0036,0.0011,0.0011,0.0012,0.0014
1255,0.0085,0.0055,0.0071,0.0037,0.0010,0.0014,0.0014,0.0016
1256,0.0085,0.0054,0.0070,0.0035,0.0012,0.0007,0.0007,0.0009
1257,0.0085,0.0056,0.0072,0.0037,0.0009,0.0016,0.0016,0.0017
1258,0.0085,0.0056,0.0073,0.0038,0.0008,0.0018,0.0019,0.0018
1259,0.0085,0.0057,0.0074,0.0038,0.0008,0.0019,0.0022,0.0018
1260,0.0085,0.0057,0.0076,0.0038,0.0007,0.0019,0.0026,0.0018
1261,0.0085,0.0057,0.0078,0.0038,0.0007,0.0018,0.0030,0.0017
1262,0.0087,0.0085,0.0071,0.0039,0.0020,0.0056,0.0011,0.0019
1263,0.0085,0.0075,0.0071,0.0036,0.0013,0.0046,0.0011,0.0011
1264,0.0085,0.0067,0.0071,0.0035,0.0007,0.0037,0.0010,0.0010
1265,0.0085,0.0062,0.0071,0.0036,0.0008,0.0029,0.0010,0.0013
1266,0.0085,0.0059,0.0071,0.0037,0.0010,0.0023,0.0009,0.0015
1267,0.0085,0.0054,0.0070,0.0035,0.0008,0.0007,0.0006,0.0010
1268,0.0085,0.0057,0.0071,0.0037,0.0011,0.0019,0.0008,0.0015
1269,0.0085,0.0056,0.0071,0.0037,0.0010,0.0015,0.0007,0.0015
1270,0.0085,0.0055,0.0071,0.0036,0.0008,0.0013,0.0006,0.0014
1271,0.0085,0.0055,0.0071,0.0036,0.0005,0.0012,0.0006,0.0013
1272,0.0085,0.0055,0.0070,0.0035,0.0008,0.0011,0.0006,0.0011
1273,0.0085,0.0054,0.0070,0.0035,0.0010,0.0009,0.0006,0.0008
1274,0.0085,0.0054,0.0071,0.0035,0.0010,0.0008,0.0006,0.0008
1275,0.0085,0.0054,0.0071,0.0035,0.0009,0.0009,0.0007,0.0009
1276,0.0085,0.0054,0.0071,0.0035,0.0009,0.0010,0.0007,0.0009
1277,0.0085,0.0054,0.0071,0.0036,0.0009,0.0009,0.0009,0.0011
1278,0.0085,0.0054,0.0071,0.0035,0.0009,0.0009,0.0007,0.0009
1279,0.0085,0.0054,0.0070,0.0035,0.0008,0.0007,0.0005,0.0010
1280,0.0085,0.0054,0.0071,0.0037,0.0010,0.0009,0.0010,0.0015
1281,0.0085,0.0055,0.0071,0.0041,0.0012,0.0012,0.0012,0.0022
1282,0.0086,0.0056,0.0071,0.0047,0.0015,0.0018,0.0014,0.0030
1283,0.0086,0.0059,0.0072,0.0057,0.0018,0.0025,0.0016,0.0040
1284,0.0088,0.0065,0.0073,0.0070,0.0023,0.0034,0.0018,0.0053
1285,0.0085,0.0054,0.0070,0.0035,0.0009,0.0010,0.0006,0.0009
1286,0.0085,0.0054,0.0070,0.0035,0.0009,0.0010,0.0006,0.0009
1287,0.0085,0.0054,0.0070,0.0035,0.0009,0.0010,0.0006,0.0009
1288,0.0085,0.0054,0.0070,0.0035,0.0009,0.0010,0.0006,0.0009
1289,0.0085,0.0054,0.0070,0.0035,0.0009,0.0010,0.0006,0.0009
1290,0.0085,0.0054,0.0070,0.0035,0.0007,0.0007,0.0005,0.0010
1291,0.0085,0.0054,0.0070,0.0035,0.0009,0.0010,0.0006,0.0009
1292,0.0085,0.0054,0.0070,0.0035,0.0009,0.0010,0.0006,0.0009
1293,0.0085,0.0054,0.0070,0.0035,0.0009,0.0010,0.0006,0.0009
1294,0.0085,0.0054,0.0070,0.0035,0.0009,0.0010,0.0006,0.0009
1295,0.0085,0.0054,0.0070,0.0035,0.0009,0.0010,0.0006,0.0009
1296,0.0085,0.0054,0.0070,0.0035,0.0009,0.0010,0.0006,0.0009
1297,0.0085,0.0054,0.0070,0.0035,0.0009,0.0010,0.0006,0.0009
1298,0.0085,0.0054,0.0070,0.0035,0.0009,0.0010,0.0006,0.0009
1299,0.0085,0.0054,0.0070,0.0035,0.0009,0.0010,0.0006,0.0009
1300,0.0085,0.0054,0.0070,0.0035,0.0009,0.0010,0.0006,0.0009
1301,0.0085,0.0054,0.0070,0.0035,0.0008,0.0007,0.0006,0.0011
1302,0.0085,0.0054,0.0070,0.0035,0.0009,0.0010,0.0006,0.0009
1303,0.0085,0.0054,0.0070,0.0035,0.0009,0.0010,0.0006,0.0009
1304,0.0085,0.0054,0.0070,0.0035,0.0009,0.0010,0.0006,0.0009
1305,0.0085,0.0054,0.0070,0.0035,0.0009,0.0010,0.0006,0.0009
1306,0.0085,0.0054,0.0070,0.0035,0.0009,0.0010,0.0006,0.0009
1307,0.0085,0.0054,0.0071,0.0035,0.0009,0.0008,0.0007,0.0011
1308,0.0085,0.0054,0.0070,0.0035,0.0008,0.0008,0.0006,0.0011
1309,0.0085,0.0054,0.0070,0.0035,0.0007,0.0007,0.0005,0.0010
1310,0.0085,0.0054,0.0070,0.0035,0.0009,0.0007,0.0005,0.0010
1311,0.0085,0.0054,0.0071,0.0035,0.0009,0.0008,0.0006,0.0010
1312,0.0085,0.0054,0.0070,0.0035,0.0008,0.0007,0.0006,0.0010
1313,0.0085,0.0054,0.0071,0.0035,0.0009,0.0007,0.0006,0.0011
1314,0.0085,0.0054,0.0070,0.0035,0.0008,0.0007,0.0006,0.0011
1315,0.0085,0.0054,0.0070,0.0035,0.0008,0.0007,0.0006,0.0011
1316,0.0085,0.0054,0.0070,0.0035,0.0008,0.0007,0.0006,0.0011
1317,0.0085,0.0054,0.0070,0.0035,0.0007,0.0007,0.0006,0.0011
1318,0.0085,0.0054,0.0070,0.0035,0.0007,0.0007,0.0005,0.0010
1319,0.0085,0.0054,0.0070,0.0035,0.0007,0.0008,0.0005,0.0010
1320,0.0085,0.0054,0.0070,0.0035,0.0007,0.0007,0.0005,0.0010
1321,0.0085,0.0054,0.0070,0.0035,0.0007,0.0007,0.0005,0.0010
1322,0.0085,0.0054,0.0070,0.0035,0.0007,0.0009,0.0006,0.0010
1323,0.0085,0.0054,0.0070,0.0035,0.0008,0.0007,0.0006,0.0010
1324,0.0087,0.0056,0.0071,0.0036,0.0019,0.0016,0.0007,0.0010
1325,0.0086,0.0055,0.0071,0.0035,0.0014,0.0012,0.0008,0.0009
1326,0.0085,0.0055,0.0071,0.0035,0.0011,0.0010,0.0008,0.0009
1327,0.0085,0.0054,0.0071,0.0035,0.0011,0.0009,0.0008,0.0009
1328,0.0085,0.0055,0.0071,0.0036,0.0013,0.0012,0.0007,0.0014
1329,0.0085,0.0054,0.0071,0.0035,0.0013,0.0008,0.0007,0.0009
1330,0.0086,0.0054,0.0071,0.0035,0.0014,0.0007,0.0006,0.0010
1331,0.0086,0.0054,0.0070,0.0035,0.0015,0.0008,0.0006,0.0010
1332,0.0086,0.0054,0.0070,0.0035,0.0015,0.0009,0.0006,0.0010
1333,0.0085,0.0055,0.0070,0.0035,0.0014,0.0011,0.0005,0.0011
1334,0.0085,0.0054,0.0070,0.0035,0.0009,0.0008,0.0006,0.0010
1335,0.0086,0.0055,0.0070,0.0035,0.0016,0.0013,0.0006,0.0011
1336,0.0087,0.0056,0.0070,0.0035,0.0022,0.0017,0.0006,0.0011
1337,0.0088,0.0056,0.0070,0.0035,0.0022,0.0018,0.0005,0.0012
1338,0.0087,0.0056,0.0070,0.0035,0.0020,0.0016,0.0006,0.0012
1339,0.0086,0.0055,0.0070,0.0036,0.0017,0.0014,0.0006,0.0013
1340,0.0085,0.0055,0.0071,0.0036,0.0013,0.0012,0.0007,0.0014
1341,0.0085,0.0055,0.0071,0.0036,0.0009,0.0011,0.0008,0.0015
1342,0.0085,0.0055,0.0071,0.0037,0.0007,0.0011,0.0009,0.0015
1343,0.0085,0.0055,0.0071,0.0037,0.0010,0.0011,0.0010,0.0015
1344,0.0085,0.0055,0.0071,0.0037,0.0013,0.0014,0.0011,0.0015
1345,0.0085,0.0054,0.0070,0.0035,0.0009,0.0008,0.0006,0.0010
1346,0.0089,0.0055,0.0071,0.0035,0.0027,0.0012,0.0012,0.0009
1347,0.0085,0.0054,0.0071,0.0036,0.0012,0.0010,0.0011,0.0012
1348,0.0085,0.0055,0.0071,0.0038,0.0011,0.0011,0.0010,0.0017
1349,0.0087,0.0055,0.0071,0.0040,0.0019,0.0013,0.0009,0.0021
1350,0.0087,0.0055,0.0071,0.0041,0.0022,0.0014,0.0008,0.0023
1351,0.0087,0.0055,0.0071,0.0042,0.0021,0.0013,0.0008,0.0024
1352,0.0086,0.0055,0.0071,0.0041,0.0018,0.0012,0.0008,0.0023
1353,0.0085,0.0054,0.0071,0.0040,0.0013,0.0009,0.0007,0.0021
1354,0.0085,0.0054,0.0071,0.0038,0.0010,0.0007,0.0007,0.0018
1355,0.0085,0.0054,0.0070,0.0036,0.0007,0.0007,0.0006,0.0015
1356,0.0085,0.0054,0.0070,0.0035,0.0008,0.0008,0.0006,0.0009
1357,0.0085,0.0054,0.0070,0.0035,0.0007,0.0008,0.0005,0.0008
1358,0.0085,0.0054,0.0070,0.0035,0.0008,0.0008,0.0006,0.0010
1359,0.0085,0.0054,0.0071,0.0036,0.0008,0.0009,0.0007,0.0013
1360,0.0085,0.0055,0.0071,0.0036,0.0010,0.0010,0.0008,0.0015
1361,0.0085,0.0055,0.0071,0.0037,0.0011,0.0012,0.0010,0.0016
1362,0.0085,0.0055,0.0071,0.0037,0.0010,0.0012,0.0011,0.0015
1363,0.0085,0.0055,0.0071,0.0036,0.0008,0.0011,0.0013,0.0013
1364,0.0085,0.0054,0.0072,0.0035,0.0009,0.0008,0.0015,0.0011
1365,0.0086,0.0054,0.0072,0.0036,0.0016,0.0008,0.0017,0.0012
1366,0.0088,0.0055,0.0073,0.0040,0.0025,0.0013,0.0018,0.0021
1367,0.0085,0.0054,0.0070,0.0035,0.0007,0.0008,0.0006,0.0009
1368,0.0085,0.0054,0.0070,0.0035,0.0007,0.0007,0.0006,0.0011
1369,0.0085,0.0054,0.0070,0.0035,0.0007,0.0007,0.0006,0.0011
1370,0.0085,0.0054,0.0070,0.0035,0.0007,0.0007,0.0006,0.0011
1371,0.0085,0.0054,0.0070,0.0035,0.0007,0.0007,0.0006,0.0011
1372,0.0085,0.0054,0.0070,0.0035,0.0007,0.0007,0.0006,0.0011
1373,0.0085,0.0054,0.0070,0.0035,0.0007,0.0007,0.0006,0.0011
1374,0.0085,0.0054,0.0070,0.0035,0.0007,0.0007,0.0006,0.0011
1375,0.0085,0.0054,0.0070,0.0035,0.0007,0.0007,0.0006,0.0011
1376,0.0085,0.0054,0.0070,0.0035,0.0007,0.0007,0.0006,0.0011
1377,0.0085,0.0054,0.0070,0.0035,0.0007,0.0007,0.0006,0.0011
1378,0.0085,0.0054,0.0070,0.0035,0.0007,0.0009,0.0005,0.0009
1379,0.0085,0.0054,0.0070,0.0035,0.0007,0.0007,0.0006,0.0011
1380,0.0085,0.0054,0.0070,0.0035,0.0007,0.0007,0.0006,0.0011
1381,0.0085,0.0054,0.0070,0.0035,0.0007,0.0007,0.0006,0.0011
1382,0.0085,0.0054,0.0070,0.0035,0.0007,0.0007,0.0006,0.0011
1383,0.0085,0.0054,0.0070,0.0035,0.0007,0.0007,0.0006,0.0011
1384,0.0085,0.0054,0.0070,0.0035,0.0007,0.0007,0.0006,0.0011
1385,0.0085,0.0054,0.0070,0.0035,0.0007,0.0007,0.0006,0.0011
1386,0.0085,0.0054,0.0070,0.0035,0.0007,0.0007,0.0006,0.0011
1387,0.0085,0.0054,0.0070,0.0035,0.0007,0.0007,0.0006,0.0011
1388,0.0085,0.0054,0.0070,0.0035,0.0007,0.0007,0.0006,0.0011
1389,0.0085,0.0054,0.0071,0.0035,0.0010,0.0009,0.0007,0.0009
1390,0.0087,0.0055,0.0071,0.0036,0.0018,0.0013,0.0008,0.0009
1391,0.0085,0.0055,0.0070,0.0035,0.0007,0.0013,0.0006,0.0010
1392,0.0085,0.0055,0.0071,0.0035,0.0007,0.0012,0.0006,0.0010
1393,0.0085,0.0054,0.0071,0.0035,0.0010,0.0008,0.0007,0.0012
1394,0.0085,0.0054,0.0070,0.0035,0.0007,0.0009,0.0006,0.0011
1395,0.0085,0.0054,0.0071,0.0035,0.0009,0.0009,0.0007,0.0011
1396,0.0085,0.0054,0.0071,0.0035,0.0011,0.0010,0.0007,0.0012
1397,0.0085,0.0054,0.0071,0.0035,0.0011,0.0009,0.0007,0.0012
1398,0.0085,0.0054,0.0071,0.0035,0.0010,0.0008,0.0007,0.0012
1399,0.0085,0.0054,0.0071,0.0035,0.0010,0.0008,0.0007,0.0012
1400,0.0085,0.0054,0.0071,0.0035,0.0009,0.0008,0.0007,0.0011
1401,0.0086,0.0055,0.0071,0.0035,0.0013,0.0010,0.0010,0.0009
1402,0.0085,0.0054,0.0071,0.0035,0.0009,0.0009,0.0007,0.0011
1403,0.0085,0.0054,0.0071,0.0035,0.0009,0.0010,0.0007,0.0011
1404,0.0085,0.0054,0.0071,0.0035,0.0009,0.0009,0.0007,0.0011
1405,0.0085,0.0055,0.0071,0.0035,0.0010,0.0010,0.0007,0.0011
1406,0.0085,0.0055,0.0071,0.0035,0.0009,0.0013,0.0007,0.0010
1407,0.0093,0.0056,0.0071,0.0036,0.0031,0.0014,0.0012,0.0010
1408,0.0087,0.0055,0.0071,0.0036,0.0019,0.0013,0.0012,0.0010
1409,0.0085,0.0057,0.0071,0.0035,0.0009,0.0019,0.0012,0.0010
1410,0.0085,0.0059,0.0071,0.0035,0.0009,0.0023,0.0011,0.0010
1411,0.0086,0.0055,0.0071,0.0036,0.0018,0.0010,0.0010,0.0012
1412,0.0085,0.0055,0.0071,0.0035,0.0010,0.0010,0.0010,0.0009
1413,0.0085,0.0060,0.0071,0.0035,0.0014,0.0024,0.0009,0.0010
1414,0.0085,0.0058,0.0071,0.0035,0.0014,0.0022,0.0007,0.0010
1415,0.0085,0.0057,0.0070,0.0035,0.0013,0.0017,0.0006,0.0010
1416,0.0085,0.0055,0.0070,0.0035,0.0011,0.0013,0.0005,0.0010
1417,0.0085,0.0054,0.0070,0.0035,0.0010,0.0009,0.0006,0.0011
1418,0.0086,0.0055,0.0071,0.0035,0.0019,0.0012,0.0008,0.0011
1419,0.0090,0.0057,0.0071,0.0035,0.0028,0.0018,0.0009,0.0011
1420,0.0091,0.0057,0.0071,0.0035,0.0030,0.0020,0.0009,0.0011
1421,0.0090,0.0057,0.0071,0.0035,0.0029,0.0018,0.0009,0.0011
1422,0.0088,0.0055,0.0071,0.0035,0.0024,0.0014,0.0010,0.0011
1423,0.0085,0.0055,0.0071,0.0035,0.0010,0.0011,0.0010,0.0009
1424,0.0086,0.0055,0.0071,0.0036,0.0018,0.0010,0.0010,0.0012
1425,0.0085,0.0054,0.0071,0.0036,0.0011,0.0009,0.0011,0.0013
1426,0.0085,0.0054,0.0071,0.0036,0.0007,0.0010,0.0011,0.0014
1427,0.0085,0.0055,0.0071,0.0036,0.0012,0.0011,0.0011,0.0014
1428,0.0086,0.0055,0.0071,0.0037,0.0017,0.0011,0.0011,0.0014
1429,0.0091,0.0055,0.0077,0.0038,0.0032,0.0014,0.0028,0.0018
1430,0.0085,0.0054,0.0075,0.0035,0.0009,0.0009,0.0024,0.0011
1431,0.0086,0.0054,0.0074,0.0035,0.0018,0.0008,0.0021,0.0010
1432,0.0089,0.0054,0.0073,0.0036,0.0026,0.0009,0.0018,0.0014
1433,0.0089,0.0054,0.0072,0.0038,0.0027,0.0009,0.0016,0.0017
1434,0.0085,0.0055,0.0070,0.0036,0.0010,0.0015,0.0006,0.0015
1435,0.0088,0.0054,0.0072,0.0039,0.0024,0.0009,0.0015,0.0019
1436,0.0086,0.0054,0.0071,0.0039,0.0019,0.0009,0.0013,0.0020
1437,0.0085,0.0054,0.0071,0.0038,0.0014,0.0009,0.0011,0.0019
1438,0.0085,0.0054,0.0071,0.0037,0.0011,0.0008,0.0010,0.0017
1439,0.0085,0.0054,0.0071,0.0036,0.0009,0.0009,0.0008,0.0014
1440,0.0085,0.0054,0.0070,0.0035,0.0009,0.0008,0.0006,0.0009
1441,0.0085,0.0054,0.0070,0.0035,0.0011,0.0008,0.0005,0.0009
1442,0.0085,0.0054,0.0070,0.0035,0.0014,0.0009,0.0006,0.0010
1443,0.0086,0.0055,0.0071,0.0036,0.0018,0.0010,0.0007,0.0012
1444,0.0088,0.0055,0.0071,0.0036,0.0023,0.0013,0.0008,0.0013
1445,0.0085,0.0054,0.0071,0.0035,0.0014,0.0010,0.0010,0.0010
1446,0.0088,0.0056,0.0071,0.0036,0.0024,0.0015,0.0009,0.0014
1447,0.0087,0.0056,0.0071,0.0036,0.0022,0.0016,0.0010,0.0013
1448,0.0086,0.0056,0.0071,0.0035,0.0018,0.0016,0.0011,0.0011
1449,0.0085,0.0056,0.0071,0.0035,0.0010,0.0014,0.0011,0.0009
1450,0.0085,0.0055,0.0071,0.0036,0.0013,0.0011,0.0012,0.0014
1451,0.0085,0.0054,0.0071,0.0035,0.0009,0.0008,0.0007,0.0011
1452,0.0085,0.0054,0.0071,0.0035,0.0009,0.0008,0.0007,0.0011
1453,0.0085,0.0054,0.0071,0.0035,0.0009,0.0008,0.0007,0.0011
1454,0.0085,0.0054,0.0071,0.0035,0.0009,0.0008,0.0007,0.0011
1455,0.0085,0.0054,0.0071,0.0035,0.0009,0.0008,0.0007,0.0011
1456,0.0086,0.0054,0.0071,0.0035,0.0016,0.0008,0.0009,0.0010
1457,0.0085,0.0054,0.0071,0.0035,0.0009,0.0008,0.0007,0.0011
1458,0.0085,0.0054,0.0071,0.0035,0.0009,0.0008,0.0007,0.0011
1459,0.0085,0.0054,0.0071,0.0035,0.0009,0.0008,0.0007,0.0011
1460,0.0085,0.0054,0.0071,0.0035,0.0009,0.0008,0.0007,0.0011
1461,0.0085,0.0054,0.0071,0.0035,0.0009,0.0008,0.0007,0.0011
1462,0.0085,0.0054,0.0071,0.0035,0.0009,0.0008,0.0007,0.0011
1463,0.0085,0.0054,0.0071,0.0035,0.0009,0.0008,0.0007,0.0011
1464,0.0085,0.0054,0.0071,0.0035,0.0009,0.0008,0.0007,0.0011
1465,0.0085,0.0054,0.0071,0.0035,0.0009,0.0008,0.0007,0.0011
1466,0.0085,0.0054,0.0071,0.0035,0.0009,0.0008,0.0007,0.0011
1467,0.0086,0.0054,0.0071,0.0035,0.0017,0.0007,0.0008,0.0010
1468,0.0085,0.0054,0.0071,0.0035,0.0009,0.0008,0.0007,0.0011
1469,0.0085,0.0054,0.0071,0.0035,0.0009,0.0008,0.0007,0.0011
1470,0.0085,0.0054,0.0071,0.0035,0.0009,0.0008,0.0007,0.0011
1471,0.0085,0.0054,0.0071,0.0035,0.0009,0.0008,0.0007,0.0011
1472,0.0085,0.0054,0.0071,0.0035,0.0009,0.0008,0.0007,0.0011
1473,0.0085,0.0056,0.0071,0.0035,0.0008,0.0014,0.0008,0.0010
1474,0.0085,0.0056,0.0070,0.0035,0.0006,0.0014,0.0006,0.0010
1475,0.0085,0.0054,0.0071,0.0035,0.0012,0.0009,0.0008,0.0012
1476,0.0085,0.0054,0.0071,0.0035,0.0011,0.0010,0.0008,0.0012
1477,0.0085,0.0055,0.0071,0.0035,0.0008,0.0013,0.0007,0.0010
1478,0.0086,0.0054,0.0071,0.0035,0.0017,0.0007,0.0007,0.0010
1479,0.0085,0.0058,0.0071,0.0035,0.0007,0.0020,0.0007,0.0011
1480,0.0085,0.0057,0.0071,0.0035,0.0006,0.0018,0.0007,0.0011
1481,0.0085,0.0056,0.0070,0.0035,0.0007,0.0016,0.0006,0.0011
1482,0.0085,0.0056,0.0070,0.0035,0.0007,0.0015,0.0006,0.0010
1483,0.0085,0.0056,0.0070,0.0035,0.0007,0.0014,0.0006,0.0010
1484,0.0085,0.0056,0.0071,0.0035,0.0007,0.0015,0.0007,0.0010
1485,0.0085,0.0056,0.0071,0.0035,0.0008,0.0015,0.0007,0.0010
1486,0.0085,0.0056,0.0071,0.0035,0.0008,0.0016,0.0008,0.0010
1487,0.0085,0.0057,0.0071,0.0035,0.0008,0.0018,0.0008,0.0010
1488,0.0085,0.0058,0.0071,0.0035,0.0009,0.0020,0.0009,0.0010
1489,0.0086,0.0054,0.0070,0.0035,0.0017,0.0008,0.0007,0.0010
1490,0.0097,0.0057,0.0072,0.0036,0.0039,0.0019,0.0013,0.0011
1491,0.0088,0.0057,0.0072,0.0036,0.0021,0.0016,0.0014,0.0011
1492,0.0085,0.0061,0.0072,0.0036,0.0008,0.0025,0.0013,0.0010
1493,0.0086,0.0065,0.0071,0.0035,0.0016,0.0033,0.0013,0.0010
1494,0.0086,0.0057,0.0071,0.0035,0.0016,0.0018,0.0011,0.0011
1495,0.0087,0.0068,0.0071,0.0035,0.0022,0.0037,0.0011,0.0010
1496,0.0087,0.0067,0.0071,0.0035,0.0021,0.0035,0.0010,0.0010
1497,0.0086,0.0064,0.0071,0.0035,0.0017,0.0031,0.0008,0.0010
1498,0.0085,0.0061,0.0071,0.0035,0.0013,0.0026,0.0007,0.0010
1499,0.0085,0.0058,0.0071,0.0035,0.0009,0.0020,0.0007,0.0010
Total Error Summary
Vdc  MAE=  0.0014 RMSE=  0.0086
Idc  MAE=  0.0020 RMSE=  0.0059
Id   MAE=  0.0010 RMSE=  0.0071
Iq   MAE=  0.0011 RMSE=  0.0036
