Read Model from: ./ucf10t1s/
Export Model to: ./ucf10t1s/ucf10t1s_fhf.json
idx_in [0, 1, 2, 3, 4, 5, 6]
idx_out [7, 8, 9, 10]
make_mimo_block stable2ndx
H1s[0][0]  Real Poles: [-1178.86663799  -780.35507153] Freqs [Hz]: []
H1s[0][1]  Real Poles: [-1076.77831501 -1076.77831501] Freqs [Hz]: [45.24862364223375]
H1s[0][2]  Real Poles: [-1246.3017122  -797.3369046] Freqs [Hz]: []
H1s[0][3]  Real Poles: [-773.56304228 -773.56304228] Freqs [Hz]: [56.27666678252384]
H1s[1][0]  Real Poles: [-1237.57103031  -787.0359389 ] Freqs [Hz]: []
H1s[1][1]  Real Poles: [-1183.22998285 -1183.22998285] Freqs [Hz]: [59.014512259890346]
H1s[1][2]  Real Poles: [-1127.68223882 -1127.68223882] Freqs [Hz]: [54.170725704569]
H1s[1][3]  Real Poles: [-1229.51400983  -721.10131052] Freqs [Hz]: []
H1s[2][0]  Real Poles: [-917.67966747 -917.67966747] Freqs [Hz]: [43.925830920649105]
H1s[2][1]  Real Poles: [-903.22604775 -903.22604775] Freqs [Hz]: [47.47685586493028]
H1s[2][2]  Real Poles: [-1217.94041991 -1217.94041991] Freqs [Hz]: [64.46635344911553]
H1s[2][3]  Real Poles: [-905.14374524 -905.14374524] Freqs [Hz]: [26.617693409587517]
H1s[3][0]  Real Poles: [-843.03256869 -843.03256869] Freqs [Hz]: [48.49628823586588]
H1s[3][1]  Real Poles: [-875.37790835 -875.37790835] Freqs [Hz]: [52.40708242555457]
H1s[3][2]  Real Poles: [-1092.63687671  -929.92550603] Freqs [Hz]: []
H1s[3][3]  Real Poles: [-777.2770524 -777.2770524] Freqs [Hz]: [57.85159942707041]
model_folder = ./ucf10t1s/
model_root = ucf10t1s
data_path = d:/data/ucf3/ucf9c.hdf5
idx_in [0, 1, 2, 3, 4, 5, 6]
idx_out [7, 8, 9, 10]
read 2100 dataframes
dt=0.001000 data_len=4001 n_io=11 n_case=2100
['G', 'Ud', 'Uq', 'Id', 'Iq', 'GIrms', 'Ctrl'] ['Vdc', 'Idc', 'Vd', 'Vq'] (2100, 4001, 11)
make_mimo_block stable2ndx
prepending initial conditions (2100, 500, 11) (2100, 4001, 11) float32 float32
results in (2100, 4501, 11)
Idx,Vdc,Idc,Vd,Vq
#,RMSE,RMSE,RMSE,RMSE
Total,0.0543,0.0163,0.0629,0.0117
0,0.0613,0.0141,0.0824,0.0064
1,0.0613,0.0141,0.0824,0.0064
2,0.0622,0.0087,0.0771,0.0097
3,0.0528,0.0376,0.0860,0.0184
4,0.0448,0.0048,0.0512,0.0061
5,0.0563,0.0159,0.0430,0.0098
6,0.0448,0.0048,0.0512,0.0061
7,0.0454,0.0047,0.0624,0.0089
8,0.0466,0.0100,0.0658,0.0135
9,0.0448,0.0048,0.0512,0.0061
10,0.0448,0.0048,0.0512,0.0061
11,0.0563,0.0159,0.0430,0.0098
12,0.0448,0.0048,0.0512,0.0061
13,0.0466,0.0100,0.0658,0.0135
14,0.0528,0.0376,0.0860,0.0184
15,0.0563,0.0159,0.0430,0.0098
16,0.0448,0.0048,0.0512,0.0061
17,0.0448,0.0048,0.0512,0.0061
18,0.0563,0.0159,0.0430,0.0098
19,0.0453,0.0119,0.0749,0.0129
20,0.0448,0.0048,0.0512,0.0061
21,0.0563,0.0159,0.0430,0.0098
22,0.0448,0.0048,0.0512,0.0061
23,0.0448,0.0048,0.0512,0.0061
24,0.0466,0.0100,0.0658,0.0135
25,0.0528,0.0376,0.0860,0.0184
26,0.1191,0.0161,0.0478,0.0201
27,0.1064,0.0148,0.0479,0.0177
28,0.1241,0.0284,0.0424,0.0238
29,0.0835,0.0122,0.0481,0.0132
30,0.0457,0.0104,0.0743,0.0130
31,0.0543,0.0130,0.0550,0.0122
32,0.0651,0.0096,0.0484,0.0095
33,0.0580,0.0085,0.0487,0.0081
34,0.0720,0.0200,0.0422,0.0127
35,0.0470,0.0094,0.0618,0.0129
36,0.0528,0.0376,0.0860,0.0184
37,0.0461,0.0055,0.0503,0.0061
38,0.0541,0.0148,0.0435,0.0095
39,0.0447,0.0043,0.0550,0.0072
40,0.0451,0.0048,0.0572,0.0081
41,0.0464,0.0095,0.0723,0.0138
42,0.0455,0.0051,0.0610,0.0093
43,0.0443,0.0061,0.0653,0.0066
44,0.0539,0.0128,0.0515,0.0117
45,0.0451,0.0044,0.0636,0.0082
46,0.0449,0.0140,0.0754,0.0131
47,0.0528,0.0376,0.0860,0.0184
48,0.0541,0.0128,0.0562,0.0117
49,0.0439,0.0082,0.0659,0.0062
50,0.0447,0.0081,0.0509,0.0196
51,0.0550,0.0176,0.0426,0.0250
52,0.0465,0.0109,0.0666,0.0160
53,0.0465,0.0109,0.0666,0.0160
54,0.0465,0.0109,0.0666,0.0160
55,0.0465,0.0109,0.0666,0.0160
56,0.0465,0.0109,0.0666,0.0160
57,0.0465,0.0109,0.0666,0.0160
58,0.0620,0.0118,0.0786,0.0060
59,0.0468,0.0141,0.0644,0.0066
60,0.0468,0.0141,0.0644,0.0066
61,0.0499,0.0217,0.0694,0.0099
62,0.0450,0.0126,0.0614,0.0067
63,0.0530,0.0126,0.0613,0.0142
64,0.0461,0.0189,0.0637,0.0095
65,0.0431,0.0093,0.0554,0.0073
66,0.0433,0.0088,0.0533,0.0077
67,0.0416,0.0157,0.0537,0.0098
68,0.0620,0.0143,0.0580,0.0168
69,0.0620,0.0118,0.0786,0.0060
70,0.0490,0.0100,0.0501,0.0092
71,0.0433,0.0165,0.0471,0.0104
72,0.0557,0.0123,0.0495,0.0112
73,0.0596,0.0140,0.0494,0.0127
74,0.0537,0.0121,0.0599,0.0145
75,0.0573,0.0523,0.0602,0.0201
76,0.0564,0.0427,0.0593,0.0182
77,0.0556,0.0322,0.0645,0.0202
78,0.0542,0.0252,0.0597,0.0151
79,0.0565,0.0229,0.0624,0.0165
80,0.0620,0.0118,0.0786,0.0060
81,0.0539,0.0201,0.0661,0.0154
82,0.0507,0.0100,0.0625,0.0102
83,0.0496,0.0096,0.0632,0.0084
84,0.0516,0.0209,0.0680,0.0113
85,0.0533,0.0122,0.0635,0.0133
86,0.0431,0.0093,0.0554,0.0073
87,0.0492,0.0220,0.0700,0.0102
88,0.0457,0.0171,0.0643,0.0101
89,0.0455,0.0179,0.0637,0.0123
90,0.0530,0.0160,0.0609,0.0188
91,0.0597,0.0103,0.0776,0.0062
92,0.0458,0.0180,0.0620,0.0160
93,0.0465,0.0172,0.0606,0.0171
94,0.0486,0.0229,0.0693,0.0195
95,0.0489,0.0183,0.0579,0.0185
96,0.0578,0.0234,0.0581,0.0244
97,0.0530,0.0273,0.0645,0.0209
98,0.0433,0.0088,0.0533,0.0077
99,0.0468,0.0141,0.0644,0.0066
100,0.0499,0.0217,0.0694,0.0099
101,0.0531,0.0137,0.0633,0.0140
102,0.0451,0.0126,0.0839,0.0137
103,0.0468,0.0141,0.0644,0.0066
104,0.0499,0.0217,0.0694,0.0099
105,0.0468,0.0141,0.0644,0.0066
106,0.0468,0.0141,0.0644,0.0066
107,0.0531,0.0137,0.0633,0.0140
108,0.0468,0.0141,0.0644,0.0066
109,0.0468,0.0141,0.0644,0.0066
110,0.0416,0.0157,0.0537,0.0098
111,0.0468,0.0141,0.0644,0.0066
112,0.0531,0.0137,0.0633,0.0140
113,0.0649,0.0090,0.0771,0.0105
114,0.0580,0.0089,0.0769,0.0066
115,0.0499,0.0217,0.0694,0.0099
116,0.0468,0.0141,0.0644,0.0066
117,0.0468,0.0141,0.0644,0.0066
118,0.0499,0.0217,0.0694,0.0099
119,0.0531,0.0137,0.0633,0.0140
120,0.0468,0.0141,0.0644,0.0066
121,0.0499,0.0217,0.0694,0.0099
122,0.0468,0.0141,0.0644,0.0066
123,0.0464,0.0093,0.0508,0.0086
124,0.0531,0.0137,0.0633,0.0140
125,0.0569,0.0078,0.0762,0.0070
126,0.0468,0.0141,0.0644,0.0066
127,0.0468,0.0141,0.0644,0.0066
128,0.0499,0.0217,0.0694,0.0099
129,0.0468,0.0141,0.0644,0.0066
130,0.0531,0.0137,0.0633,0.0140
131,0.0499,0.0217,0.0694,0.0099
132,0.0468,0.0141,0.0644,0.0066
133,0.0468,0.0141,0.0644,0.0066
134,0.0499,0.0217,0.0694,0.0099
135,0.0652,0.0159,0.0579,0.0180
136,0.0565,0.0075,0.0760,0.0075
137,0.0468,0.0141,0.0644,0.0066
138,0.0499,0.0217,0.0694,0.0099
139,0.0468,0.0141,0.0644,0.0066
140,0.0468,0.0141,0.0644,0.0066
141,0.0531,0.0137,0.0633,0.0140
142,0.0805,0.0291,0.0844,0.0169
143,0.0748,0.0273,0.0833,0.0150
144,0.0761,0.0382,0.0840,0.0196
145,0.0657,0.0239,0.0807,0.0115
146,0.0620,0.0143,0.0580,0.0168
147,0.0567,0.0075,0.0759,0.0079
148,0.0433,0.0165,0.0471,0.0104
149,0.0590,0.0208,0.0771,0.0089
150,0.0562,0.0193,0.0749,0.0080
151,0.0562,0.0269,0.0765,0.0117
152,0.0553,0.0166,0.0684,0.0138
153,0.0489,0.0154,0.0672,0.0066
154,0.0480,0.0202,0.0667,0.0096
155,0.0437,0.0109,0.0583,0.0070
156,0.0431,0.0093,0.0554,0.0073
157,0.0568,0.0124,0.0584,0.0153
158,0.0510,0.0125,0.0846,0.0154
159,0.0445,0.0089,0.0518,0.0082
160,0.0557,0.0123,0.0495,0.0112
161,0.0413,0.0157,0.0507,0.0101
162,0.0490,0.0100,0.0501,0.0092
163,0.0686,0.0179,0.0579,0.0194
164,0.0455,0.0169,0.0460,0.0105
165,0.0596,0.0140,0.0494,0.0127
166,0.0573,0.0523,0.0602,0.0201
167,0.0562,0.0423,0.0644,0.0223
168,0.0590,0.0366,0.0619,0.0187
169,0.0588,0.0075,0.0762,0.0083
170,0.0590,0.0366,0.0619,0.0187
171,0.0590,0.0366,0.0619,0.0187
172,0.0590,0.0366,0.0619,0.0187
173,0.0590,0.0366,0.0619,0.0187
174,0.0590,0.0366,0.0619,0.0187
175,0.0478,0.0119,0.0592,0.0062
176,0.0478,0.0119,0.0592,0.0062
177,0.0494,0.0202,0.0632,0.0099
178,0.0462,0.0106,0.0566,0.0063
179,0.0531,0.0113,0.0583,0.0135
180,0.0605,0.0077,0.0763,0.0087
181,0.0468,0.0178,0.0581,0.0096
182,0.0437,0.0081,0.0516,0.0068
183,0.0432,0.0078,0.0502,0.0071
184,0.0426,0.0152,0.0492,0.0099
185,0.0577,0.0139,0.0569,0.0153
186,0.0456,0.0091,0.0484,0.0077
187,0.0418,0.0159,0.0444,0.0102
188,0.0503,0.0115,0.0483,0.0092
189,0.0533,0.0133,0.0484,0.0106
190,0.0530,0.0111,0.0575,0.0137
191,0.0627,0.0082,0.0765,0.0095
192,0.0554,0.0430,0.0555,0.0193
193,0.0548,0.0348,0.0546,0.0173
194,0.0528,0.0270,0.0588,0.0193
195,0.0533,0.0206,0.0548,0.0142
196,0.0573,0.0197,0.0589,0.0165
197,0.0517,0.0200,0.0603,0.0145
198,0.0507,0.0093,0.0573,0.0100
199,0.0499,0.0092,0.0580,0.0085
200,0.0504,0.0205,0.0618,0.0111
201,0.0541,0.0109,0.0599,0.0131
202,0.0652,0.0092,0.0766,0.0108
203,0.0437,0.0081,0.0516,0.0068
204,0.0489,0.0201,0.0639,0.0101
205,0.0470,0.0139,0.0593,0.0088
206,0.0468,0.0144,0.0589,0.0106
207,0.0539,0.0139,0.0580,0.0170
208,0.0473,0.0144,0.0574,0.0138
209,0.0479,0.0143,0.0563,0.0148
210,0.0492,0.0200,0.0639,0.0176
211,0.0503,0.0177,0.0541,0.0160
212,0.0590,0.0234,0.0558,0.0220
213,0.0449,0.0122,0.0839,0.0140
214,0.0535,0.0278,0.0597,0.0187
215,0.0432,0.0078,0.0502,0.0071
216,0.0478,0.0119,0.0592,0.0062
217,0.0494,0.0202,0.0632,0.0099
218,0.0538,0.0120,0.0597,0.0134
219,0.0478,0.0119,0.0592,0.0062
220,0.0494,0.0202,0.0632,0.0099
221,0.0478,0.0119,0.0592,0.0062
222,0.0478,0.0119,0.0592,0.0062
223,0.0538,0.0120,0.0597,0.0134
224,0.0679,0.0095,0.0771,0.0115
225,0.0682,0.0441,0.0756,0.0205
226,0.0478,0.0119,0.0592,0.0062
227,0.0478,0.0119,0.0592,0.0062
228,0.0426,0.0152,0.0492,0.0099
229,0.0478,0.0119,0.0592,0.0062
230,0.0538,0.0120,0.0597,0.0134
231,0.0494,0.0202,0.0632,0.0099
232,0.0478,0.0119,0.0592,0.0062
233,0.0478,0.0119,0.0592,0.0062
234,0.0494,0.0202,0.0632,0.0099
235,0.0538,0.0120,0.0597,0.0134
236,0.0679,0.0359,0.0759,0.0179
237,0.0478,0.0119,0.0592,0.0062
238,0.0494,0.0202,0.0632,0.0099
239,0.0478,0.0119,0.0592,0.0062
240,0.0441,0.0084,0.0486,0.0075
241,0.0538,0.0120,0.0597,0.0134
242,0.0478,0.0119,0.0592,0.0062
243,0.0478,0.0119,0.0592,0.0062
244,0.0494,0.0202,0.0632,0.0099
245,0.0478,0.0119,0.0592,0.0062
246,0.0538,0.0120,0.0597,0.0134
247,0.0675,0.0283,0.0763,0.0159
248,0.0494,0.0202,0.0632,0.0099
249,0.0478,0.0119,0.0592,0.0062
250,0.0478,0.0119,0.0592,0.0062
251,0.0494,0.0202,0.0632,0.0099
252,0.0600,0.0156,0.0571,0.0163
253,0.0478,0.0119,0.0592,0.0062
254,0.0494,0.0202,0.0632,0.0099
255,0.0478,0.0119,0.0592,0.0062
256,0.0478,0.0119,0.0592,0.0062
257,0.0538,0.0120,0.0597,0.0134
258,0.0670,0.0216,0.0768,0.0142
259,0.0794,0.0260,0.0769,0.0173
260,0.0731,0.0243,0.0759,0.0152
261,0.0755,0.0359,0.0767,0.0200
262,0.0635,0.0208,0.0735,0.0116
263,0.0577,0.0139,0.0569,0.0153
264,0.0418,0.0159,0.0444,0.0102
265,0.0573,0.0179,0.0704,0.0089
266,0.0550,0.0166,0.0685,0.0079
267,0.0539,0.0251,0.0696,0.0117
268,0.0563,0.0143,0.0639,0.0132
269,0.0509,0.0206,0.0845,0.0162
270,0.0495,0.0130,0.0616,0.0064
271,0.0481,0.0190,0.0608,0.0097
272,0.0447,0.0091,0.0540,0.0065
273,0.0437,0.0081,0.0516,0.0068
274,0.0543,0.0117,0.0568,0.0142
275,0.0433,0.0080,0.0492,0.0074
276,0.0503,0.0115,0.0483,0.0092
277,0.0417,0.0153,0.0469,0.0101
278,0.0456,0.0091,0.0484,0.0077
279,0.0627,0.0178,0.0572,0.0175
280,0.0658,0.0120,0.0778,0.0111
281,0.0428,0.0161,0.0438,0.0101
282,0.0533,0.0133,0.0484,0.0106
283,0.0554,0.0430,0.0555,0.0193
284,0.0532,0.0345,0.0591,0.0217
285,0.0594,0.0308,0.0584,0.0184
286,0.0594,0.0308,0.0584,0.0184
287,0.0594,0.0308,0.0584,0.0184
288,0.0594,0.0308,0.0584,0.0184
289,0.0594,0.0308,0.0584,0.0184
290,0.0594,0.0308,0.0584,0.0184
291,0.0652,0.0102,0.0781,0.0096
292,0.0475,0.0082,0.0489,0.0061
293,0.0475,0.0082,0.0489,0.0061
294,0.0457,0.0181,0.0506,0.0099
295,0.0469,0.0072,0.0472,0.0062
296,0.0545,0.0093,0.0534,0.0132
297,0.0454,0.0163,0.0470,0.0097
298,0.0454,0.0061,0.0451,0.0070
299,0.0446,0.0061,0.0450,0.0074
300,0.0441,0.0146,0.0414,0.0103
301,0.0538,0.0132,0.0560,0.0133
302,0.0644,0.0097,0.0784,0.0082
303,0.0436,0.0075,0.0463,0.0067
304,0.0421,0.0150,0.0406,0.0107
305,0.0448,0.0106,0.0474,0.0067
306,0.0462,0.0129,0.0479,0.0076
307,0.0539,0.0094,0.0537,0.0133
308,0.0497,0.0245,0.0467,0.0184
309,0.0496,0.0197,0.0460,0.0157
310,0.0459,0.0187,0.0480,0.0188
311,0.0491,0.0120,0.0460,0.0122
312,0.0571,0.0137,0.0532,0.0161
313,0.0636,0.0100,0.0786,0.0068
314,0.0458,0.0210,0.0488,0.0128
315,0.0483,0.0086,0.0474,0.0090
316,0.0480,0.0087,0.0479,0.0081
317,0.0458,0.0203,0.0496,0.0105
318,0.0554,0.0091,0.0535,0.0132
319,0.0454,0.0061,0.0451,0.0070
320,0.0456,0.0171,0.0512,0.0100
321,0.0474,0.0080,0.0491,0.0071
322,0.0475,0.0080,0.0490,0.0081
323,0.0558,0.0108,0.0529,0.0145
324,0.0468,0.0120,0.0844,0.0131
325,0.0483,0.0093,0.0481,0.0102
326,0.0490,0.0113,0.0475,0.0109
327,0.0477,0.0177,0.0526,0.0145
328,0.0512,0.0190,0.0465,0.0124
329,0.0603,0.0244,0.0517,0.0180
330,0.0518,0.0308,0.0499,0.0156
331,0.0446,0.0061,0.0450,0.0074
332,0.0475,0.0082,0.0489,0.0061
333,0.0457,0.0181,0.0506,0.0099
334,0.0552,0.0094,0.0535,0.0130
335,0.0712,0.0103,0.0771,0.0129
336,0.0569,0.0078,0.0762,0.0070
337,0.0475,0.0082,0.0489,0.0061
338,0.0457,0.0181,0.0506,0.0099
339,0.0475,0.0082,0.0489,0.0061
340,0.0475,0.0082,0.0489,0.0061
341,0.0552,0.0094,0.0535,0.0130
342,0.0475,0.0082,0.0489,0.0061
343,0.0475,0.0082,0.0489,0.0061
344,0.0441,0.0146,0.0414,0.0103
345,0.0475,0.0082,0.0489,0.0061
346,0.0552,0.0094,0.0535,0.0130
347,0.0612,0.0130,0.0785,0.0069
348,0.0457,0.0181,0.0506,0.0099
349,0.0475,0.0082,0.0489,0.0061
350,0.0475,0.0082,0.0489,0.0061
351,0.0457,0.0181,0.0506,0.0099
352,0.0552,0.0094,0.0535,0.0130
353,0.0475,0.0082,0.0489,0.0061
354,0.0457,0.0181,0.0506,0.0099
355,0.0475,0.0082,0.0489,0.0061
356,0.0436,0.0068,0.0457,0.0072
357,0.0552,0.0094,0.0535,0.0130
358,0.0605,0.0141,0.0783,0.0085
359,0.0475,0.0082,0.0489,0.0061
360,0.0475,0.0082,0.0489,0.0061
361,0.0457,0.0181,0.0506,0.0099
362,0.0475,0.0082,0.0489,0.0061
363,0.0552,0.0094,0.0535,0.0130
364,0.0457,0.0181,0.0506,0.0099
365,0.0475,0.0082,0.0489,0.0061
366,0.0475,0.0082,0.0489,0.0061
367,0.0457,0.0181,0.0506,0.0099
368,0.0546,0.0154,0.0566,0.0139
369,0.0600,0.0150,0.0780,0.0102
370,0.0475,0.0082,0.0489,0.0061
371,0.0457,0.0181,0.0506,0.0099
372,0.0475,0.0082,0.0489,0.0061
373,0.0475,0.0082,0.0489,0.0061
374,0.0552,0.0094,0.0535,0.0130
375,0.0819,0.0203,0.0618,0.0182
376,0.0734,0.0187,0.0609,0.0160
377,0.0799,0.0316,0.0619,0.0214
378,0.0605,0.0156,0.0590,0.0120
379,0.0538,0.0132,0.0560,0.0133
380,0.0450,0.0172,0.0825,0.0169
381,0.0421,0.0150,0.0406,0.0107
382,0.0530,0.0129,0.0565,0.0090
383,0.0508,0.0118,0.0552,0.0079
384,0.0494,0.0222,0.0556,0.0120
385,0.0568,0.0103,0.0552,0.0128
386,0.0480,0.0089,0.0504,0.0062
387,0.0455,0.0171,0.0488,0.0097
388,0.0461,0.0064,0.0459,0.0065
389,0.0454,0.0061,0.0451,0.0070
390,0.0532,0.0104,0.0548,0.0132
391,0.0594,0.0166,0.0769,0.0134
392,0.0440,0.0064,0.0453,0.0075
393,0.0448,0.0106,0.0474,0.0067
394,0.0434,0.0147,0.0406,0.0107
395,0.0436,0.0075,0.0463,0.0067
396,0.0558,0.0180,0.0571,0.0148
397,0.0418,0.0151,0.0409,0.0103
398,0.0462,0.0129,0.0479,0.0076
399,0.0497,0.0245,0.0467,0.0184
400,0.0461,0.0211,0.0484,0.0219
401,0.0580,0.0198,0.0527,0.0171
402,0.0595,0.0177,0.0761,0.0144
403,0.0580,0.0198,0.0527,0.0171
404,0.0580,0.0198,0.0527,0.0171
405,0.0580,0.0198,0.0527,0.0171
406,0.0580,0.0198,0.0527,0.0171
407,0.0580,0.0198,0.0527,0.0171
408,0.0451,0.0063,0.0428,0.0062
409,0.0451,0.0063,0.0428,0.0062
410,0.0427,0.0171,0.0426,0.0099
411,0.0452,0.0056,0.0423,0.0064
412,0.0547,0.0086,0.0521,0.0134
413,0.0599,0.0198,0.0753,0.0151
414,0.0425,0.0157,0.0403,0.0096
415,0.0452,0.0053,0.0429,0.0075
416,0.0449,0.0054,0.0440,0.0081
417,0.0434,0.0144,0.0384,0.0105
418,0.0536,0.0129,0.0574,0.0129
419,0.0440,0.0069,0.0473,0.0071
420,0.0427,0.0145,0.0408,0.0112
421,0.0442,0.0106,0.0491,0.0062
422,0.0448,0.0132,0.0497,0.0065
423,0.0544,0.0086,0.0532,0.0136
424,0.0606,0.0235,0.0746,0.0159
425,0.0450,0.0117,0.0421,0.0192
426,0.0450,0.0096,0.0418,0.0158
427,0.0419,0.0177,0.0415,0.0202
428,0.0450,0.0080,0.0419,0.0112
429,0.0553,0.0100,0.0514,0.0153
430,0.0427,0.0229,0.0418,0.0126
431,0.0450,0.0091,0.0422,0.0080
432,0.0451,0.0088,0.0424,0.0073
433,0.0429,0.0204,0.0421,0.0102
434,0.0550,0.0085,0.0511,0.0133
435,0.0490,0.0309,0.0798,0.0216
436,0.0452,0.0053,0.0429,0.0075
437,0.0425,0.0158,0.0430,0.0100
438,0.0454,0.0053,0.0429,0.0066
439,0.0456,0.0058,0.0429,0.0072
440,0.0559,0.0105,0.0510,0.0137
441,0.0466,0.0096,0.0426,0.0086
442,0.0474,0.0130,0.0424,0.0092
443,0.0441,0.0194,0.0446,0.0130
444,0.0494,0.0218,0.0421,0.0112
445,0.0596,0.0260,0.0500,0.0160
446,0.0464,0.0132,0.0854,0.0147
447,0.0630,0.0349,0.0733,0.0177
448,0.0479,0.0345,0.0431,0.0148
449,0.0449,0.0054,0.0440,0.0081
450,0.0451,0.0063,0.0428,0.0062
451,0.0427,0.0171,0.0426,0.0099
452,0.0550,0.0085,0.0511,0.0131
453,0.0451,0.0063,0.0428,0.0062
454,0.0427,0.0171,0.0426,0.0099
455,0.0451,0.0063,0.0428,0.0062
456,0.0451,0.0063,0.0428,0.0062
457,0.0550,0.0085,0.0511,0.0131
458,0.0565,0.0075,0.0760,0.0075
459,0.0451,0.0063,0.0428,0.0062
460,0.0451,0.0063,0.0428,0.0062
461,0.0434,0.0144,0.0384,0.0105
462,0.0451,0.0063,0.0428,0.0062
463,0.0550,0.0085,0.0511,0.0131
464,0.0427,0.0171,0.0426,0.0099
465,0.0451,0.0063,0.0428,0.0062
466,0.0451,0.0063,0.0428,0.0062
467,0.0427,0.0171,0.0426,0.0099
468,0.0550,0.0085,0.0511,0.0131
469,0.0620,0.0118,0.0786,0.0060
470,0.0451,0.0063,0.0428,0.0062
471,0.0427,0.0171,0.0426,0.0099
472,0.0451,0.0063,0.0428,0.0062
473,0.0443,0.0059,0.0462,0.0078
474,0.0550,0.0085,0.0511,0.0131
475,0.0451,0.0063,0.0428,0.0062
476,0.0451,0.0063,0.0428,0.0062
477,0.0427,0.0171,0.0426,0.0099
478,0.0451,0.0063,0.0428,0.0062
479,0.0550,0.0085,0.0511,0.0131
480,0.0620,0.0118,0.0786,0.0060
481,0.0427,0.0171,0.0426,0.0099
482,0.0451,0.0063,0.0428,0.0062
483,0.0451,0.0063,0.0428,0.0062
484,0.0427,0.0171,0.0426,0.0099
485,0.0539,0.0154,0.0581,0.0131
486,0.0451,0.0063,0.0428,0.0062
487,0.0427,0.0171,0.0426,0.0099
488,0.0451,0.0063,0.0428,0.0062
489,0.0451,0.0063,0.0428,0.0062
490,0.0550,0.0085,0.0511,0.0131
491,0.0462,0.0132,0.0841,0.0134
492,0.0901,0.0165,0.0517,0.0194
493,0.0800,0.0151,0.0509,0.0170
494,0.0899,0.0289,0.0520,0.0228
495,0.0633,0.0124,0.0492,0.0127
496,0.0536,0.0129,0.0574,0.0129
497,0.0427,0.0145,0.0408,0.0112
498,0.0522,0.0101,0.0474,0.0094
499,0.0488,0.0091,0.0464,0.0081
500,0.0499,0.0206,0.0464,0.0125
501,0.0553,0.0086,0.0503,0.0128
502,0.0620,0.0118,0.0786,0.0060
503,0.0452,0.0068,0.0435,0.0062
504,0.0423,0.0163,0.0414,0.0096
505,0.0453,0.0052,0.0423,0.0068
506,0.0452,0.0053,0.0429,0.0075
507,0.0538,0.0096,0.0554,0.0132
508,0.0446,0.0055,0.0451,0.0082
509,0.0442,0.0106,0.0491,0.0062
510,0.0433,0.0145,0.0389,0.0111
511,0.0440,0.0069,0.0473,0.0071
512,0.0544,0.0183,0.0588,0.0136
513,0.0620,0.0118,0.0786,0.0060
514,0.0424,0.0146,0.0417,0.0108
515,0.0448,0.0132,0.0497,0.0065
516,0.0450,0.0117,0.0421,0.0192
517,0.0418,0.0163,0.0420,0.0239
518,0.0555,0.0123,0.0509,0.0161
519,0.0555,0.0123,0.0509,0.0161
520,0.0555,0.0123,0.0509,0.0161
521,0.0555,0.0123,0.0509,0.0161
522,0.0555,0.0123,0.0509,0.0161
523,0.0555,0.0123,0.0509,0.0161
524,0.0620,0.0118,0.0786,0.0060
525,0.0441,0.0058,0.0415,0.0062
526,0.0441,0.0058,0.0415,0.0062
527,0.0424,0.0169,0.0404,0.0099
528,0.0442,0.0053,0.0415,0.0064
529,0.0544,0.0084,0.0525,0.0135
530,0.0415,0.0155,0.0387,0.0096
531,0.0446,0.0051,0.0433,0.0076
532,0.0446,0.0052,0.0447,0.0083
533,0.0426,0.0144,0.0386,0.0105
534,0.0538,0.0129,0.0587,0.0128
535,0.0620,0.0118,0.0786,0.0060
536,0.0442,0.0067,0.0487,0.0073
537,0.0426,0.0144,0.0421,0.0114
538,0.0443,0.0107,0.0506,0.0062
539,0.0448,0.0135,0.0513,0.0063
540,0.0543,0.0084,0.0540,0.0138
541,0.0436,0.0077,0.0412,0.0202
542,0.0436,0.0072,0.0412,0.0164
543,0.0416,0.0190,0.0398,0.0214
544,0.0438,0.0082,0.0414,0.0112
545,0.0544,0.0090,0.0518,0.0149
546,0.0462,0.0132,0.0841,0.0134
547,0.0428,0.0239,0.0399,0.0130
548,0.0440,0.0096,0.0413,0.0076
549,0.0441,0.0090,0.0413,0.0071
550,0.0429,0.0205,0.0400,0.0103
551,0.0544,0.0083,0.0512,0.0134
552,0.0446,0.0051,0.0433,0.0076
553,0.0421,0.0154,0.0407,0.0101
554,0.0442,0.0051,0.0415,0.0065
555,0.0445,0.0060,0.0415,0.0070
556,0.0554,0.0110,0.0511,0.0137
557,0.0696,0.0534,0.0790,0.0211
558,0.0620,0.0118,0.0786,0.0060
559,0.0454,0.0107,0.0414,0.0082
560,0.0461,0.0143,0.0413,0.0089
561,0.0424,0.0208,0.0421,0.0126
562,0.0481,0.0233,0.0412,0.0112
563,0.0588,0.0269,0.0500,0.0156
564,0.0459,0.0362,0.0410,0.0148
565,0.0446,0.0052,0.0447,0.0083
566,0.0441,0.0058,0.0415,0.0062
567,0.0424,0.0169,0.0404,0.0099
568,0.0544,0.0084,0.0511,0.0132
569,0.0620,0.0118,0.0786,0.0060
570,0.0441,0.0058,0.0415,0.0062
571,0.0424,0.0169,0.0404,0.0099
572,0.0441,0.0058,0.0415,0.0062
573,0.0441,0.0058,0.0415,0.0062
574,0.0544,0.0084,0.0511,0.0132
575,0.0441,0.0058,0.0415,0.0062
576,0.0441,0.0058,0.0415,0.0062
577,0.0426,0.0144,0.0386,0.0105
578,0.0441,0.0058,0.0415,0.0062
579,0.0544,0.0084,0.0511,0.0132
580,0.0567,0.0075,0.0759,0.0079
581,0.0424,0.0169,0.0404,0.0099
582,0.0441,0.0058,0.0415,0.0062
583,0.0441,0.0058,0.0415,0.0062
584,0.0424,0.0169,0.0404,0.0099
585,0.0544,0.0084,0.0511,0.0132
586,0.0441,0.0058,0.0415,0.0062
587,0.0424,0.0169,0.0404,0.0099
588,0.0441,0.0058,0.0415,0.0062
589,0.0443,0.0057,0.0475,0.0080
590,0.0544,0.0084,0.0511,0.0132
591,0.0620,0.0118,0.0786,0.0060
592,0.0441,0.0058,0.0415,0.0062
593,0.0441,0.0058,0.0415,0.0062
594,0.0424,0.0169,0.0404,0.0099
595,0.0441,0.0058,0.0415,0.0062
596,0.0544,0.0084,0.0511,0.0132
597,0.0424,0.0169,0.0404,0.0099
598,0.0441,0.0058,0.0415,0.0062
599,0.0441,0.0058,0.0415,0.0062
600,0.0424,0.0169,0.0404,0.0099
601,0.0539,0.0154,0.0595,0.0129
602,0.0462,0.0132,0.0841,0.0134
603,0.0441,0.0058,0.0415,0.0062
604,0.0424,0.0169,0.0404,0.0099
605,0.0441,0.0058,0.0415,0.0062
606,0.0441,0.0058,0.0415,0.0062
607,0.0544,0.0084,0.0511,0.0132
608,0.0955,0.0151,0.0483,0.0199
609,0.0848,0.0138,0.0475,0.0175
610,0.0959,0.0279,0.0486,0.0236
611,0.0666,0.0113,0.0461,0.0132
612,0.0538,0.0129,0.0587,0.0128
613,0.0620,0.0118,0.0786,0.0060
614,0.0426,0.0144,0.0421,0.0114
615,0.0537,0.0091,0.0445,0.0096
616,0.0495,0.0082,0.0437,0.0083
617,0.0523,0.0201,0.0435,0.0128
618,0.0544,0.0083,0.0493,0.0128
619,0.0442,0.0063,0.0418,0.0062
620,0.0416,0.0161,0.0395,0.0096
621,0.0445,0.0050,0.0421,0.0069
622,0.0446,0.0051,0.0433,0.0076
623,0.0539,0.0094,0.0566,0.0133
624,0.0620,0.0118,0.0786,0.0060
625,0.0445,0.0053,0.0461,0.0084
626,0.0443,0.0107,0.0506,0.0062
627,0.0428,0.0144,0.0396,0.0111
628,0.0442,0.0067,0.0487,0.0073
629,0.0543,0.0186,0.0601,0.0134
630,0.0425,0.0145,0.0432,0.0109
631,0.0448,0.0135,0.0513,0.0063
632,0.0436,0.0077,0.0412,0.0202
633,0.0413,0.0169,0.0403,0.0254
634,0.0544,0.0100,0.0512,0.0158
635,0.0620,0.0118,0.0786,0.0060
636,0.0544,0.0100,0.0512,0.0158
637,0.0544,0.0100,0.0512,0.0158
638,0.0544,0.0100,0.0512,0.0158
639,0.0544,0.0100,0.0512,0.0158
640,0.0544,0.0100,0.0512,0.0158
641,0.0448,0.0205,0.0751,0.0073
642,0.0448,0.0205,0.0751,0.0073
643,0.0426,0.0254,0.0844,0.0102
644,0.0465,0.0191,0.0708,0.0075
645,0.0646,0.0185,0.0652,0.0145
646,0.0620,0.0118,0.0786,0.0060
647,0.0417,0.0229,0.0763,0.0098
648,0.0537,0.0149,0.0616,0.0078
649,0.0586,0.0135,0.0580,0.0082
650,0.0488,0.0183,0.0619,0.0099
651,0.0887,0.0197,0.0576,0.0177
652,0.0751,0.0132,0.0517,0.0104
653,0.0645,0.0164,0.0512,0.0108
654,0.0864,0.0160,0.0497,0.0130
655,0.0921,0.0180,0.0491,0.0148
656,0.0690,0.0176,0.0627,0.0148
657,0.0462,0.0132,0.0841,0.0134
658,0.0474,0.0524,0.0718,0.0204
659,0.0465,0.0424,0.0704,0.0178
660,0.0477,0.0322,0.0793,0.0205
661,0.0448,0.0237,0.0706,0.0136
662,0.0546,0.0194,0.0684,0.0149
663,0.0457,0.0193,0.0814,0.0144
664,0.0438,0.0097,0.0737,0.0086
665,0.0439,0.0116,0.0744,0.0073
666,0.0437,0.0226,0.0832,0.0109
667,0.0601,0.0174,0.0692,0.0137
668,0.0690,0.0438,0.0791,0.0187
669,0.0620,0.0118,0.0786,0.0060
670,0.0537,0.0149,0.0616,0.0078
671,0.0422,0.0267,0.0848,0.0107
672,0.0451,0.0252,0.0747,0.0103
673,0.0450,0.0265,0.0739,0.0120
674,0.0590,0.0242,0.0656,0.0178
675,0.0443,0.0269,0.0717,0.0146
676,0.0438,0.0254,0.0700,0.0153
677,0.0409,0.0299,0.0827,0.0177
678,0.0430,0.0207,0.0669,0.0162
679,0.0532,0.0169,0.0632,0.0214
680,0.0620,0.0118,0.0786,0.0060
681,0.0425,0.0258,0.0772,0.0186
682,0.0586,0.0135,0.0580,0.0082
683,0.0448,0.0205,0.0751,0.0073
684,0.0426,0.0254,0.0844,0.0102
685,0.0607,0.0201,0.0687,0.0143
686,0.0448,0.0205,0.0751,0.0073
687,0.0426,0.0254,0.0844,0.0102
688,0.0448,0.0205,0.0751,0.0073
689,0.0448,0.0205,0.0751,0.0073
690,0.0607,0.0201,0.0687,0.0143
691,0.0620,0.0118,0.0786,0.0060
692,0.0448,0.0205,0.0751,0.0073
693,0.0448,0.0205,0.0751,0.0073
694,0.0488,0.0183,0.0619,0.0099
695,0.0448,0.0205,0.0751,0.0073
696,0.0607,0.0201,0.0687,0.0143
697,0.0426,0.0254,0.0844,0.0102
698,0.0448,0.0205,0.0751,0.0073
699,0.0448,0.0205,0.0751,0.0073
700,0.0426,0.0254,0.0844,0.0102
701,0.0607,0.0201,0.0687,0.0143
702,0.0575,0.0075,0.0760,0.0081
703,0.0448,0.0205,0.0751,0.0073
704,0.0426,0.0254,0.0844,0.0102
705,0.0448,0.0205,0.0751,0.0073
706,0.0695,0.0127,0.0532,0.0094
707,0.0607,0.0201,0.0687,0.0143
708,0.0448,0.0205,0.0751,0.0073
709,0.0448,0.0205,0.0751,0.0073
710,0.0426,0.0254,0.0844,0.0102
711,0.0448,0.0205,0.0751,0.0073
712,0.0607,0.0201,0.0687,0.0143
713,0.0462,0.0132,0.0841,0.0134
714,0.0426,0.0254,0.0844,0.0102
715,0.0448,0.0205,0.0751,0.0073
716,0.0448,0.0205,0.0751,0.0073
717,0.0426,0.0254,0.0844,0.0102
718,0.0937,0.0215,0.0571,0.0191
719,0.0448,0.0205,0.0751,0.0073
720,0.0426,0.0254,0.0844,0.0102
721,0.0448,0.0205,0.0751,0.0073
722,0.0448,0.0205,0.0751,0.0073
723,0.0607,0.0201,0.0687,0.0143
724,0.0620,0.0118,0.0786,0.0060
725,0.0717,0.0312,0.1063,0.0170
726,0.0666,0.0297,0.1043,0.0151
727,0.0677,0.0391,0.1071,0.0199
728,0.0580,0.0273,0.0996,0.0119
729,0.0887,0.0197,0.0576,0.0177
730,0.0645,0.0164,0.0512,0.0108
731,0.0510,0.0252,0.0939,0.0094
732,0.0483,0.0243,0.0906,0.0086
733,0.0490,0.0296,0.0948,0.0121
734,0.0557,0.0234,0.0769,0.0142
735,0.0620,0.0118,0.0786,0.0060
736,0.0442,0.0215,0.0793,0.0074
737,0.0417,0.0242,0.0805,0.0099
738,0.0495,0.0171,0.0661,0.0076
739,0.0537,0.0149,0.0616,0.0078
740,0.0786,0.0175,0.0594,0.0159
741,0.0639,0.0127,0.0553,0.0088
742,0.0864,0.0160,0.0497,0.0130
743,0.0535,0.0171,0.0575,0.0101
744,0.0751,0.0132,0.0517,0.0104
745,0.0988,0.0237,0.0567,0.0207
746,0.0620,0.0118,0.0786,0.0060
747,0.0703,0.0166,0.0492,0.0113
748,0.0921,0.0180,0.0491,0.0148
749,0.0474,0.0524,0.0718,0.0204
750,0.0485,0.0428,0.0790,0.0232
751,0.0533,0.0342,0.0683,0.0171
752,0.0533,0.0342,0.0683,0.0171
753,0.0533,0.0342,0.0683,0.0171
754,0.0533,0.0342,0.0683,0.0171
755,0.0533,0.0342,0.0683,0.0171
756,0.0533,0.0342,0.0683,0.0171
757,0.0620,0.0118,0.0786,0.0060
758,0.0438,0.0177,0.0702,0.0067
759,0.0438,0.0177,0.0702,0.0067
760,0.0431,0.0232,0.0788,0.0101
761,0.0444,0.0165,0.0661,0.0067
762,0.0597,0.0168,0.0620,0.0137
763,0.0414,0.0212,0.0712,0.0096
764,0.0489,0.0132,0.0577,0.0069
765,0.0525,0.0122,0.0546,0.0072
766,0.0449,0.0173,0.0575,0.0096
767,0.0796,0.0200,0.0561,0.0161
768,0.0462,0.0132,0.0841,0.0134
769,0.0662,0.0132,0.0494,0.0086
770,0.0569,0.0161,0.0482,0.0101
771,0.0765,0.0164,0.0480,0.0110
772,0.0817,0.0187,0.0476,0.0127
773,0.0630,0.0164,0.0599,0.0139
774,0.0475,0.0437,0.0671,0.0203
775,0.0467,0.0350,0.0656,0.0174
776,0.0471,0.0273,0.0738,0.0202
777,0.0453,0.0196,0.0656,0.0132
778,0.0537,0.0168,0.0645,0.0150
779,0.0684,0.0345,0.0796,0.0168
780,0.0620,0.0118,0.0786,0.0060
781,0.0456,0.0192,0.0759,0.0140
782,0.0441,0.0093,0.0686,0.0086
783,0.0439,0.0110,0.0694,0.0075
784,0.0441,0.0218,0.0776,0.0108
785,0.0567,0.0154,0.0653,0.0132
786,0.0489,0.0132,0.0577,0.0069
787,0.0427,0.0239,0.0793,0.0104
788,0.0436,0.0212,0.0700,0.0090
789,0.0435,0.0223,0.0694,0.0104
790,0.0557,0.0214,0.0625,0.0163
791,0.0620,0.0118,0.0786,0.0060
792,0.0430,0.0223,0.0673,0.0127
793,0.0428,0.0211,0.0658,0.0133
794,0.0415,0.0251,0.0779,0.0160
795,0.0428,0.0177,0.0632,0.0143
796,0.0528,0.0160,0.0606,0.0196
797,0.0435,0.0237,0.0728,0.0171
798,0.0525,0.0122,0.0546,0.0072
799,0.0438,0.0177,0.0702,0.0067
800,0.0431,0.0232,0.0788,0.0101
801,0.0570,0.0177,0.0649,0.0136
802,0.0620,0.0118,0.0786,0.0060
803,0.0438,0.0177,0.0702,0.0067
804,0.0431,0.0232,0.0788,0.0101
805,0.0438,0.0177,0.0702,0.0067
806,0.0438,0.0177,0.0702,0.0067
807,0.0570,0.0177,0.0649,0.0136
808,0.0438,0.0177,0.0702,0.0067
809,0.0438,0.0177,0.0702,0.0067
810,0.0449,0.0173,0.0575,0.0096
811,0.0438,0.0177,0.0702,0.0067
812,0.0570,0.0177,0.0649,0.0136
813,0.0620,0.0118,0.0786,0.0060
814,0.0431,0.0232,0.0788,0.0101
815,0.0438,0.0177,0.0702,0.0067
816,0.0438,0.0177,0.0702,0.0067
817,0.0431,0.0232,0.0788,0.0101
818,0.0570,0.0177,0.0649,0.0136
819,0.0438,0.0177,0.0702,0.0067
820,0.0431,0.0232,0.0788,0.0101
821,0.0438,0.0177,0.0702,0.0067
822,0.0613,0.0123,0.0506,0.0080
823,0.0570,0.0177,0.0649,0.0136
824,0.0537,0.0133,0.0848,0.0162
825,0.0438,0.0177,0.0702,0.0067
826,0.0438,0.0177,0.0702,0.0067
827,0.0431,0.0232,0.0788,0.0101
828,0.0438,0.0177,0.0702,0.0067
829,0.0570,0.0177,0.0649,0.0136
830,0.0431,0.0232,0.0788,0.0101
831,0.0438,0.0177,0.0702,0.0067
832,0.0438,0.0177,0.0702,0.0067
833,0.0431,0.0232,0.0788,0.0101
834,0.0842,0.0222,0.0558,0.0173
835,0.0620,0.0118,0.0786,0.0060
836,0.0438,0.0177,0.0702,0.0067
837,0.0431,0.0232,0.0788,0.0101
838,0.0438,0.0177,0.0702,0.0067
839,0.0438,0.0177,0.0702,0.0067
840,0.0570,0.0177,0.0649,0.0136
841,0.0705,0.0274,0.0992,0.0173
842,0.0655,0.0260,0.0974,0.0153
843,0.0666,0.0363,0.1002,0.0203
844,0.0574,0.0234,0.0929,0.0119
845,0.0796,0.0200,0.0561,0.0161
846,0.0620,0.0118,0.0786,0.0060
847,0.0569,0.0161,0.0482,0.0101
848,0.0511,0.0215,0.0877,0.0094
849,0.0487,0.0207,0.0846,0.0084
850,0.0488,0.0271,0.0885,0.0122
851,0.0542,0.0204,0.0726,0.0135
852,0.0440,0.0184,0.0741,0.0069
853,0.0420,0.0222,0.0752,0.0098
854,0.0461,0.0149,0.0618,0.0068
855,0.0489,0.0132,0.0577,0.0069
856,0.0707,0.0172,0.0573,0.0146
857,0.0620,0.0118,0.0786,0.0060
858,0.0567,0.0120,0.0523,0.0075
859,0.0765,0.0164,0.0480,0.0110
860,0.0482,0.0165,0.0536,0.0098
861,0.0662,0.0132,0.0494,0.0086
862,0.0889,0.0246,0.0556,0.0188
863,0.0619,0.0164,0.0465,0.0103
864,0.0817,0.0187,0.0476,0.0127
865,0.0475,0.0437,0.0671,0.0203
866,0.0476,0.0355,0.0739,0.0232
867,0.0533,0.0290,0.0644,0.0170
868,0.0620,0.0118,0.0786,0.0060
869,0.0533,0.0290,0.0644,0.0170
870,0.0533,0.0290,0.0644,0.0170
871,0.0533,0.0290,0.0644,0.0170
872,0.0533,0.0290,0.0644,0.0170
873,0.0533,0.0290,0.0644,0.0170
874,0.0438,0.0122,0.0595,0.0063
875,0.0438,0.0122,0.0595,0.0063
876,0.0432,0.0196,0.0663,0.0101
877,0.0434,0.0114,0.0560,0.0062
878,0.0544,0.0129,0.0555,0.0130
879,0.0462,0.0132,0.0841,0.0134
880,0.0418,0.0182,0.0599,0.0096
881,0.0441,0.0095,0.0496,0.0064
882,0.0454,0.0094,0.0476,0.0066
883,0.0415,0.0157,0.0484,0.0096
884,0.0656,0.0200,0.0536,0.0139
885,0.0530,0.0125,0.0453,0.0066
886,0.0468,0.0156,0.0422,0.0098
887,0.0604,0.0170,0.0452,0.0079
888,0.0645,0.0199,0.0453,0.0094
889,0.0558,0.0133,0.0544,0.0131
890,0.0676,0.0261,0.0802,0.0150
891,0.1136,0.0270,0.0886,0.0171
892,0.0461,0.0264,0.0572,0.0207
893,0.0458,0.0209,0.0557,0.0174
894,0.0444,0.0189,0.0625,0.0209
895,0.0452,0.0118,0.0553,0.0125
896,0.0535,0.0122,0.0567,0.0149
897,0.0440,0.0199,0.0641,0.0134
898,0.0445,0.0088,0.0577,0.0082
899,0.0443,0.0098,0.0584,0.0073
900,0.0436,0.0206,0.0653,0.0106
901,0.0537,0.0117,0.0574,0.0129
902,0.1053,0.0252,0.0881,0.0150
903,0.0441,0.0095,0.0496,0.0064
904,0.0430,0.0191,0.0669,0.0103
905,0.0433,0.0133,0.0595,0.0072
906,0.0432,0.0136,0.0592,0.0081
907,0.0529,0.0150,0.0560,0.0142
908,0.0430,0.0129,0.0576,0.0096
909,0.0431,0.0121,0.0565,0.0102
910,0.0426,0.0175,0.0671,0.0135
911,0.0439,0.0126,0.0549,0.0120
912,0.0534,0.0143,0.0551,0.0168
913,0.0979,0.0234,0.0875,0.0131
914,0.0449,0.0226,0.0632,0.0154
915,0.0454,0.0094,0.0476,0.0066
916,0.0438,0.0122,0.0595,0.0063
917,0.0432,0.0196,0.0663,0.0101
918,0.0537,0.0131,0.0573,0.0129
919,0.0438,0.0122,0.0595,0.0063
920,0.0432,0.0196,0.0663,0.0101
921,0.0438,0.0122,0.0595,0.0063
922,0.0438,0.0122,0.0595,0.0063
923,0.0537,0.0131,0.0573,0.0129
924,0.0912,0.0217,0.0867,0.0114
925,0.0438,0.0122,0.0595,0.0063
926,0.0438,0.0122,0.0595,0.0063
927,0.0415,0.0157,0.0484,0.0096
928,0.0438,0.0122,0.0595,0.0063
929,0.0537,0.0131,0.0573,0.0129
930,0.0432,0.0196,0.0663,0.0101
931,0.0438,0.0122,0.0595,0.0063
932,0.0438,0.0122,0.0595,0.0063
933,0.0432,0.0196,0.0663,0.0101
934,0.0537,0.0131,0.0573,0.0129
935,0.0510,0.0125,0.0846,0.0154
936,0.0438,0.0122,0.0595,0.0063
937,0.0432,0.0196,0.0663,0.0101
938,0.0438,0.0122,0.0595,0.0063
939,0.0500,0.0109,0.0456,0.0066
940,0.0537,0.0131,0.0573,0.0129
941,0.0438,0.0122,0.0595,0.0063
942,0.0438,0.0122,0.0595,0.0063
943,0.0432,0.0196,0.0663,0.0101
944,0.0438,0.0122,0.0595,0.0063
945,0.0537,0.0131,0.0573,0.0129
946,0.0605,0.0077,0.0763,0.0087
947,0.0432,0.0196,0.0663,0.0101
948,0.0438,0.0122,0.0595,0.0063
949,0.0438,0.0122,0.0595,0.0063
950,0.0432,0.0196,0.0663,0.0101
951,0.0689,0.0227,0.0538,0.0147
952,0.0438,0.0122,0.0595,0.0063
953,0.0432,0.0196,0.0663,0.0101
954,0.0438,0.0122,0.0595,0.0063
955,0.0438,0.0122,0.0595,0.0063
956,0.0537,0.0131,0.0573,0.0129
957,0.0800,0.0185,0.0848,0.0085
958,0.0700,0.0205,0.0841,0.0183
959,0.0641,0.0191,0.0824,0.0161
960,0.0668,0.0312,0.0854,0.0216
961,0.0554,0.0167,0.0786,0.0123
962,0.0656,0.0200,0.0536,0.0139
963,0.0468,0.0156,0.0422,0.0098
964,0.0500,0.0148,0.0740,0.0095
965,0.0481,0.0141,0.0715,0.0084
966,0.0470,0.0228,0.0748,0.0125
967,0.0537,0.0142,0.0629,0.0129
968,0.0753,0.0171,0.0836,0.0075
969,0.0445,0.0126,0.0627,0.0065
970,0.0424,0.0189,0.0632,0.0098
971,0.0434,0.0103,0.0525,0.0062
972,0.0441,0.0095,0.0496,0.0064
973,0.0598,0.0157,0.0535,0.0132
974,0.0474,0.0098,0.0464,0.0067
975,0.0604,0.0170,0.0452,0.0079
976,0.0426,0.0154,0.0456,0.0098
977,0.0530,0.0125,0.0453,0.0066
978,0.0725,0.0259,0.0540,0.0160
979,0.0713,0.0157,0.0824,0.0067
980,0.0498,0.0160,0.0414,0.0096
981,0.0645,0.0199,0.0453,0.0094
982,0.0461,0.0264,0.0572,0.0207
983,0.0446,0.0224,0.0629,0.0245
984,0.0537,0.0192,0.0567,0.0166
985,0.0537,0.0192,0.0567,0.0166
986,0.0537,0.0192,0.0567,0.0166
987,0.0537,0.0192,0.0567,0.0166
988,0.0537,0.0192,0.0567,0.0166
989,0.0537,0.0192,0.0567,0.0166
990,0.0511,0.0153,0.0854,0.0131
991,0.0438,0.0087,0.0512,0.0062
992,0.0438,0.0087,0.0512,0.0062
993,0.0424,0.0178,0.0566,0.0103
994,0.0435,0.0081,0.0484,0.0061
995,0.0534,0.0104,0.0514,0.0131
996,0.0416,0.0167,0.0511,0.0096
997,0.0434,0.0072,0.0442,0.0066
998,0.0438,0.0074,0.0434,0.0069
999,0.0412,0.0149,0.0421,0.0097
1000,0.0594,0.0194,0.0529,0.0131
1001,0.0501,0.0237,0.0868,0.0161
1002,0.0646,0.0130,0.0798,0.0060
1003,0.0479,0.0117,0.0435,0.0063
1004,0.0436,0.0152,0.0390,0.0100
1005,0.0528,0.0171,0.0445,0.0067
1006,0.0559,0.0204,0.0450,0.0078
1007,0.0539,0.0111,0.0512,0.0132
1008,0.0442,0.0140,0.0500,0.0225
1009,0.0442,0.0109,0.0486,0.0185
1010,0.0420,0.0164,0.0540,0.0230
1011,0.0441,0.0075,0.0480,0.0127
1012,0.0535,0.0095,0.0517,0.0146
1013,0.0597,0.0103,0.0776,0.0062
1014,0.0423,0.0212,0.0551,0.0141
1015,0.0441,0.0090,0.0496,0.0079
1016,0.0441,0.0093,0.0501,0.0071
1017,0.0425,0.0201,0.0558,0.0108
1018,0.0534,0.0097,0.0521,0.0130
1019,0.0434,0.0072,0.0442,0.0066
1020,0.0422,0.0167,0.0571,0.0103
1021,0.0435,0.0080,0.0512,0.0067
1022,0.0434,0.0076,0.0511,0.0072
1023,0.0527,0.0105,0.0516,0.0138
1024,0.0580,0.0089,0.0769,0.0066
1025,0.0434,0.0070,0.0500,0.0084
1026,0.0435,0.0076,0.0493,0.0091
1027,0.0422,0.0157,0.0582,0.0125
1028,0.0445,0.0122,0.0484,0.0117
1029,0.0541,0.0144,0.0513,0.0157
1030,0.0445,0.0250,0.0552,0.0155
1031,0.0438,0.0074,0.0434,0.0069
1032,0.0438,0.0087,0.0512,0.0062
1033,0.0424,0.0178,0.0566,0.0103
1034,0.0533,0.0101,0.0521,0.0129
1035,0.0569,0.0078,0.0762,0.0070
1036,0.0438,0.0087,0.0512,0.0062
1037,0.0424,0.0178,0.0566,0.0103
1038,0.0438,0.0087,0.0512,0.0062
1039,0.0438,0.0087,0.0512,0.0062
1040,0.0533,0.0101,0.0521,0.0129
1041,0.0438,0.0087,0.0512,0.0062
1042,0.0438,0.0087,0.0512,0.0062
1043,0.0412,0.0149,0.0421,0.0097
1044,0.0438,0.0087,0.0512,0.0062
1045,0.0533,0.0101,0.0521,0.0129
1046,0.0467,0.0119,0.0842,0.0144
1047,0.0424,0.0178,0.0566,0.0103
1048,0.0438,0.0087,0.0512,0.0062
1049,0.0438,0.0087,0.0512,0.0062
1050,0.0424,0.0178,0.0566,0.0103
1051,0.0533,0.0101,0.0521,0.0129
1052,0.0438,0.0087,0.0512,0.0062
1053,0.0424,0.0178,0.0566,0.0103
1054,0.0438,0.0087,0.0512,0.0062
1055,0.0460,0.0097,0.0432,0.0067
1056,0.0533,0.0101,0.0521,0.0129
1057,0.0567,0.0075,0.0759,0.0079
1058,0.0438,0.0087,0.0512,0.0062
1059,0.0438,0.0087,0.0512,0.0062
1060,0.0424,0.0178,0.0566,0.0103
1061,0.0438,0.0087,0.0512,0.0062
1062,0.0533,0.0101,0.0521,0.0129
1063,0.0424,0.0178,0.0566,0.0103
1064,0.0438,0.0087,0.0512,0.0062
1065,0.0438,0.0087,0.0512,0.0062
1066,0.0424,0.0178,0.0566,0.0103
1067,0.0617,0.0226,0.0534,0.0137
1068,0.0627,0.0082,0.0765,0.0095
1069,0.0438,0.0087,0.0512,0.0062
1070,0.0424,0.0178,0.0566,0.0103
1071,0.0438,0.0087,0.0512,0.0062
1072,0.0438,0.0087,0.0512,0.0062
1073,0.0533,0.0101,0.0521,0.0129
1074,0.0736,0.0161,0.0725,0.0195
1075,0.0664,0.0148,0.0709,0.0171
1076,0.0718,0.0281,0.0742,0.0231
1077,0.0555,0.0125,0.0674,0.0131
1078,0.0594,0.0194,0.0529,0.0131
1079,0.0575,0.0075,0.0760,0.0081
1080,0.0436,0.0152,0.0390,0.0100
1081,0.0490,0.0107,0.0634,0.0098
1082,0.0471,0.0101,0.0611,0.0086
1083,0.0462,0.0205,0.0642,0.0131
1084,0.0538,0.0104,0.0556,0.0128
1085,0.0443,0.0090,0.0538,0.0065
1086,0.0419,0.0172,0.0540,0.0098
1087,0.0433,0.0073,0.0458,0.0062
1088,0.0434,0.0072,0.0442,0.0066
1089,0.0559,0.0142,0.0518,0.0130
1090,0.0588,0.0075,0.0762,0.0083
1091,0.0447,0.0082,0.0431,0.0070
1092,0.0528,0.0171,0.0445,0.0067
1093,0.0416,0.0148,0.0404,0.0100
1094,0.0479,0.0117,0.0435,0.0063
1095,0.0643,0.0261,0.0539,0.0146
1096,0.0454,0.0158,0.0390,0.0097
1097,0.0559,0.0204,0.0450,0.0078
1098,0.0442,0.0140,0.0500,0.0225
1099,0.0420,0.0161,0.0547,0.0270
1100,0.0536,0.0125,0.0517,0.0164
1101,0.0568,0.0145,0.0849,0.0174
1102,0.0536,0.0125,0.0517,0.0164
1103,0.0536,0.0125,0.0517,0.0164
1104,0.0536,0.0125,0.0517,0.0164
1105,0.0536,0.0125,0.0517,0.0164
1106,0.0536,0.0125,0.0517,0.0164
1107,0.0436,0.0077,0.0480,0.0062
1108,0.0436,0.0077,0.0480,0.0062
1109,0.0421,0.0173,0.0528,0.0104
1110,0.0434,0.0071,0.0456,0.0061
1111,0.0534,0.0096,0.0502,0.0131
1112,0.0613,0.0141,0.0824,0.0064
1113,0.0660,0.0136,0.0815,0.0115
1114,0.0627,0.0082,0.0765,0.0095
1115,0.0414,0.0163,0.0478,0.0096
1116,0.0433,0.0064,0.0426,0.0066
1117,0.0436,0.0067,0.0422,0.0071
1118,0.0412,0.0148,0.0400,0.0097
1119,0.0580,0.0191,0.0531,0.0129
1120,0.0467,0.0114,0.0435,0.0064
1121,0.0430,0.0151,0.0385,0.0101
1122,0.0509,0.0171,0.0448,0.0065
1123,0.0536,0.0205,0.0454,0.0074
1124,0.0537,0.0103,0.0505,0.0133
1125,0.0652,0.0092,0.0766,0.0108
1126,0.0435,0.0094,0.0474,0.0237
1127,0.0435,0.0076,0.0460,0.0195
1128,0.0413,0.0169,0.0508,0.0244
1129,0.0436,0.0070,0.0454,0.0132
1130,0.0535,0.0088,0.0502,0.0145
1131,0.0420,0.0219,0.0516,0.0147
1132,0.0438,0.0092,0.0466,0.0080
1133,0.0438,0.0092,0.0470,0.0071
1134,0.0423,0.0200,0.0521,0.0110
1135,0.0534,0.0091,0.0505,0.0130
1136,0.0682,0.0441,0.0756,0.0205
1137,0.0433,0.0064,0.0426,0.0066
1138,0.0420,0.0160,0.0533,0.0104
1139,0.0434,0.0063,0.0481,0.0066
1140,0.0433,0.0058,0.0480,0.0070
1141,0.0528,0.0092,0.0502,0.0138
1142,0.0433,0.0059,0.0471,0.0081
1143,0.0435,0.0073,0.0466,0.0090
1144,0.0417,0.0162,0.0545,0.0122
1145,0.0443,0.0132,0.0459,0.0120
1146,0.0542,0.0149,0.0500,0.0156
1147,0.0679,0.0359,0.0759,0.0179
1148,0.0438,0.0266,0.0520,0.0158
1149,0.0436,0.0067,0.0422,0.0071
1150,0.0436,0.0077,0.0480,0.0062
1151,0.0421,0.0173,0.0528,0.0104
1152,0.0533,0.0093,0.0504,0.0129
1153,0.0436,0.0077,0.0480,0.0062
1154,0.0421,0.0173,0.0528,0.0104
1155,0.0436,0.0077,0.0480,0.0062
1156,0.0436,0.0077,0.0480,0.0062
1157,0.0533,0.0093,0.0504,0.0129
1158,0.0532,0.0319,0.0837,0.0181
1159,0.0436,0.0077,0.0480,0.0062
1160,0.0436,0.0077,0.0480,0.0062
1161,0.0412,0.0148,0.0400,0.0097
1162,0.0436,0.0077,0.0480,0.0062
1163,0.0533,0.0093,0.0504,0.0129
1164,0.0421,0.0173,0.0528,0.0104
1165,0.0436,0.0077,0.0480,0.0062
1166,0.0436,0.0077,0.0480,0.0062
1167,0.0421,0.0173,0.0528,0.0104
1168,0.0533,0.0093,0.0504,0.0129
1169,0.0532,0.0319,0.0837,0.0181
1170,0.0436,0.0077,0.0480,0.0062
1171,0.0421,0.0173,0.0528,0.0104
1172,0.0436,0.0077,0.0480,0.0062
1173,0.0453,0.0093,0.0428,0.0068
1174,0.0533,0.0093,0.0504,0.0129
1175,0.0436,0.0077,0.0480,0.0062
1176,0.0436,0.0077,0.0480,0.0062
1177,0.0421,0.0173,0.0528,0.0104
1178,0.0436,0.0077,0.0480,0.0062
1179,0.0533,0.0093,0.0504,0.0129
1180,0.0532,0.0319,0.0837,0.0181
1181,0.0421,0.0173,0.0528,0.0104
1182,0.0436,0.0077,0.0480,0.0062
1183,0.0436,0.0077,0.0480,0.0062
1184,0.0421,0.0173,0.0528,0.0104
1185,0.0599,0.0224,0.0538,0.0134
1186,0.0436,0.0077,0.0480,0.0062
1187,0.0421,0.0173,0.0528,0.0104
1188,0.0436,0.0077,0.0480,0.0062
1189,0.0436,0.0077,0.0480,0.0062
1190,0.0533,0.0093,0.0504,0.0129
1191,0.0532,0.0319,0.0837,0.0181
1192,0.0767,0.0145,0.0678,0.0201
1193,0.0689,0.0132,0.0662,0.0177
1194,0.0756,0.0269,0.0697,0.0239
1195,0.0567,0.0110,0.0629,0.0135
1196,0.0580,0.0191,0.0531,0.0129
1197,0.0430,0.0151,0.0385,0.0101
1198,0.0492,0.0094,0.0590,0.0101
1199,0.0471,0.0088,0.0569,0.0088
1200,0.0468,0.0198,0.0599,0.0135
1201,0.0537,0.0093,0.0530,0.0128
1202,0.0532,0.0319,0.0837,0.0181
1203,0.0440,0.0078,0.0503,0.0065
1204,0.0417,0.0167,0.0503,0.0099
1205,0.0433,0.0065,0.0436,0.0063
1206,0.0433,0.0064,0.0426,0.0066
1207,0.0551,0.0137,0.0517,0.0130
1208,0.0443,0.0077,0.0424,0.0071
1209,0.0509,0.0171,0.0448,0.0065
1210,0.0415,0.0147,0.0389,0.0100
1211,0.0467,0.0114,0.0435,0.0064
1212,0.0621,0.0262,0.0544,0.0142
1213,0.0532,0.0319,0.0837,0.0181
1214,0.0444,0.0158,0.0388,0.0098
1215,0.0536,0.0205,0.0454,0.0074
1216,0.0435,0.0094,0.0474,0.0237
1217,0.0412,0.0155,0.0514,0.0287
1218,0.0534,0.0104,0.0502,0.0165
1219,0.0534,0.0104,0.0502,0.0165
1220,0.0534,0.0104,0.0502,0.0165
1221,0.0534,0.0104,0.0502,0.0165
1222,0.0534,0.0104,0.0502,0.0165
1223,0.0534,0.0104,0.0502,0.0165
1224,0.0651,0.0108,0.0818,0.0097
1225,0.0619,0.0078,0.0716,0.0059
1226,0.0619,0.0078,0.0716,0.0059
1227,0.0619,0.0078,0.0716,0.0059
1228,0.0603,0.0066,0.0716,0.0061
1229,0.0460,0.0107,0.0810,0.0133
1230,0.0589,0.0057,0.0719,0.0066
1231,0.0578,0.0055,0.0724,0.0072
1232,0.0570,0.0057,0.0732,0.0078
1233,0.0564,0.0057,0.0739,0.0079
1234,0.0449,0.0117,0.0844,0.0134
1235,0.0642,0.0101,0.0822,0.0080
1236,0.0561,0.0056,0.0753,0.0072
1237,0.0565,0.0059,0.0758,0.0069
1238,0.0571,0.0069,0.0764,0.0069
1239,0.0581,0.0086,0.0767,0.0075
1240,0.0450,0.0106,0.0818,0.0135
1241,0.0642,0.0257,0.0699,0.0201
1242,0.0642,0.0208,0.0704,0.0168
1243,0.0642,0.0166,0.0709,0.0144
1244,0.0641,0.0133,0.0712,0.0125
1245,0.0509,0.0148,0.0811,0.0158
1246,0.0632,0.0110,0.0825,0.0066
1247,0.0639,0.0100,0.0716,0.0097
1248,0.0636,0.0096,0.0717,0.0087
1249,0.0633,0.0092,0.0718,0.0078
1250,0.0629,0.0087,0.0718,0.0069
1251,0.0480,0.0103,0.0805,0.0132
1252,0.0578,0.0055,0.0724,0.0072
1253,0.0614,0.0077,0.0715,0.0061
1254,0.0609,0.0080,0.0714,0.0067
1255,0.0605,0.0087,0.0712,0.0078
1256,0.0467,0.0146,0.0795,0.0146
1257,0.0464,0.0132,0.0868,0.0134
1258,0.0602,0.0120,0.0707,0.0098
1259,0.0604,0.0151,0.0704,0.0107
1260,0.0608,0.0193,0.0700,0.0116
1261,0.0614,0.0244,0.0697,0.0127
1262,0.0505,0.0316,0.0774,0.0178
1263,0.0632,0.0368,0.0689,0.0150
1264,0.0570,0.0057,0.0732,0.0078
1265,0.0619,0.0078,0.0716,0.0059
1266,0.0619,0.0078,0.0716,0.0059
1267,0.0475,0.0108,0.0803,0.0130
1268,0.0568,0.0091,0.0786,0.0076
1269,0.0619,0.0078,0.0716,0.0059
1270,0.0619,0.0078,0.0716,0.0059
1271,0.0619,0.0078,0.0716,0.0059
1272,0.0619,0.0078,0.0716,0.0059
1273,0.0475,0.0108,0.0803,0.0130
1274,0.0619,0.0078,0.0716,0.0059
1275,0.0619,0.0078,0.0716,0.0059
1276,0.0564,0.0057,0.0739,0.0079
1277,0.0619,0.0078,0.0716,0.0059
1278,0.0475,0.0108,0.0803,0.0130
1279,0.0605,0.0158,0.0822,0.0079
1280,0.0619,0.0078,0.0716,0.0059
1281,0.0619,0.0078,0.0716,0.0059
1282,0.0619,0.0078,0.0716,0.0059
1283,0.0619,0.0078,0.0716,0.0059
1284,0.0475,0.0108,0.0803,0.0130
1285,0.0619,0.0078,0.0716,0.0059
1286,0.0619,0.0078,0.0716,0.0059
1287,0.0619,0.0078,0.0716,0.0059
1288,0.0561,0.0056,0.0746,0.0077
1289,0.0475,0.0108,0.0803,0.0130
1290,0.0598,0.0175,0.0820,0.0098
1291,0.0619,0.0078,0.0716,0.0059
1292,0.0619,0.0078,0.0716,0.0059
1293,0.0619,0.0078,0.0716,0.0059
1294,0.0619,0.0078,0.0716,0.0059
1295,0.0475,0.0108,0.0803,0.0130
1296,0.0619,0.0078,0.0716,0.0059
1297,0.0619,0.0078,0.0716,0.0059
1298,0.0619,0.0078,0.0716,0.0059
1299,0.0619,0.0078,0.0716,0.0059
1300,0.0459,0.0130,0.0849,0.0138
1301,0.0592,0.0185,0.0815,0.0120
1302,0.0619,0.0078,0.0716,0.0059
1303,0.0619,0.0078,0.0716,0.0059
1304,0.0619,0.0078,0.0716,0.0059
1305,0.0619,0.0078,0.0716,0.0059
1306,0.0475,0.0108,0.0803,0.0130
1307,0.1158,0.0213,0.0762,0.0181
1308,0.1061,0.0197,0.0759,0.0158
1309,0.0974,0.0180,0.0756,0.0137
1310,0.0897,0.0165,0.0751,0.0118
1311,0.0449,0.0117,0.0844,0.0134
1312,0.0445,0.0189,0.0844,0.0187
1313,0.0565,0.0059,0.0758,0.0069
1314,0.0775,0.0135,0.0741,0.0086
1315,0.0729,0.0122,0.0736,0.0075
1316,0.0692,0.0109,0.0730,0.0066
1317,0.0516,0.0115,0.0795,0.0126
1318,0.0638,0.0087,0.0720,0.0059
1319,0.0603,0.0066,0.0716,0.0061
1320,0.0589,0.0057,0.0719,0.0066
1321,0.0578,0.0055,0.0724,0.0072
1322,0.0441,0.0106,0.0832,0.0134
1323,0.0590,0.0124,0.0810,0.0067
1324,0.0585,0.0199,0.0802,0.0156
1325,0.0564,0.0057,0.0739,0.0079
1326,0.0571,0.0069,0.0764,0.0069
1327,0.0561,0.0056,0.0746,0.0077
1328,0.0561,0.0056,0.0753,0.0072
1329,0.0473,0.0148,0.0852,0.0145
1330,0.0571,0.0069,0.0764,0.0069
1331,0.0581,0.0086,0.0767,0.0075
1332,0.0642,0.0257,0.0699,0.0201
1333,0.0642,0.0208,0.0704,0.0168
1334,0.0520,0.0210,0.0803,0.0171
1335,0.0586,0.0203,0.0792,0.0167
1336,0.0520,0.0210,0.0803,0.0171
1337,0.0520,0.0210,0.0803,0.0171
1338,0.0520,0.0210,0.0803,0.0171
1339,0.0520,0.0210,0.0803,0.0171
1340,0.0520,0.0210,0.0803,0.0171
1341,0.0605,0.0056,0.0681,0.0059
1342,0.0605,0.0056,0.0681,0.0059
1343,0.0605,0.0056,0.0681,0.0059
1344,0.0593,0.0047,0.0689,0.0062
1345,0.0463,0.0100,0.0805,0.0136
1346,0.0589,0.0213,0.0782,0.0175
1347,0.0584,0.0043,0.0701,0.0068
1348,0.0578,0.0046,0.0715,0.0077
1349,0.0572,0.0048,0.0730,0.0084
1350,0.0568,0.0047,0.0742,0.0086
1351,0.0440,0.0113,0.0857,0.0129
1352,0.0562,0.0046,0.0763,0.0075
1353,0.0560,0.0053,0.0771,0.0068
1354,0.0561,0.0068,0.0778,0.0063
1355,0.0564,0.0090,0.0783,0.0064
1356,0.0455,0.0099,0.0819,0.0138
1357,0.0596,0.0240,0.0772,0.0182
1358,0.0612,0.0130,0.0673,0.0212
1359,0.0613,0.0110,0.0682,0.0173
1360,0.0615,0.0099,0.0688,0.0142
1361,0.0616,0.0096,0.0691,0.0118
1362,0.0492,0.0113,0.0803,0.0151
1363,0.0618,0.0101,0.0690,0.0087
1364,0.0617,0.0100,0.0688,0.0078
1365,0.0615,0.0093,0.0687,0.0071
1366,0.0612,0.0081,0.0685,0.0066
1367,0.0476,0.0097,0.0793,0.0133
1368,0.0478,0.0310,0.0813,0.0238
1369,0.0578,0.0046,0.0715,0.0077
1370,0.0601,0.0048,0.0679,0.0060
1371,0.0597,0.0050,0.0678,0.0063
1372,0.0594,0.0063,0.0677,0.0069
1373,0.0469,0.0143,0.0786,0.0140
1374,0.0592,0.0121,0.0675,0.0084
1375,0.0593,0.0162,0.0675,0.0093
1376,0.0597,0.0211,0.0675,0.0105
1377,0.0602,0.0266,0.0673,0.0120
1378,0.0499,0.0329,0.0766,0.0162
1379,0.0622,0.0344,0.0756,0.0198
1380,0.0615,0.0391,0.0668,0.0146
1381,0.0572,0.0048,0.0730,0.0084
1382,0.0605,0.0056,0.0681,0.0059
1383,0.0605,0.0056,0.0681,0.0059
1384,0.0473,0.0099,0.0791,0.0132
1385,0.0605,0.0056,0.0681,0.0059
1386,0.0605,0.0056,0.0681,0.0059
1387,0.0605,0.0056,0.0681,0.0059
1388,0.0605,0.0056,0.0681,0.0059
1389,0.0473,0.0099,0.0791,0.0132
1390,0.0571,0.0086,0.0779,0.0082
1391,0.0605,0.0056,0.0681,0.0059
1392,0.0605,0.0056,0.0681,0.0059
1393,0.0568,0.0047,0.0742,0.0086
1394,0.0605,0.0056,0.0681,0.0059
1395,0.0473,0.0099,0.0791,0.0132
1396,0.0605,0.0056,0.0681,0.0059
1397,0.0605,0.0056,0.0681,0.0059
1398,0.0605,0.0056,0.0681,0.0059
1399,0.0605,0.0056,0.0681,0.0059
1400,0.0473,0.0099,0.0791,0.0132
1401,0.0613,0.0141,0.0824,0.0064
1402,0.0605,0.0056,0.0681,0.0059
1403,0.0605,0.0056,0.0681,0.0059
1404,0.0605,0.0056,0.0681,0.0059
1405,0.0564,0.0045,0.0753,0.0082
1406,0.0473,0.0099,0.0791,0.0132
1407,0.0605,0.0056,0.0681,0.0059
1408,0.0605,0.0056,0.0681,0.0059
1409,0.0605,0.0056,0.0681,0.0059
1410,0.0605,0.0056,0.0681,0.0059
1411,0.0473,0.0099,0.0791,0.0132
1412,0.0613,0.0141,0.0824,0.0064
1413,0.0605,0.0056,0.0681,0.0059
1414,0.0605,0.0056,0.0681,0.0059
1415,0.0605,0.0056,0.0681,0.0059
1416,0.0605,0.0056,0.0681,0.0059
1417,0.0442,0.0130,0.0863,0.0129
1418,0.0605,0.0056,0.0681,0.0059
1419,0.0605,0.0056,0.0681,0.0059
1420,0.0605,0.0056,0.0681,0.0059
1421,0.0605,0.0056,0.0681,0.0059
1422,0.0473,0.0099,0.0791,0.0132
1423,0.0459,0.0148,0.0865,0.0141
1424,0.1222,0.0176,0.0686,0.0192
1425,0.1112,0.0162,0.0685,0.0168
1426,0.1011,0.0147,0.0683,0.0146
1427,0.0921,0.0134,0.0682,0.0125
1428,0.0440,0.0113,0.0857,0.0129
1429,0.0560,0.0053,0.0771,0.0068
1430,0.0775,0.0107,0.0678,0.0090
1431,0.0720,0.0094,0.0677,0.0077
1432,0.0678,0.0083,0.0676,0.0068
1433,0.0504,0.0098,0.0766,0.0126
1434,0.0456,0.0137,0.0858,0.0144
1435,0.0613,0.0141,0.0824,0.0064
1436,0.0622,0.0065,0.0678,0.0059
1437,0.0593,0.0047,0.0689,0.0062
1438,0.0584,0.0043,0.0701,0.0068
1439,0.0578,0.0046,0.0715,0.0077
1440,0.0444,0.0099,0.0840,0.0134
1441,0.0568,0.0047,0.0742,0.0086
1442,0.0561,0.0068,0.0778,0.0063
1443,0.0564,0.0045,0.0753,0.0082
1444,0.0562,0.0046,0.0763,0.0075
1445,0.0446,0.0152,0.0867,0.0133
1446,0.0613,0.0141,0.0824,0.0064
1447,0.0561,0.0068,0.0778,0.0063
1448,0.0564,0.0090,0.0783,0.0064
1449,0.0612,0.0130,0.0673,0.0212
1450,0.0613,0.0110,0.0682,0.0173
1451,0.0497,0.0138,0.0796,0.0163
1452,0.0497,0.0138,0.0796,0.0163
1453,0.0497,0.0138,0.0796,0.0163
1454,0.0497,0.0138,0.0796,0.0163
1455,0.0497,0.0138,0.0796,0.0163
1456,0.0497,0.0138,0.0796,0.0163
1457,0.0613,0.0141,0.0824,0.0064
1458,0.0599,0.0051,0.0675,0.0059
1459,0.0599,0.0051,0.0675,0.0059
1460,0.0599,0.0051,0.0675,0.0059
1461,0.0587,0.0042,0.0686,0.0063
1462,0.0460,0.0099,0.0809,0.0137
1463,0.0579,0.0040,0.0702,0.0069
1464,0.0574,0.0044,0.0719,0.0078
1465,0.0571,0.0046,0.0736,0.0086
1466,0.0567,0.0045,0.0751,0.0088
1467,0.0440,0.0113,0.0867,0.0128
1468,0.0613,0.0141,0.0824,0.0064
1469,0.0562,0.0044,0.0774,0.0077
1470,0.0561,0.0053,0.0782,0.0069
1471,0.0560,0.0070,0.0789,0.0063
1472,0.0562,0.0094,0.0795,0.0062
1473,0.0454,0.0098,0.0825,0.0140
1474,0.0604,0.0091,0.0669,0.0223
1475,0.0605,0.0087,0.0680,0.0180
1476,0.0607,0.0090,0.0687,0.0147
1477,0.0609,0.0096,0.0690,0.0120
1478,0.0484,0.0104,0.0808,0.0147
1479,0.0459,0.0148,0.0865,0.0141
1480,0.0612,0.0106,0.0688,0.0085
1481,0.0612,0.0104,0.0685,0.0075
1482,0.0610,0.0095,0.0682,0.0069
1483,0.0607,0.0081,0.0680,0.0064
1484,0.0471,0.0095,0.0795,0.0134
1485,0.0574,0.0044,0.0719,0.0078
1486,0.0595,0.0041,0.0672,0.0060
1487,0.0591,0.0046,0.0671,0.0062
1488,0.0587,0.0064,0.0670,0.0067
1489,0.0465,0.0146,0.0788,0.0140
1490,0.0613,0.0141,0.0824,0.0064
1491,0.0584,0.0129,0.0669,0.0081
1492,0.0585,0.0173,0.0670,0.0091
1493,0.0588,0.0222,0.0670,0.0105
1494,0.0592,0.0278,0.0670,0.0121
1495,0.0490,0.0335,0.0768,0.0159
1496,0.0604,0.0402,0.0664,0.0149
1497,0.0571,0.0046,0.0736,0.0086
1498,0.0599,0.0051,0.0675,0.0059
1499,0.0599,0.0051,0.0675,0.0059
1500,0.0468,0.0098,0.0793,0.0132
1501,0.0613,0.0141,0.0824,0.0064
1502,0.0599,0.0051,0.0675,0.0059
1503,0.0599,0.0051,0.0675,0.0059
1504,0.0599,0.0051,0.0675,0.0059
1505,0.0599,0.0051,0.0675,0.0059
1506,0.0468,0.0098,0.0793,0.0132
1507,0.0599,0.0051,0.0675,0.0059
1508,0.0599,0.0051,0.0675,0.0059
1509,0.0567,0.0045,0.0751,0.0088
1510,0.0599,0.0051,0.0675,0.0059
1511,0.0468,0.0098,0.0793,0.0132
1512,0.0582,0.0085,0.0775,0.0087
1513,0.0599,0.0051,0.0675,0.0059
1514,0.0599,0.0051,0.0675,0.0059
1515,0.0599,0.0051,0.0675,0.0059
1516,0.0599,0.0051,0.0675,0.0059
1517,0.0468,0.0098,0.0793,0.0132
1518,0.0599,0.0051,0.0675,0.0059
1519,0.0599,0.0051,0.0675,0.0059
1520,0.0599,0.0051,0.0675,0.0059
1521,0.0564,0.0042,0.0763,0.0084
1522,0.0468,0.0098,0.0793,0.0132
1523,0.0613,0.0141,0.0824,0.0064
1524,0.0599,0.0051,0.0675,0.0059
1525,0.0599,0.0051,0.0675,0.0059
1526,0.0599,0.0051,0.0675,0.0059
1527,0.0599,0.0051,0.0675,0.0059
1528,0.0468,0.0098,0.0793,0.0132
1529,0.0599,0.0051,0.0675,0.0059
1530,0.0599,0.0051,0.0675,0.0059
1531,0.0599,0.0051,0.0675,0.0059
1532,0.0599,0.0051,0.0675,0.0059
1533,0.0440,0.0131,0.0873,0.0128
1534,0.0459,0.0148,0.0865,0.0141
1535,0.0599,0.0051,0.0675,0.0059
1536,0.0599,0.0051,0.0675,0.0059
1537,0.0599,0.0051,0.0675,0.0059
1538,0.0599,0.0051,0.0675,0.0059
1539,0.0468,0.0098,0.0793,0.0132
1540,0.1264,0.0163,0.0663,0.0198
1541,0.1149,0.0149,0.0662,0.0173
1542,0.1043,0.0136,0.0662,0.0151
1543,0.0947,0.0123,0.0661,0.0129
1544,0.0440,0.0113,0.0867,0.0128
1545,0.0575,0.0107,0.0798,0.0071
1546,0.0613,0.0141,0.0824,0.0064
1547,0.0561,0.0053,0.0782,0.0069
1548,0.0788,0.0098,0.0661,0.0093
1549,0.0727,0.0086,0.0661,0.0079
1550,0.0679,0.0076,0.0663,0.0068
1551,0.0497,0.0095,0.0761,0.0126
1552,0.0617,0.0058,0.0669,0.0059
1553,0.0587,0.0042,0.0686,0.0063
1554,0.0579,0.0040,0.0702,0.0069
1555,0.0574,0.0044,0.0719,0.0078
1556,0.0445,0.0097,0.0849,0.0136
1557,0.0613,0.0141,0.0824,0.0064
1558,0.0567,0.0045,0.0751,0.0088
1559,0.0560,0.0070,0.0789,0.0063
1560,0.0564,0.0042,0.0763,0.0084
1561,0.0562,0.0044,0.0774,0.0077
1562,0.0443,0.0154,0.0878,0.0131
1563,0.0560,0.0070,0.0789,0.0063
1564,0.0562,0.0094,0.0795,0.0062
1565,0.0604,0.0091,0.0669,0.0223
1566,0.0605,0.0087,0.0680,0.0180
1567,0.0487,0.0117,0.0799,0.0160
1568,0.0613,0.0141,0.0824,0.0064
1569,0.0487,0.0117,0.0799,0.0160
1570,0.0487,0.0117,0.0799,0.0160
1571,0.0487,0.0117,0.0799,0.0160
1572,0.0487,0.0117,0.0799,0.0160
1573,0.0487,0.0117,0.0799,0.0160
1574,0.0521,0.0114,0.0652,0.0064
1575,0.0521,0.0114,0.0652,0.0064
1576,0.0643,0.0196,0.0640,0.0097
1577,0.0496,0.0099,0.0639,0.0066
1578,0.0455,0.0123,0.0702,0.0144
1579,0.0613,0.0141,0.0824,0.0064
1580,0.0605,0.0163,0.0606,0.0095
1581,0.0454,0.0081,0.0614,0.0074
1582,0.0439,0.0085,0.0608,0.0079
1583,0.0554,0.0139,0.0556,0.0101
1584,0.0464,0.0135,0.0702,0.0166
1585,0.0435,0.0105,0.0603,0.0091
1586,0.0524,0.0166,0.0533,0.0108
1587,0.0462,0.0117,0.0605,0.0106
1588,0.0484,0.0125,0.0605,0.0119
1589,0.0444,0.0123,0.0700,0.0147
1590,0.0459,0.0148,0.0865,0.0141
1591,0.0617,0.0521,0.0613,0.0204
1592,0.0612,0.0427,0.0613,0.0187
1593,0.0675,0.0318,0.0597,0.0204
1594,0.0597,0.0257,0.0622,0.0159
1595,0.0541,0.0246,0.0707,0.0174
1596,0.0670,0.0205,0.0610,0.0157
1597,0.0566,0.0107,0.0641,0.0109
1598,0.0554,0.0095,0.0645,0.0090
1599,0.0657,0.0200,0.0627,0.0114
1600,0.0479,0.0119,0.0712,0.0135
1601,0.0613,0.0141,0.0824,0.0064
1602,0.0454,0.0081,0.0614,0.0074
1603,0.0635,0.0194,0.0645,0.0100
1604,0.0506,0.0138,0.0652,0.0100
1605,0.0502,0.0146,0.0647,0.0125
1606,0.0473,0.0160,0.0690,0.0194
1607,0.0505,0.0159,0.0635,0.0165
1608,0.0513,0.0169,0.0625,0.0179
1609,0.0623,0.0212,0.0638,0.0202
1610,0.0540,0.0235,0.0604,0.0195
1611,0.0551,0.0332,0.0660,0.0257
1612,0.0613,0.0141,0.0824,0.0064
1613,0.0659,0.0327,0.0599,0.0219
1614,0.0439,0.0085,0.0608,0.0079
1615,0.0521,0.0114,0.0652,0.0064
1616,0.0643,0.0196,0.0640,0.0097
1617,0.0473,0.0127,0.0709,0.0141
1618,0.0521,0.0114,0.0652,0.0064
1619,0.0643,0.0196,0.0640,0.0097
1620,0.0521,0.0114,0.0652,0.0064
1621,0.0521,0.0114,0.0652,0.0064
1622,0.0473,0.0127,0.0709,0.0141
1623,0.0613,0.0141,0.0824,0.0064
1624,0.0521,0.0114,0.0652,0.0064
1625,0.0521,0.0114,0.0652,0.0064
1626,0.0554,0.0139,0.0556,0.0101
1627,0.0521,0.0114,0.0652,0.0064
1628,0.0473,0.0127,0.0709,0.0141
1629,0.0643,0.0196,0.0640,0.0097
1630,0.0521,0.0114,0.0652,0.0064
1631,0.0521,0.0114,0.0652,0.0064
1632,0.0643,0.0196,0.0640,0.0097
1633,0.0473,0.0127,0.0709,0.0141
1634,0.0599,0.0085,0.0772,0.0092
1635,0.0521,0.0114,0.0652,0.0064
1636,0.0643,0.0196,0.0640,0.0097
1637,0.0521,0.0114,0.0652,0.0064
1638,0.0430,0.0099,0.0603,0.0087
1639,0.0473,0.0127,0.0709,0.0141
1640,0.0521,0.0114,0.0652,0.0064
1641,0.0521,0.0114,0.0652,0.0064
1642,0.0643,0.0196,0.0640,0.0097
1643,0.0521,0.0114,0.0652,0.0064
1644,0.0473,0.0127,0.0709,0.0141
1645,0.0459,0.0148,0.0865,0.0141
1646,0.0643,0.0196,0.0640,0.0097
1647,0.0521,0.0114,0.0652,0.0064
1648,0.0521,0.0114,0.0652,0.0064
1649,0.0643,0.0196,0.0640,0.0097
1650,0.0483,0.0144,0.0703,0.0176
1651,0.0521,0.0114,0.0652,0.0064
1652,0.0643,0.0196,0.0640,0.0097
1653,0.0521,0.0114,0.0652,0.0064
1654,0.0521,0.0114,0.0652,0.0064
1655,0.0473,0.0127,0.0709,0.0141
1656,0.0568,0.0091,0.0786,0.0076
1657,0.0613,0.0141,0.0824,0.0064
1658,0.0980,0.0292,0.0759,0.0171
1659,0.0903,0.0272,0.0755,0.0151
1660,0.0993,0.0383,0.0721,0.0198
1661,0.0775,0.0233,0.0743,0.0115
1662,0.0464,0.0135,0.0702,0.0166
1663,0.0524,0.0166,0.0533,0.0108
1664,0.0679,0.0196,0.0724,0.0087
1665,0.0641,0.0178,0.0712,0.0078
1666,0.0718,0.0259,0.0682,0.0115
1667,0.0523,0.0148,0.0728,0.0138
1668,0.0613,0.0141,0.0824,0.0064
1669,0.0548,0.0130,0.0668,0.0064
1670,0.0623,0.0179,0.0623,0.0096
1671,0.0473,0.0086,0.0627,0.0070
1672,0.0454,0.0081,0.0614,0.0074
1673,0.0442,0.0126,0.0699,0.0154
1674,0.0431,0.0093,0.0605,0.0084
1675,0.0462,0.0117,0.0605,0.0106
1676,0.0540,0.0147,0.0544,0.0104
1677,0.0435,0.0105,0.0603,0.0091
1678,0.0506,0.0155,0.0704,0.0188
1679,0.0613,0.0141,0.0824,0.0064
1680,0.0524,0.0171,0.0532,0.0107
1681,0.0484,0.0125,0.0605,0.0119
1682,0.0617,0.0521,0.0613,0.0204
1683,0.0677,0.0417,0.0594,0.0224
1684,0.0575,0.0377,0.0698,0.0197
1685,0.0575,0.0377,0.0698,0.0197
1686,0.0575,0.0377,0.0698,0.0197
1687,0.0575,0.0377,0.0698,0.0197
1688,0.0575,0.0377,0.0698,0.0197
1689,0.0575,0.0377,0.0698,0.0197
1690,0.0613,0.0141,0.0824,0.0064
1691,0.0523,0.0096,0.0608,0.0061
1692,0.0523,0.0096,0.0608,0.0061
1693,0.0628,0.0184,0.0582,0.0098
1694,0.0505,0.0082,0.0599,0.0063
1695,0.0470,0.0115,0.0682,0.0137
1696,0.0602,0.0155,0.0556,0.0096
1697,0.0469,0.0071,0.0587,0.0071
1698,0.0454,0.0077,0.0587,0.0076
1699,0.0565,0.0136,0.0521,0.0102
1700,0.0445,0.0125,0.0697,0.0151
1701,0.0459,0.0148,0.0865,0.0141
1702,0.0430,0.0090,0.0593,0.0079
1703,0.0531,0.0156,0.0516,0.0108
1704,0.0438,0.0099,0.0600,0.0088
1705,0.0449,0.0107,0.0602,0.0098
1706,0.0456,0.0116,0.0684,0.0140
1707,0.0587,0.0425,0.0575,0.0194
1708,0.0584,0.0346,0.0576,0.0175
1709,0.0642,0.0264,0.0546,0.0194
1710,0.0575,0.0209,0.0584,0.0148
1711,0.0543,0.0212,0.0683,0.0174
1712,0.0613,0.0141,0.0824,0.0064
1713,0.0642,0.0204,0.0557,0.0146
1714,0.0554,0.0099,0.0599,0.0106
1715,0.0546,0.0091,0.0603,0.0090
1716,0.0636,0.0199,0.0571,0.0111
1717,0.0493,0.0111,0.0685,0.0133
1718,0.0469,0.0071,0.0587,0.0071
1719,0.0623,0.0178,0.0587,0.0099
1720,0.0513,0.0110,0.0608,0.0087
1721,0.0511,0.0117,0.0606,0.0107
1722,0.0490,0.0150,0.0670,0.0174
1723,0.0613,0.0141,0.0824,0.0064
1724,0.0515,0.0135,0.0596,0.0142
1725,0.0523,0.0156,0.0589,0.0154
1726,0.0619,0.0195,0.0587,0.0182
1727,0.0548,0.0240,0.0574,0.0168
1728,0.0561,0.0332,0.0644,0.0231
1729,0.0654,0.0338,0.0555,0.0195
1730,0.0454,0.0077,0.0587,0.0076
1731,0.0523,0.0096,0.0608,0.0061
1732,0.0628,0.0184,0.0582,0.0098
1733,0.0487,0.0117,0.0683,0.0135
1734,0.0613,0.0141,0.0824,0.0064
1735,0.0523,0.0096,0.0608,0.0061
1736,0.0628,0.0184,0.0582,0.0098
1737,0.0523,0.0096,0.0608,0.0061
1738,0.0523,0.0096,0.0608,0.0061
1739,0.0487,0.0117,0.0683,0.0135
1740,0.0523,0.0096,0.0608,0.0061
1741,0.0523,0.0096,0.0608,0.0061
1742,0.0565,0.0136,0.0521,0.0102
1743,0.0523,0.0096,0.0608,0.0061
1744,0.0487,0.0117,0.0683,0.0135
1745,0.0613,0.0141,0.0824,0.0064
1746,0.0628,0.0184,0.0582,0.0098
1747,0.0523,0.0096,0.0608,0.0061
1748,0.0523,0.0096,0.0608,0.0061
1749,0.0628,0.0184,0.0582,0.0098
1750,0.0487,0.0117,0.0683,0.0135
1751,0.0523,0.0096,0.0608,0.0061
1752,0.0628,0.0184,0.0582,0.0098
1753,0.0523,0.0096,0.0608,0.0061
1754,0.0433,0.0087,0.0590,0.0079
1755,0.0487,0.0117,0.0683,0.0135
1756,0.0602,0.0137,0.0852,0.0180
1757,0.0523,0.0096,0.0608,0.0061
1758,0.0523,0.0096,0.0608,0.0061
1759,0.0628,0.0184,0.0582,0.0098
1760,0.0523,0.0096,0.0608,0.0061
1761,0.0487,0.0117,0.0683,0.0135
1762,0.0628,0.0184,0.0582,0.0098
1763,0.0523,0.0096,0.0608,0.0061
1764,0.0523,0.0096,0.0608,0.0061
1765,0.0628,0.0184,0.0582,0.0098
1766,0.0454,0.0133,0.0700,0.0159
1767,0.0571,0.0086,0.0779,0.0082
1768,0.0613,0.0141,0.0824,0.0064
1769,0.0523,0.0096,0.0608,0.0061
1770,0.0628,0.0184,0.0582,0.0098
1771,0.0523,0.0096,0.0608,0.0061
1772,0.0523,0.0096,0.0608,0.0061
1773,0.0487,0.0117,0.0683,0.0135
1774,0.0978,0.0263,0.0689,0.0175
1775,0.0892,0.0244,0.0686,0.0153
1776,0.0998,0.0362,0.0649,0.0203
1777,0.0753,0.0206,0.0676,0.0116
1778,0.0445,0.0125,0.0697,0.0151
1779,0.0613,0.0141,0.0824,0.0064
1780,0.0531,0.0156,0.0516,0.0108
1781,0.0655,0.0171,0.0662,0.0087
1782,0.0619,0.0155,0.0653,0.0077
1783,0.0693,0.0244,0.0616,0.0116
1784,0.0530,0.0131,0.0692,0.0133
1785,0.0544,0.0109,0.0619,0.0062
1786,0.0614,0.0169,0.0569,0.0096
1787,0.0486,0.0072,0.0593,0.0066
1788,0.0469,0.0071,0.0587,0.0071
1789,0.0441,0.0117,0.0690,0.0143
1790,0.0613,0.0141,0.0824,0.0064
1791,0.0442,0.0083,0.0588,0.0078
1792,0.0438,0.0099,0.0600,0.0088
1793,0.0552,0.0143,0.0516,0.0106
1794,0.0430,0.0090,0.0593,0.0079
1795,0.0467,0.0146,0.0702,0.0170
1796,0.0525,0.0160,0.0518,0.0105
1797,0.0449,0.0107,0.0602,0.0098
1798,0.0587,0.0425,0.0575,0.0194
1799,0.0643,0.0336,0.0545,0.0217
1800,0.0568,0.0316,0.0674,0.0192
1801,0.0613,0.0141,0.0824,0.0064
1802,0.0568,0.0316,0.0674,0.0192
1803,0.0568,0.0316,0.0674,0.0192
1804,0.0568,0.0316,0.0674,0.0192
1805,0.0568,0.0316,0.0674,0.0192
1806,0.0568,0.0316,0.0674,0.0192
1807,0.0498,0.0066,0.0533,0.0061
1808,0.0498,0.0066,0.0533,0.0061
1809,0.0580,0.0168,0.0477,0.0097
1810,0.0492,0.0055,0.0536,0.0064
1811,0.0488,0.0105,0.0657,0.0135
1812,0.0459,0.0148,0.0865,0.0141
1813,0.0569,0.0144,0.0468,0.0097
1814,0.0480,0.0058,0.0551,0.0075
1815,0.0472,0.0064,0.0563,0.0081
1816,0.0567,0.0130,0.0474,0.0108
1817,0.0445,0.0111,0.0702,0.0134
1818,0.0445,0.0065,0.0592,0.0073
1819,0.0548,0.0141,0.0504,0.0115
1820,0.0432,0.0071,0.0606,0.0067
1821,0.0430,0.0084,0.0611,0.0070
1822,0.0478,0.0106,0.0668,0.0137
1823,0.1141,0.0301,0.0951,0.0168
1824,0.0510,0.0236,0.0517,0.0181
1825,0.0510,0.0190,0.0523,0.0155
1826,0.0575,0.0185,0.0460,0.0185
1827,0.0510,0.0122,0.0531,0.0123
1828,0.0519,0.0147,0.0654,0.0168
1829,0.0583,0.0218,0.0466,0.0127
1830,0.0506,0.0092,0.0533,0.0094
1831,0.0504,0.0088,0.0534,0.0085
1832,0.0584,0.0200,0.0472,0.0104
1833,0.0499,0.0101,0.0648,0.0135
1834,0.1063,0.0282,0.0944,0.0148
1835,0.0480,0.0058,0.0551,0.0075
1836,0.0578,0.0153,0.0480,0.0098
1837,0.0496,0.0064,0.0533,0.0070
1838,0.0497,0.0072,0.0532,0.0081
1839,0.0506,0.0143,0.0641,0.0147
1840,0.0506,0.0118,0.0529,0.0104
1841,0.0514,0.0157,0.0526,0.0112
1842,0.0585,0.0194,0.0485,0.0148
1843,0.0537,0.0263,0.0522,0.0127
1844,0.0561,0.0342,0.0623,0.0186
1845,0.0991,0.0264,0.0937,0.0130
1846,0.0618,0.0374,0.0471,0.0159
1847,0.0472,0.0064,0.0563,0.0081
1848,0.0498,0.0066,0.0533,0.0061
1849,0.0580,0.0168,0.0477,0.0097
1850,0.0497,0.0103,0.0647,0.0132
1851,0.0498,0.0066,0.0533,0.0061
1852,0.0580,0.0168,0.0477,0.0097
1853,0.0498,0.0066,0.0533,0.0061
1854,0.0498,0.0066,0.0533,0.0061
1855,0.0497,0.0103,0.0647,0.0132
1856,0.0925,0.0247,0.0927,0.0113
1857,0.0498,0.0066,0.0533,0.0061
1858,0.0498,0.0066,0.0533,0.0061
1859,0.0567,0.0130,0.0474,0.0108
1860,0.0498,0.0066,0.0533,0.0061
1861,0.0497,0.0103,0.0647,0.0132
1862,0.0580,0.0168,0.0477,0.0097
1863,0.0498,0.0066,0.0533,0.0061
1864,0.0498,0.0066,0.0533,0.0061
1865,0.0580,0.0168,0.0477,0.0097
1866,0.0497,0.0103,0.0647,0.0132
1867,0.0567,0.0130,0.0852,0.0170
1868,0.0498,0.0066,0.0533,0.0061
1869,0.0580,0.0168,0.0477,0.0097
1870,0.0498,0.0066,0.0533,0.0061
1871,0.0454,0.0066,0.0583,0.0079
1872,0.0497,0.0103,0.0647,0.0132
1873,0.0498,0.0066,0.0533,0.0061
1874,0.0498,0.0066,0.0533,0.0061
1875,0.0580,0.0168,0.0477,0.0097
1876,0.0498,0.0066,0.0533,0.0061
1877,0.0497,0.0103,0.0647,0.0132
1878,0.0582,0.0085,0.0775,0.0087
1879,0.0649,0.0090,0.0771,0.0105
1880,0.0580,0.0168,0.0477,0.0097
1881,0.0498,0.0066,0.0533,0.0061
1882,0.0498,0.0066,0.0533,0.0061
1883,0.0580,0.0168,0.0477,0.0097
1884,0.0442,0.0121,0.0708,0.0137
1885,0.0498,0.0066,0.0533,0.0061
1886,0.0580,0.0168,0.0477,0.0097
1887,0.0498,0.0066,0.0533,0.0061
1888,0.0498,0.0066,0.0533,0.0061
1889,0.0497,0.0103,0.0647,0.0132
1890,0.0810,0.0214,0.0903,0.0086
1891,0.1028,0.0210,0.0559,0.0185
1892,0.0921,0.0193,0.0558,0.0161
1893,0.1065,0.0321,0.0513,0.0216
1894,0.0739,0.0160,0.0554,0.0120
1895,0.0445,0.0111,0.0702,0.0134
1896,0.0548,0.0141,0.0504,0.0115
1897,0.0612,0.0129,0.0547,0.0088
1898,0.0569,0.0114,0.0544,0.0077
1899,0.0660,0.0218,0.0492,0.0118
1900,0.0516,0.0104,0.0632,0.0129
1901,0.0760,0.0198,0.0888,0.0077
1902,0.0506,0.0076,0.0534,0.0061
1903,0.0572,0.0155,0.0472,0.0096
1904,0.0487,0.0052,0.0543,0.0069
1905,0.0480,0.0058,0.0551,0.0075
1906,0.0459,0.0104,0.0687,0.0135
1907,0.0463,0.0067,0.0573,0.0082
1908,0.0432,0.0071,0.0606,0.0067
1909,0.0562,0.0135,0.0483,0.0113
1910,0.0445,0.0065,0.0592,0.0073
1911,0.0441,0.0137,0.0712,0.0143
1912,0.0716,0.0184,0.0873,0.0069
1913,0.0541,0.0141,0.0513,0.0110
1914,0.0430,0.0084,0.0611,0.0070
1915,0.0510,0.0236,0.0517,0.0181
1916,0.0573,0.0201,0.0461,0.0215
1917,0.0528,0.0202,0.0646,0.0177
1918,0.0528,0.0202,0.0646,0.0177
1919,0.0528,0.0202,0.0646,0.0177
1920,0.0528,0.0202,0.0646,0.0177
1921,0.0528,0.0202,0.0646,0.0177
1922,0.0528,0.0202,0.0646,0.0177
1923,0.0503,0.0176,0.0886,0.0137
1924,0.0460,0.0051,0.0509,0.0062
1925,0.0460,0.0051,0.0509,0.0062
1926,0.0558,0.0161,0.0432,0.0097
1927,0.0459,0.0043,0.0521,0.0065
1928,0.0477,0.0102,0.0664,0.0138
1929,0.0537,0.0140,0.0438,0.0096
1930,0.0463,0.0051,0.0557,0.0080
1931,0.0464,0.0055,0.0575,0.0088
1932,0.0546,0.0127,0.0478,0.0109
1933,0.0455,0.0105,0.0726,0.0130
1934,0.0642,0.0155,0.0840,0.0064
1935,0.0453,0.0049,0.0617,0.0079
1936,0.0548,0.0132,0.0528,0.0120
1937,0.0441,0.0061,0.0634,0.0065
1938,0.0437,0.0080,0.0640,0.0062
1939,0.0475,0.0101,0.0681,0.0140
1940,0.0458,0.0110,0.0503,0.0187
1941,0.0459,0.0096,0.0515,0.0153
1942,0.0551,0.0185,0.0429,0.0198
1943,0.0462,0.0092,0.0525,0.0110
1944,0.0481,0.0109,0.0662,0.0158
1945,0.0590,0.0124,0.0810,0.0067
1946,0.0567,0.0241,0.0431,0.0123
1947,0.0465,0.0100,0.0519,0.0082
1948,0.0464,0.0092,0.0516,0.0075
1949,0.0566,0.0204,0.0432,0.0100
1950,0.0478,0.0097,0.0649,0.0137
1951,0.0463,0.0051,0.0557,0.0080
1952,0.0552,0.0142,0.0431,0.0099
1953,0.0460,0.0049,0.0506,0.0065
1954,0.0462,0.0068,0.0505,0.0071
1955,0.0492,0.0151,0.0643,0.0139
1956,0.0575,0.0107,0.0798,0.0071
1957,0.0471,0.0134,0.0505,0.0086
1958,0.0479,0.0180,0.0506,0.0093
1959,0.0543,0.0217,0.0431,0.0132
1960,0.0500,0.0290,0.0506,0.0112
1961,0.0536,0.0356,0.0625,0.0163
1962,0.0570,0.0408,0.0428,0.0148
1963,0.0464,0.0055,0.0575,0.0088
1964,0.0460,0.0051,0.0509,0.0062
1965,0.0558,0.0161,0.0432,0.0097
1966,0.0478,0.0100,0.0647,0.0134
1967,0.0568,0.0091,0.0786,0.0076
1968,0.0460,0.0051,0.0509,0.0062
1969,0.0558,0.0161,0.0432,0.0097
1970,0.0460,0.0051,0.0509,0.0062
1971,0.0460,0.0051,0.0509,0.0062
1972,0.0478,0.0100,0.0647,0.0134
1973,0.0460,0.0051,0.0509,0.0062
1974,0.0460,0.0051,0.0509,0.0062
1975,0.0546,0.0127,0.0478,0.0109
1976,0.0460,0.0051,0.0509,0.0062
1977,0.0478,0.0100,0.0647,0.0134
1978,0.0505,0.0126,0.0851,0.0156
1979,0.0558,0.0161,0.0432,0.0097
1980,0.0460,0.0051,0.0509,0.0062
1981,0.0460,0.0051,0.0509,0.0062
1982,0.0558,0.0161,0.0432,0.0097
1983,0.0478,0.0100,0.0647,0.0134
1984,0.0460,0.0051,0.0509,0.0062
1985,0.0558,0.0161,0.0432,0.0097
1986,0.0460,0.0051,0.0509,0.0062
1987,0.0458,0.0052,0.0605,0.0086
1988,0.0478,0.0100,0.0647,0.0134
1989,0.0567,0.0130,0.0852,0.0170
1990,0.0582,0.0085,0.0775,0.0087
1991,0.0460,0.0051,0.0509,0.0062
1992,0.0460,0.0051,0.0509,0.0062
1993,0.0558,0.0161,0.0432,0.0097
1994,0.0460,0.0051,0.0509,0.0062
1995,0.0478,0.0100,0.0647,0.0134
1996,0.0558,0.0161,0.0432,0.0097
1997,0.0460,0.0051,0.0509,0.0062
1998,0.0460,0.0051,0.0509,0.0062
1999,0.0558,0.0161,0.0432,0.0097
2000,0.0450,0.0118,0.0733,0.0130
2001,0.0679,0.0095,0.0771,0.0115
2002,0.0460,0.0051,0.0509,0.0062
2003,0.0558,0.0161,0.0432,0.0097
2004,0.0460,0.0051,0.0509,0.0062
2005,0.0460,0.0051,0.0509,0.0062
2006,0.0478,0.0100,0.0647,0.0134
2007,0.1131,0.0175,0.0493,0.0196
2008,0.1008,0.0161,0.0492,0.0171
2009,0.1178,0.0295,0.0441,0.0231
2010,0.0791,0.0132,0.0492,0.0127
2011,0.0455,0.0105,0.0726,0.0130
2012,0.0599,0.0085,0.0772,0.0092
2013,0.0548,0.0132,0.0528,0.0120
2014,0.0624,0.0105,0.0493,0.0092
2015,0.0562,0.0092,0.0494,0.0079
2016,0.0687,0.0205,0.0432,0.0124
2017,0.0483,0.0095,0.0614,0.0128
2018,0.0468,0.0059,0.0502,0.0061
2019,0.0542,0.0149,0.0434,0.0095
2020,0.0461,0.0044,0.0539,0.0072
2021,0.0463,0.0051,0.0557,0.0080
2022,0.0467,0.0097,0.0707,0.0137
2023,0.0622,0.0087,0.0771,0.0097
2024,0.0462,0.0055,0.0592,0.0090
2025,0.0441,0.0061,0.0634,0.0065
2026,0.0549,0.0130,0.0496,0.0117
2027,0.0453,0.0049,0.0617,0.0079
2028,0.0446,0.0138,0.0737,0.0133
2029,0.0544,0.0131,0.0541,0.0115
2030,0.0437,0.0080,0.0640,0.0062
2031,0.0458,0.0110,0.0503,0.0187
2032,0.0545,0.0163,0.0427,0.0235
2033,0.0482,0.0128,0.0653,0.0164
2034,0.0640,0.0147,0.0852,0.0193
2035,0.0482,0.0128,0.0653,0.0164
2036,0.0482,0.0128,0.0653,0.0164
2037,0.0482,0.0128,0.0653,0.0164
2038,0.0482,0.0128,0.0653,0.0164
2039,0.0482,0.0128,0.0653,0.0164
2040,0.0448,0.0048,0.0512,0.0061
2041,0.0448,0.0048,0.0512,0.0061
2042,0.0563,0.0159,0.0430,0.0098
2043,0.0445,0.0041,0.0528,0.0065
2044,0.0467,0.0101,0.0677,0.0139
2045,0.0679,0.0095,0.0771,0.0115
2046,0.0530,0.0139,0.0442,0.0095
2047,0.0451,0.0048,0.0572,0.0081
2048,0.0454,0.0052,0.0592,0.0090
2049,0.0535,0.0126,0.0493,0.0109
2050,0.0457,0.0104,0.0743,0.0130
2051,0.0451,0.0044,0.0636,0.0082
2052,0.0543,0.0130,0.0550,0.0122
2053,0.0443,0.0061,0.0653,0.0066
2054,0.0439,0.0082,0.0659,0.0062
2055,0.0467,0.0100,0.0696,0.0142
2056,0.0712,0.0103,0.0771,0.0129
2057,0.0447,0.0081,0.0509,0.0196
2058,0.0449,0.0083,0.0523,0.0158
2059,0.0557,0.0202,0.0429,0.0210
2060,0.0452,0.0100,0.0535,0.0109
2061,0.0465,0.0101,0.0675,0.0153
2062,0.0578,0.0253,0.0431,0.0126
2063,0.0456,0.0107,0.0527,0.0077
2064,0.0455,0.0096,0.0523,0.0072
2065,0.0575,0.0207,0.0432,0.0101
2066,0.0465,0.0096,0.0660,0.0137
2067,0.0696,0.0534,0.0790,0.0211
2068,0.0451,0.0048,0.0572,0.0081
2069,0.0556,0.0139,0.0428,0.0099
2070,0.0445,0.0050,0.0508,0.0064
2071,0.0446,0.0073,0.0507,0.0069
2072,0.0480,0.0157,0.0654,0.0138
2073,0.0454,0.0145,0.0508,0.0082
2074,0.0461,0.0191,0.0510,0.0089
2075,0.0528,0.0230,0.0422,0.0127
2076,0.0479,0.0302,0.0511,0.0111
2077,0.0519,0.0362,0.0633,0.0157
2078,0.0690,0.0438,0.0791,0.0187
2079,0.0549,0.0423,0.0423,0.0147
2080,0.0454,0.0052,0.0592,0.0090
2081,0.0448,0.0048,0.0512,0.0061
2082,0.0563,0.0159,0.0430,0.0098
2083,0.0466,0.0100,0.0658,0.0135
2084,0.0448,0.0048,0.0512,0.0061
2085,0.0563,0.0159,0.0430,0.0098
2086,0.0448,0.0048,0.0512,0.0061
2087,0.0448,0.0048,0.0512,0.0061
2088,0.0466,0.0100,0.0658,0.0135
2089,0.0528,0.0376,0.0860,0.0184
2090,0.0448,0.0048,0.0512,0.0061
2091,0.0448,0.0048,0.0512,0.0061
2092,0.0535,0.0126,0.0493,0.0109
2093,0.0448,0.0048,0.0512,0.0061
2094,0.0466,0.0100,0.0658,0.0135
2095,0.0563,0.0159,0.0430,0.0098
2096,0.0448,0.0048,0.0512,0.0061
2097,0.0448,0.0048,0.0512,0.0061
2098,0.0563,0.0159,0.0430,0.0098
2099,0.0466,0.0100,0.0658,0.0135
Highest RMSE Cases
Vdc  Max RMSE=  0.1264 at Case 1540; 1082 > 0.05
Idc  Max RMSE=  0.0534 at Case 557; 8 > 0.05
Vd   Max RMSE=  0.1071 at Case 727; 1672 > 0.05
Vq   Max RMSE=  0.0287 at Case 1217; 0 > 0.05
Total Error Summary
Vdc  RMSE=  0.0543
Idc  RMSE=  0.0163
Vd   RMSE=  0.0629
Vq   RMSE=  0.0117
