Read Model from: ./lab2/
Export Model to: ./lab2/lab2_fhf.json
idx_in [0, 1, 2, 3]
idx_out [4, 5, 6]
make_mimo_block iir
H1s[0][0]  Real Poles: [-12378.25741582  -8878.87644508  -8878.87644508  -2610.25229403] Freqs [Hz]: [701.754452086416]
H1s[0][1]  Real Poles: [-13247.84993889  -8916.34011981  -8916.34011981   -917.49581997] Freqs [Hz]: [826.8368614622422]
H1s[0][2]  Real Poles: [-10804.67576208 -10804.67576208  -5352.54804991  -5352.54804991] Freqs [Hz]: [394.76628957713797, 336.1893696843703]
H1s[1][0]  Real Poles: [-12859.70263704  -8782.35448187  -8782.35448187  -2192.30297361] Freqs [Hz]: [741.6049593205765]
H1s[1][1]  Real Poles: [-13300.08459718  -8903.9731719   -8903.9731719    -588.7274783 ] Freqs [Hz]: [825.8221140773549]
H1s[1][2]  Real Poles: [-13085.27682111  -8913.37931667  -8913.37931667   -763.13689438] Freqs [Hz]: [800.3922855121973]
H1s[2][0]  Real Poles: [-10628.40182635 -10628.40182635  -6197.98136885  -6197.98136885] Freqs [Hz]: [323.4502025844812, 465.4472776310987]
H1s[2][1]  Real Poles: [-12993.61585988  -8817.18882608  -8817.18882608  -1761.86659148] Freqs [Hz]: [768.2421282224246]
H1s[2][2]  Real Poles: [-13082.47566559  -8910.54974155  -8910.54974155   -675.12807596] Freqs [Hz]: [813.2216631790255]
model_folder = ./lab2/
model_root = lab2
data_path = ../../data/lab2.hdf5
idx_in [0, 1, 2, 3]
idx_out [4, 5, 6]
read 69 dataframes
dt=0.000120 data_len=4999 n_io=7 n_case=69
['Fc', 'Vc', 'Rc', 'Vdc'] ['Vrms', 'Irms', 'Idc'] (69, 4999, 7)
make_mimo_block iir
prepending initial conditions (69, 50, 7) (69, 4999, 7) float32 float32
results in (69, 5049, 7)
Idx,Vrms,Irms,Idc
#,RMSE,RMSE,RMSE
Total,0.0068,0.0252,0.0276
0,0.0058,0.0206,0.0244
1,0.0046,0.0233,0.0256
2,0.0070,0.0371,0.0387
3,0.0037,0.0315,0.0331
4,0.0065,0.0210,0.0267
5,0.0070,0.0208,0.0275
6,0.0049,0.0202,0.0207
7,0.0048,0.0260,0.0252
8,0.0065,0.0357,0.0336
9,0.0041,0.0307,0.0302
10,0.0070,0.0246,0.0290
11,0.0053,0.0198,0.0213
12,0.0057,0.0198,0.0228
13,0.0042,0.0256,0.0271
14,0.0081,0.0372,0.0424
15,0.0044,0.0327,0.0370
16,0.0087,0.0235,0.0312
17,0.0071,0.0086,0.0176
18,0.0058,0.0209,0.0212
19,0.0053,0.0282,0.0303
20,0.0083,0.0355,0.0367
21,0.0046,0.0339,0.0377
22,0.0081,0.0254,0.0305
23,0.0056,0.0211,0.0218
24,0.0039,0.0228,0.0271
25,0.0041,0.0241,0.0264
26,0.0069,0.0327,0.0312
27,0.0032,0.0323,0.0353
28,0.0065,0.0239,0.0301
29,0.0070,0.0217,0.0282
30,0.0046,0.0197,0.0201
31,0.0029,0.0263,0.0228
32,0.0062,0.0373,0.0327
33,0.0043,0.0325,0.0328
34,0.0054,0.0262,0.0296
35,0.0050,0.0220,0.0229
36,0.0047,0.0183,0.0196
37,0.0045,0.0316,0.0387
38,0.0041,0.0405,0.0363
39,0.0047,0.0349,0.0358
40,0.0051,0.0274,0.0329
41,0.0042,0.0227,0.0267
42,0.0078,0.0177,0.0231
43,0.0073,0.0326,0.0314
44,0.0050,0.0430,0.0375
45,0.0071,0.0371,0.0389
46,0.0063,0.0288,0.0364
47,0.0041,0.0214,0.0227
48,0.0073,0.0221,0.0250
49,0.0067,0.0275,0.0317
50,0.0061,0.0379,0.0437
51,0.0062,0.0349,0.0390
52,0.0063,0.0249,0.0288
53,0.0066,0.0213,0.0266
54,0.0086,0.0105,0.0166
55,0.0083,0.0099,0.0233
56,0.0081,0.0119,0.0214
57,0.0078,0.0127,0.0165
58,0.0149,0.0140,0.0260
59,0.0076,0.0105,0.0186
60,0.0027,0.0055,0.0053
61,0.0082,0.0038,0.0041
62,0.0144,0.0019,0.0040
63,0.0038,0.0069,0.0059
64,0.0087,0.0048,0.0048
65,0.0132,0.0025,0.0049
66,0.0046,0.0072,0.0057
67,0.0088,0.0046,0.0045
68,0.0117,0.0020,0.0043
Highest RMSE Cases
Vrms Max RMSE=  0.0149 at Case 58; 0 > 0.05
Irms Max RMSE=  0.0430 at Case 44; 0 > 0.05
Idc  Max RMSE=  0.0437 at Case 50; 0 > 0.05
Total Error Summary
Vrms RMSE=  0.0068
Irms RMSE=  0.0252
Idc  RMSE=  0.0276
