idx_in [0, 1, 2, 3, 4, 5, 6, 7]
idx_out [8, 9, 10, 11]
read 1500 dataframes
dt=0.002000 data_len=2000 n_io=12 n_case=1500
['T', 'G', 'Fc', 'Md', 'Mq', 'Vrms', 'GVrms', 'Ctl'] ['Vdc', 'Idc', 'Id', 'Iq'] (1500, 2000, 12)
Case RMS Errors:
Idx     Vdc    Idc     Id     Iq
  0  0.0304 0.0186 0.0124 0.0033
  1  0.0291 0.0159 0.0159 0.0026
  2  0.0279 0.0152 0.0124 0.0042
  3  0.0278 0.0159 0.0134 0.0040
  4  0.0277 0.0154 0.0125 0.0035
  5  0.0283 0.0150 0.0124 0.0026
  6  0.0277 0.0158 0.0124 0.0038
  7  0.0277 0.0160 0.0124 0.0039
  8  0.0277 0.0161 0.0124 0.0040
  9  0.0277 0.0160 0.0129 0.0039
 10  0.0277 0.0157 0.0139 0.0036
 11  0.0277 0.0156 0.0155 0.0034
 12  0.0278 0.0156 0.0171 0.0037
 13  0.0278 0.0158 0.0183 0.0046
 14  0.0278 0.0163 0.0133 0.0038
 15  0.0278 0.0166 0.0185 0.0062
 16  0.0279 0.0190 0.0175 0.0080
 17  0.0282 0.0149 0.0122 0.0026
 18  0.0280 0.0172 0.0206 0.0106
 19  0.0277 0.0154 0.0140 0.0058
 20  0.0277 0.0158 0.0124 0.0056
 21  0.0278 0.0164 0.0129 0.0078
 22  0.0278 0.0166 0.0133 0.0095
 23  0.0277 0.0165 0.0132 0.0101
 24  0.0277 0.0162 0.0129 0.0095
 25  0.0281 0.0154 0.0201 0.0043
 26  0.0277 0.0159 0.0126 0.0080
 27  0.0277 0.0157 0.0125 0.0059
 28  0.0277 0.0156 0.0124 0.0039
 29  0.0281 0.0149 0.0121 0.0025
 30  0.0277 0.0156 0.0126 0.0054
 31  0.0277 0.0156 0.0128 0.0073
 32  0.0278 0.0157 0.0133 0.0087
 33  0.0278 0.0158 0.0138 0.0092
 34  0.0279 0.0159 0.0140 0.0087
 35  0.0279 0.0158 0.0138 0.0074
 36  0.0278 0.0164 0.0129 0.0037
 37  0.0279 0.0156 0.0131 0.0057
 38  0.0278 0.0155 0.0124 0.0052
 39  0.0278 0.0159 0.0136 0.0078
 40  0.0278 0.0176 0.0186 0.0123
 41  0.0280 0.0149 0.0119 0.0025
 42  0.0278 0.0257 0.0413 0.0046
 43  0.0278 0.0229 0.0363 0.0043
 44  0.0278 0.0206 0.0316 0.0040
 45  0.0278 0.0186 0.0272 0.0038
 46  0.0277 0.0172 0.0232 0.0036
 47  0.0277 0.0161 0.0124 0.0035
 48  0.0277 0.0163 0.0197 0.0035
 49  0.0277 0.0157 0.0167 0.0034
 50  0.0277 0.0155 0.0145 0.0034
 51  0.0277 0.0154 0.0130 0.0034
 52  0.0277 0.0155 0.0124 0.0035
 53  0.0279 0.0149 0.0118 0.0025
 54  0.0277 0.0156 0.0130 0.0038
 55  0.0277 0.0156 0.0137 0.0040
 56  0.0277 0.0155 0.0144 0.0042
 57  0.0277 0.0154 0.0150 0.0044
 58  0.0277 0.0157 0.0121 0.0034
 59  0.0277 0.0154 0.0155 0.0047
 60  0.0277 0.0156 0.0157 0.0048
 61  0.0277 0.0161 0.0156 0.0050
 62  0.0277 0.0170 0.0154 0.0052
 63  0.0277 0.0184 0.0149 0.0053
 64  0.0278 0.0204 0.0144 0.0053
 65  0.0277 0.0153 0.0117 0.0023
 66  0.0279 0.0148 0.0117 0.0024
 67  0.0278 0.0171 0.0193 0.0056
 68  0.0278 0.0158 0.0138 0.0039
 69  0.0278 0.0153 0.0119 0.0032
 70  0.0278 0.0160 0.0144 0.0042
 71  0.0278 0.0160 0.0154 0.0047
 72  0.0278 0.0159 0.0127 0.0035
 73  0.0278 0.0158 0.0126 0.0080
 74  0.0278 0.0158 0.0126 0.0068
 75  0.0278 0.0158 0.0126 0.0056
 76  0.0278 0.0159 0.0127 0.0045
 77  0.0278 0.0159 0.0128 0.0038
 78  0.0278 0.0148 0.0116 0.0024
 79  0.0278 0.0159 0.0128 0.0039
 80  0.0278 0.0149 0.0119 0.0030
 81  0.0278 0.0159 0.0128 0.0047
 82  0.0278 0.0158 0.0127 0.0058
 83  0.0278 0.0158 0.0126 0.0070
 84  0.0279 0.0158 0.0126 0.0083
 85  0.0301 0.0213 0.0157 0.0039
 86  0.0296 0.0207 0.0153 0.0039
 87  0.0292 0.0201 0.0148 0.0038
 88  0.0287 0.0196 0.0143 0.0038
 89  0.0278 0.0169 0.0163 0.0035
 90  0.0278 0.0148 0.0115 0.0024
 91  0.0277 0.0147 0.0120 0.0028
 92  0.0281 0.0182 0.0134 0.0037
 93  0.0279 0.0174 0.0132 0.0036
 94  0.0278 0.0166 0.0130 0.0036
 95  0.0278 0.0160 0.0129 0.0035
 96  0.0278 0.0158 0.0129 0.0035
 97  0.0278 0.0164 0.0127 0.0037
 98  0.0278 0.0170 0.0126 0.0038
 99  0.0278 0.0174 0.0127 0.0038
100  0.0278 0.0174 0.0131 0.0038
101  0.0278 0.0172 0.0143 0.0036
102  0.0277 0.0147 0.0122 0.0029
103  0.0277 0.0148 0.0115 0.0024
104  0.0278 0.0169 0.0163 0.0035
105  0.0278 0.0169 0.0184 0.0038
106  0.0278 0.0173 0.0201 0.0048
107  0.0278 0.0189 0.0207 0.0064
108  0.0279 0.0224 0.0200 0.0085
109  0.0280 0.0165 0.0238 0.0201
110  0.0278 0.0158 0.0154 0.0111
111  0.0278 0.0166 0.0127 0.0056
112  0.0278 0.0171 0.0130 0.0064
113  0.0279 0.0151 0.0127 0.0049
114  0.0277 0.0148 0.0126 0.0032
115  0.0278 0.0171 0.0136 0.0092
116  0.0277 0.0149 0.0114 0.0023
117  0.0278 0.0167 0.0136 0.0108
118  0.0278 0.0164 0.0133 0.0109
119  0.0278 0.0161 0.0130 0.0097
120  0.0278 0.0160 0.0128 0.0073
121  0.0278 0.0159 0.0128 0.0047
122  0.0278 0.0160 0.0129 0.0055
123  0.0278 0.0163 0.0132 0.0080
124  0.0278 0.0167 0.0137 0.0100
125  0.0278 0.0149 0.0129 0.0037
126  0.0278 0.0172 0.0142 0.0109
127  0.0278 0.0177 0.0145 0.0106
128  0.0277 0.0149 0.0114 0.0023
129  0.0278 0.0179 0.0143 0.0092
130  0.0278 0.0177 0.0134 0.0069
131  0.0278 0.0168 0.0126 0.0056
132  0.0278 0.0160 0.0140 0.0081
133  0.0278 0.0164 0.0196 0.0136
134  0.0278 0.0289 0.0460 0.0071
135  0.0278 0.0256 0.0403 0.0065
136  0.0278 0.0150 0.0132 0.0043
137  0.0278 0.0227 0.0349 0.0060
138  0.0278 0.0203 0.0299 0.0054
139  0.0278 0.0184 0.0253 0.0049
140  0.0277 0.0149 0.0114 0.0023
141  0.0278 0.0171 0.0212 0.0045
142  0.0278 0.0163 0.0178 0.0041
143  0.0278 0.0159 0.0151 0.0038
144  0.0278 0.0158 0.0134 0.0036
145  0.0278 0.0158 0.0126 0.0035
146  0.0278 0.0160 0.0135 0.0038
147  0.0277 0.0149 0.0114 0.0023
148  0.0278 0.0160 0.0145 0.0040
149  0.0278 0.0160 0.0156 0.0043
150  0.0278 0.0159 0.0165 0.0047
151  0.0278 0.0158 0.0171 0.0051
152  0.0277 0.0150 0.0114 0.0023
153  0.0278 0.0158 0.0175 0.0055
154  0.0278 0.0162 0.0176 0.0059
155  0.0278 0.0170 0.0174 0.0063
156  0.0278 0.0183 0.0169 0.0066
157  0.0278 0.0202 0.0163 0.0069
158  0.0279 0.0194 0.0117 0.0089
159  0.0278 0.0163 0.0170 0.0050
160  0.0280 0.0234 0.0150 0.0055
161  0.0290 0.0400 0.0192 0.0047
162  0.0315 0.0444 0.0234 0.0074
163  0.0279 0.0164 0.0134 0.0040
164  0.0278 0.0150 0.0114 0.0023
165  0.0279 0.0162 0.0130 0.0099
166  0.0278 0.0162 0.0131 0.0083
167  0.0278 0.0163 0.0133 0.0068
168  0.0278 0.0164 0.0134 0.0054
169  0.0279 0.0151 0.0131 0.0051
170  0.0278 0.0164 0.0135 0.0044
171  0.0278 0.0164 0.0136 0.0042
172  0.0278 0.0163 0.0135 0.0051
173  0.0278 0.0163 0.0134 0.0064
174  0.0279 0.0162 0.0133 0.0079
175  0.0279 0.0162 0.0132 0.0095
176  0.0279 0.0151 0.0114 0.0024
177  0.0316 0.0276 0.0168 0.0039
178  0.0309 0.0264 0.0163 0.0039
179  0.0302 0.0253 0.0157 0.0039
180  0.0279 0.0152 0.0126 0.0059
181  0.0295 0.0241 0.0151 0.0040
182  0.0279 0.0200 0.0161 0.0039
183  0.0286 0.0212 0.0142 0.0041
184  0.0283 0.0196 0.0139 0.0041
185  0.0281 0.0180 0.0138 0.0041
186  0.0279 0.0168 0.0137 0.0040
187  0.0279 0.0162 0.0136 0.0040
188  0.0277 0.0151 0.0116 0.0023
189  0.0280 0.0152 0.0114 0.0024
190  0.0278 0.0174 0.0134 0.0038
191  0.0278 0.0153 0.0120 0.0066
192  0.0278 0.0187 0.0132 0.0038
193  0.0278 0.0197 0.0130 0.0038
194  0.0279 0.0203 0.0132 0.0038
195  0.0279 0.0202 0.0142 0.0038
196  0.0279 0.0200 0.0161 0.0039
197  0.0279 0.0200 0.0186 0.0042
198  0.0279 0.0208 0.0208 0.0051
199  0.0279 0.0231 0.0218 0.0067
200  0.0280 0.0276 0.0215 0.0089
201  0.0281 0.0153 0.0114 0.0024
202  0.0278 0.0155 0.0120 0.0070
203  0.0281 0.0162 0.0264 0.0332
204  0.0279 0.0170 0.0165 0.0208
205  0.0279 0.0182 0.0132 0.0110
206  0.0279 0.0185 0.0136 0.0055
207  0.0279 0.0181 0.0144 0.0071
208  0.0279 0.0174 0.0146 0.0098
209  0.0278 0.0169 0.0143 0.0111
210  0.0278 0.0165 0.0139 0.0106
211  0.0278 0.0163 0.0137 0.0087
212  0.0278 0.0163 0.0135 0.0059
213  0.0277 0.0156 0.0142 0.0072
214  0.0282 0.0155 0.0115 0.0025
215  0.0278 0.0167 0.0138 0.0050
216  0.0278 0.0174 0.0142 0.0077
217  0.0278 0.0184 0.0148 0.0100
218  0.0278 0.0197 0.0153 0.0112
219  0.0279 0.0211 0.0156 0.0111
220  0.0279 0.0221 0.0152 0.0096
221  0.0279 0.0223 0.0142 0.0074
222  0.0280 0.0212 0.0131 0.0063
223  0.0281 0.0191 0.0142 0.0096
224  0.0279 0.0148 0.0132 0.0055
225  0.0280 0.0188 0.0260 0.0029
226  0.0282 0.0169 0.0200 0.0162
227  0.0284 0.0157 0.0115 0.0026
228  0.0280 0.0321 0.0498 0.0110
229  0.0280 0.0282 0.0435 0.0101
230  0.0279 0.0248 0.0375 0.0092
231  0.0279 0.0219 0.0319 0.0084
232  0.0279 0.0196 0.0267 0.0076
233  0.0279 0.0179 0.0222 0.0067
234  0.0279 0.0168 0.0183 0.0060
235  0.0279 0.0163 0.0153 0.0053
236  0.0279 0.0176 0.0232 0.0029
237  0.0279 0.0162 0.0135 0.0047
238  0.0278 0.0163 0.0130 0.0042
239  0.0285 0.0159 0.0116 0.0026
240  0.0278 0.0166 0.0148 0.0038
241  0.0278 0.0167 0.0163 0.0040
242  0.0278 0.0167 0.0177 0.0043
243  0.0278 0.0165 0.0191 0.0048
244  0.0278 0.0163 0.0200 0.0054
245  0.0278 0.0162 0.0207 0.0060
246  0.0278 0.0162 0.0210 0.0067
247  0.0279 0.0165 0.0205 0.0029
248  0.0278 0.0166 0.0210 0.0073
249  0.0279 0.0175 0.0207 0.0078
250  0.0279 0.0190 0.0201 0.0084
251  0.0291 0.0197 0.0254 0.0025
252  0.0292 0.0162 0.0115 0.0029
253  0.0290 0.0160 0.0155 0.0026
254  0.0301 0.0230 0.0284 0.0028
255  0.0309 0.0343 0.0446 0.0029
256  0.0278 0.0148 0.0115 0.0023
257  0.0278 0.0150 0.0115 0.0024
258  0.0278 0.0158 0.0181 0.0029
259  0.0278 0.0149 0.0114 0.0024
260  0.0278 0.0148 0.0114 0.0023
261  0.0278 0.0147 0.0114 0.0023
262  0.0278 0.0147 0.0114 0.0023
263  0.0283 0.0151 0.0143 0.0024
264  0.0278 0.0147 0.0114 0.0023
265  0.0278 0.0147 0.0114 0.0023
266  0.0278 0.0148 0.0114 0.0023
267  0.0278 0.0149 0.0115 0.0023
268  0.0279 0.0150 0.0116 0.0023
269  0.0278 0.0152 0.0161 0.0029
270  0.0278 0.0209 0.0176 0.0061
271  0.0278 0.0198 0.0168 0.0057
272  0.0278 0.0187 0.0159 0.0053
273  0.0278 0.0177 0.0151 0.0049
274  0.0282 0.0167 0.0151 0.0036
275  0.0294 0.0170 0.0117 0.0036
276  0.0278 0.0161 0.0135 0.0040
277  0.0278 0.0155 0.0128 0.0036
278  0.0278 0.0150 0.0122 0.0031
279  0.0278 0.0147 0.0118 0.0028
280  0.0277 0.0164 0.0122 0.0039
281  0.0278 0.0146 0.0115 0.0025
282  0.0278 0.0149 0.0115 0.0024
283  0.0278 0.0152 0.0118 0.0026
284  0.0278 0.0156 0.0124 0.0029
285  0.0278 0.0160 0.0131 0.0032
286  0.0279 0.0164 0.0140 0.0034
287  0.0310 0.0199 0.0128 0.0042
288  0.0282 0.0167 0.0151 0.0036
289  0.0286 0.0169 0.0164 0.0035
290  0.0295 0.0168 0.0180 0.0032
291  0.0278 0.0149 0.0144 0.0029
292  0.0310 0.0166 0.0198 0.0028
293  0.0334 0.0162 0.0218 0.0024
294  0.0285 0.0228 0.0115 0.0135
295  0.0279 0.0196 0.0115 0.0068
296  0.0278 0.0175 0.0115 0.0029
297  0.0278 0.0162 0.0114 0.0032
298  0.0279 0.0155 0.0114 0.0046
299  0.0277 0.0147 0.0114 0.0023
300  0.0279 0.0151 0.0114 0.0051
301  0.0279 0.0149 0.0114 0.0049
302  0.0278 0.0147 0.0131 0.0029
303  0.0279 0.0148 0.0114 0.0042
304  0.0278 0.0148 0.0114 0.0033
305  0.0278 0.0147 0.0114 0.0026
306  0.0278 0.0147 0.0114 0.0023
307  0.0278 0.0146 0.0115 0.0023
308  0.0278 0.0147 0.0115 0.0027
309  0.0278 0.0148 0.0115 0.0042
310  0.0279 0.0150 0.0115 0.0072
311  0.0277 0.0150 0.0115 0.0023
312  0.0277 0.0149 0.0114 0.0024
313  0.0277 0.0147 0.0123 0.0029
314  0.0280 0.0156 0.0115 0.0113
315  0.0282 0.0164 0.0115 0.0167
316  0.0286 0.0176 0.0115 0.0232
317  0.0291 0.0193 0.0119 0.0308
318  0.0300 0.0214 0.0127 0.0395
319  0.0283 0.0149 0.0121 0.0026
320  0.0282 0.0148 0.0120 0.0025
321  0.0282 0.0148 0.0118 0.0025
322  0.0281 0.0148 0.0117 0.0025
323  0.0280 0.0147 0.0116 0.0025
324  0.0277 0.0147 0.0118 0.0029
325  0.0277 0.0148 0.0114 0.0024
326  0.0279 0.0147 0.0115 0.0024
327  0.0279 0.0147 0.0115 0.0024
328  0.0278 0.0147 0.0114 0.0024
329  0.0278 0.0147 0.0114 0.0024
330  0.0278 0.0147 0.0114 0.0023
331  0.0278 0.0147 0.0114 0.0023
332  0.0278 0.0147 0.0114 0.0023
333  0.0278 0.0147 0.0114 0.0023
334  0.0278 0.0148 0.0114 0.0023
335  0.0283 0.0150 0.0143 0.0058
336  0.0277 0.0147 0.0117 0.0029
337  0.0279 0.0148 0.0115 0.0024
338  0.0277 0.0147 0.0114 0.0023
339  0.0279 0.0148 0.0115 0.0024
340  0.0280 0.0149 0.0115 0.0024
341  0.0281 0.0149 0.0115 0.0025
342  0.0282 0.0150 0.0115 0.0025
343  0.0283 0.0151 0.0115 0.0026
344  0.0289 0.0204 0.0253 0.0025
345  0.0282 0.0154 0.0143 0.0024
346  0.0290 0.0157 0.0116 0.0034
347  0.0278 0.0147 0.0122 0.0028
348  0.0297 0.0171 0.0117 0.0036
349  0.0278 0.0147 0.0115 0.0023
350  0.0277 0.0147 0.0114 0.0023
351  0.0278 0.0148 0.0114 0.0024
352  0.0278 0.0147 0.0114 0.0024
353  0.0278 0.0147 0.0115 0.0023
354  0.0278 0.0147 0.0115 0.0023
355  0.0278 0.0147 0.0115 0.0023
356  0.0278 0.0147 0.0115 0.0024
357  0.0278 0.0147 0.0115 0.0024
358  0.0278 0.0147 0.0126 0.0028
359  0.0278 0.0147 0.0114 0.0024
360  0.0278 0.0147 0.0114 0.0024
361  0.0278 0.0148 0.0115 0.0025
362  0.0277 0.0147 0.0114 0.0023
363  0.0280 0.0195 0.0153 0.0030
364  0.0280 0.0187 0.0146 0.0029
365  0.0280 0.0179 0.0139 0.0029
366  0.0279 0.0172 0.0133 0.0028
367  0.0278 0.0158 0.0144 0.0042
368  0.0279 0.0160 0.0124 0.0026
369  0.0279 0.0147 0.0130 0.0028
370  0.0278 0.0155 0.0120 0.0025
371  0.0278 0.0151 0.0117 0.0024
372  0.0278 0.0149 0.0115 0.0023
373  0.0278 0.0147 0.0114 0.0023
374  0.0277 0.0147 0.0114 0.0024
375  0.0278 0.0147 0.0117 0.0025
376  0.0278 0.0149 0.0120 0.0027
377  0.0278 0.0151 0.0125 0.0030
378  0.0278 0.0153 0.0130 0.0034
379  0.0278 0.0156 0.0136 0.0039
380  0.0279 0.0147 0.0134 0.0028
381  0.0278 0.0158 0.0144 0.0042
382  0.0279 0.0159 0.0153 0.0045
383  0.0282 0.0158 0.0165 0.0045
384  0.0289 0.0154 0.0180 0.0042
385  0.0303 0.0150 0.0198 0.0036
386  0.0277 0.0147 0.0114 0.0024
387  0.0281 0.0188 0.0118 0.0082
388  0.0278 0.0162 0.0122 0.0035
389  0.0278 0.0150 0.0123 0.0040
390  0.0279 0.0147 0.0122 0.0060
391  0.0280 0.0147 0.0136 0.0028
392  0.0280 0.0147 0.0120 0.0071
393  0.0279 0.0148 0.0118 0.0072
394  0.0279 0.0148 0.0116 0.0066
395  0.0278 0.0148 0.0115 0.0053
396  0.0278 0.0147 0.0115 0.0039
397  0.0278 0.0147 0.0115 0.0027
398  0.0277 0.0147 0.0114 0.0024
399  0.0278 0.0147 0.0115 0.0029
400  0.0278 0.0147 0.0116 0.0035
401  0.0278 0.0147 0.0117 0.0037
402  0.0278 0.0151 0.0124 0.0035
403  0.0278 0.0147 0.0118 0.0033
404  0.0278 0.0147 0.0118 0.0027
405  0.0278 0.0148 0.0118 0.0032
406  0.0278 0.0150 0.0116 0.0058
407  0.0279 0.0155 0.0115 0.0098
408  0.0282 0.0164 0.0117 0.0151
409  0.0287 0.0178 0.0128 0.0215
410  0.0277 0.0147 0.0114 0.0025
411  0.0285 0.0154 0.0143 0.0024
412  0.0284 0.0152 0.0136 0.0024
413  0.0281 0.0147 0.0138 0.0028
414  0.0283 0.0150 0.0130 0.0024
415  0.0282 0.0149 0.0125 0.0024
416  0.0281 0.0148 0.0121 0.0023
417  0.0280 0.0147 0.0118 0.0023
418  0.0279 0.0147 0.0116 0.0023
419  0.0279 0.0147 0.0115 0.0023
420  0.0278 0.0147 0.0114 0.0023
421  0.0278 0.0147 0.0114 0.0023
422  0.0277 0.0148 0.0114 0.0025
423  0.0278 0.0147 0.0116 0.0024
424  0.0282 0.0149 0.0138 0.0028
425  0.0278 0.0147 0.0117 0.0024
426  0.0278 0.0147 0.0118 0.0025
427  0.0279 0.0147 0.0119 0.0025
428  0.0279 0.0147 0.0119 0.0026
429  0.0280 0.0147 0.0120 0.0027
430  0.0281 0.0147 0.0120 0.0028
431  0.0283 0.0148 0.0120 0.0029
432  0.0284 0.0149 0.0120 0.0031
433  0.0286 0.0150 0.0120 0.0032
434  0.0277 0.0149 0.0114 0.0023
435  0.0284 0.0152 0.0137 0.0028
436  0.0283 0.0191 0.0162 0.0027
437  0.0287 0.0363 0.0518 0.0025
438  0.0282 0.0186 0.0232 0.0026
439  0.0303 0.0183 0.0123 0.0048
440  0.0299 0.0170 0.0120 0.0033
441  0.0278 0.0148 0.0117 0.0025
442  0.0278 0.0147 0.0116 0.0027
443  0.0278 0.0147 0.0116 0.0026
444  0.0278 0.0147 0.0116 0.0025
445  0.0278 0.0147 0.0117 0.0025
446  0.0277 0.0149 0.0119 0.0027
447  0.0285 0.0157 0.0135 0.0029
448  0.0278 0.0147 0.0117 0.0024
449  0.0283 0.0184 0.0153 0.0027
450  0.0278 0.0147 0.0117 0.0025
451  0.0278 0.0147 0.0116 0.0025
452  0.0278 0.0147 0.0116 0.0026
453  0.0278 0.0147 0.0115 0.0027
454  0.0278 0.0147 0.0115 0.0028
455  0.0279 0.0180 0.0132 0.0027
456  0.0279 0.0175 0.0128 0.0026
457  0.0279 0.0171 0.0124 0.0026
458  0.0287 0.0164 0.0133 0.0029
459  0.0279 0.0166 0.0122 0.0025
460  0.0279 0.0154 0.0133 0.0041
461  0.0283 0.0178 0.0146 0.0026
462  0.0278 0.0157 0.0118 0.0024
463  0.0278 0.0154 0.0116 0.0024
464  0.0278 0.0151 0.0115 0.0024
465  0.0278 0.0149 0.0115 0.0024
466  0.0278 0.0148 0.0116 0.0024
467  0.0278 0.0147 0.0119 0.0025
468  0.0278 0.0147 0.0121 0.0026
469  0.0278 0.0290 0.0444 0.0045
470  0.0278 0.0148 0.0124 0.0028
471  0.0279 0.0150 0.0126 0.0031
472  0.0279 0.0152 0.0129 0.0036
473  0.0282 0.0172 0.0138 0.0026
474  0.0279 0.0154 0.0133 0.0041
475  0.0278 0.0154 0.0138 0.0046
476  0.0279 0.0153 0.0145 0.0050
477  0.0281 0.0150 0.0155 0.0051
478  0.0289 0.0148 0.0171 0.0049
479  0.0281 0.0169 0.0119 0.0066
480  0.0278 0.0166 0.0210 0.0031
481  0.0278 0.0150 0.0126 0.0037
482  0.0278 0.0147 0.0131 0.0045
483  0.0279 0.0150 0.0131 0.0060
484  0.0279 0.0154 0.0128 0.0068
485  0.0280 0.0163 0.0142 0.0045
486  0.0278 0.0155 0.0124 0.0068
487  0.0278 0.0154 0.0121 0.0062
488  0.0278 0.0152 0.0118 0.0052
489  0.0278 0.0150 0.0117 0.0039
490  0.0278 0.0148 0.0117 0.0028
491  0.0284 0.0157 0.0133 0.0031
492  0.0278 0.0147 0.0118 0.0031
493  0.0278 0.0147 0.0119 0.0040
494  0.0278 0.0147 0.0121 0.0047
495  0.0278 0.0148 0.0123 0.0051
496  0.0278 0.0147 0.0123 0.0049
497  0.0281 0.0161 0.0126 0.0025
498  0.0278 0.0147 0.0123 0.0043
499  0.0278 0.0147 0.0120 0.0036
500  0.0278 0.0148 0.0117 0.0038
501  0.0278 0.0150 0.0118 0.0059
502  0.0310 0.0259 0.0144 0.0059
503  0.0281 0.0154 0.0131 0.0097
504  0.0283 0.0163 0.0176 0.0025
505  0.0282 0.0158 0.0162 0.0025
506  0.0281 0.0154 0.0149 0.0025
507  0.0280 0.0151 0.0138 0.0025
508  0.0279 0.0149 0.0130 0.0025
509  0.0280 0.0156 0.0121 0.0024
510  0.0279 0.0148 0.0123 0.0024
511  0.0278 0.0147 0.0119 0.0024
512  0.0278 0.0147 0.0116 0.0024
513  0.0277 0.0149 0.0120 0.0032
514  0.0278 0.0147 0.0115 0.0024
515  0.0278 0.0147 0.0116 0.0024
516  0.0278 0.0147 0.0119 0.0025
517  0.0278 0.0147 0.0121 0.0025
518  0.0279 0.0147 0.0123 0.0026
519  0.0279 0.0147 0.0125 0.0027
520  0.0280 0.0147 0.0126 0.0028
521  0.0279 0.0153 0.0118 0.0024
522  0.0281 0.0147 0.0127 0.0029
523  0.0283 0.0147 0.0128 0.0030
524  0.0279 0.0147 0.0123 0.0053
525  0.0284 0.0148 0.0127 0.0032
526  0.0286 0.0150 0.0127 0.0033
527  0.0288 0.0152 0.0126 0.0035
528  0.0282 0.0329 0.0486 0.0026
529  0.0279 0.0175 0.0220 0.0027
530  0.0308 0.0200 0.0126 0.0050
531  0.0305 0.0179 0.0124 0.0036
532  0.0277 0.0148 0.0119 0.0026
533  0.0278 0.0150 0.0115 0.0023
534  0.0277 0.0147 0.0117 0.0032
535  0.0277 0.0147 0.0118 0.0050
536  0.0277 0.0146 0.0117 0.0030
537  0.0278 0.0146 0.0118 0.0028
538  0.0278 0.0147 0.0118 0.0027
539  0.0278 0.0147 0.0118 0.0026
540  0.0278 0.0147 0.0118 0.0026
541  0.0278 0.0147 0.0118 0.0027
542  0.0278 0.0147 0.0117 0.0028
543  0.0278 0.0146 0.0116 0.0029
544  0.0278 0.0146 0.0116 0.0031
545  0.0277 0.0148 0.0114 0.0023
546  0.0277 0.0147 0.0119 0.0045
547  0.0278 0.0167 0.0119 0.0044
548  0.0278 0.0165 0.0118 0.0040
549  0.0278 0.0162 0.0117 0.0037
550  0.0278 0.0159 0.0117 0.0034
551  0.0280 0.0152 0.0123 0.0036
552  0.0278 0.0154 0.0116 0.0029
553  0.0278 0.0152 0.0116 0.0027
554  0.0278 0.0150 0.0116 0.0026
555  0.0277 0.0149 0.0117 0.0026
556  0.0277 0.0148 0.0117 0.0026
557  0.0281 0.0162 0.0117 0.0059
558  0.0277 0.0147 0.0119 0.0040
559  0.0277 0.0148 0.0119 0.0036
560  0.0277 0.0148 0.0119 0.0034
561  0.0277 0.0148 0.0119 0.0033
562  0.0277 0.0148 0.0119 0.0035
563  0.0277 0.0147 0.0118 0.0038
564  0.0277 0.0147 0.0118 0.0043
565  0.0277 0.0147 0.0118 0.0047
566  0.0280 0.0148 0.0120 0.0064
567  0.0279 0.0148 0.0124 0.0064
568  0.0278 0.0147 0.0125 0.0041
569  0.0278 0.0149 0.0125 0.0058
570  0.0278 0.0148 0.0124 0.0052
571  0.0278 0.0148 0.0123 0.0047
572  0.0279 0.0149 0.0125 0.0030
573  0.0277 0.0148 0.0121 0.0037
574  0.0277 0.0148 0.0121 0.0033
575  0.0277 0.0148 0.0120 0.0031
576  0.0277 0.0148 0.0120 0.0030
577  0.0277 0.0148 0.0120 0.0031
578  0.0279 0.0149 0.0118 0.0066
579  0.0278 0.0149 0.0132 0.0041
580  0.0278 0.0148 0.0119 0.0034
581  0.0278 0.0148 0.0119 0.0035
582  0.0278 0.0147 0.0118 0.0035
583  0.0279 0.0147 0.0119 0.0033
584  0.0279 0.0148 0.0121 0.0031
585  0.0279 0.0149 0.0125 0.0030
586  0.0279 0.0150 0.0129 0.0034
587  0.0279 0.0149 0.0132 0.0043
588  0.0279 0.0150 0.0130 0.0055
589  0.0280 0.0161 0.0126 0.0067
590  0.0278 0.0156 0.0135 0.0048
591  0.0279 0.0149 0.0116 0.0060
592  0.0281 0.0159 0.0132 0.0049
593  0.0278 0.0147 0.0118 0.0048
594  0.0277 0.0152 0.0125 0.0047
595  0.0278 0.0159 0.0131 0.0047
596  0.0278 0.0163 0.0132 0.0046
597  0.0277 0.0163 0.0128 0.0043
598  0.0277 0.0160 0.0124 0.0039
599  0.0277 0.0156 0.0121 0.0035
600  0.0277 0.0153 0.0120 0.0032
601  0.0278 0.0160 0.0132 0.0052
602  0.0278 0.0150 0.0119 0.0031
603  0.0278 0.0149 0.0114 0.0049
604  0.0277 0.0147 0.0120 0.0035
605  0.0277 0.0147 0.0123 0.0037
606  0.0278 0.0148 0.0126 0.0037
607  0.0278 0.0148 0.0131 0.0037
608  0.0279 0.0149 0.0133 0.0037
609  0.0279 0.0150 0.0133 0.0041
610  0.0279 0.0152 0.0128 0.0051
611  0.0279 0.0155 0.0120 0.0065
612  0.0277 0.0149 0.0114 0.0023
613  0.0278 0.0161 0.0128 0.0052
614  0.0278 0.0161 0.0122 0.0082
615  0.0278 0.0167 0.0150 0.0098
616  0.0277 0.0148 0.0114 0.0037
617  0.0279 0.0206 0.0308 0.0030
618  0.0278 0.0189 0.0273 0.0030
619  0.0278 0.0175 0.0240 0.0031
620  0.0278 0.0164 0.0209 0.0031
621  0.0278 0.0156 0.0183 0.0031
622  0.0277 0.0151 0.0160 0.0031
623  0.0277 0.0148 0.0142 0.0032
624  0.0278 0.0159 0.0123 0.0049
625  0.0277 0.0147 0.0129 0.0032
626  0.0277 0.0147 0.0121 0.0032
627  0.0277 0.0147 0.0118 0.0032
628  0.0277 0.0147 0.0114 0.0026
629  0.0278 0.0148 0.0123 0.0033
630  0.0278 0.0148 0.0128 0.0033
631  0.0278 0.0148 0.0132 0.0033
632  0.0279 0.0147 0.0137 0.0033
633  0.0279 0.0147 0.0140 0.0033
634  0.0280 0.0148 0.0141 0.0032
635  0.0277 0.0156 0.0120 0.0043
636  0.0281 0.0150 0.0142 0.0032
637  0.0281 0.0155 0.0141 0.0032
638  0.0282 0.0162 0.0138 0.0031
639  0.0284 0.0173 0.0135 0.0031
640  0.0277 0.0149 0.0115 0.0023
641  0.0277 0.0147 0.0114 0.0029
642  0.0277 0.0280 0.0426 0.0065
643  0.0277 0.0166 0.0207 0.0034
644  0.0281 0.0154 0.0138 0.0035
645  0.0299 0.0260 0.0139 0.0046
646  0.0278 0.0152 0.0119 0.0036
647  0.0277 0.0150 0.0121 0.0036
648  0.0277 0.0149 0.0120 0.0059
649  0.0277 0.0148 0.0120 0.0052
650  0.0277 0.0149 0.0120 0.0045
651  0.0277 0.0149 0.0120 0.0040
652  0.0277 0.0149 0.0120 0.0037
653  0.0277 0.0147 0.0115 0.0034
654  0.0277 0.0149 0.0120 0.0037
655  0.0277 0.0149 0.0120 0.0040
656  0.0277 0.0149 0.0120 0.0045
657  0.0278 0.0149 0.0118 0.0029
658  0.0277 0.0148 0.0120 0.0051
659  0.0277 0.0149 0.0120 0.0059
660  0.0282 0.0151 0.0135 0.0065
661  0.0281 0.0150 0.0134 0.0060
662  0.0280 0.0150 0.0132 0.0054
663  0.0279 0.0150 0.0130 0.0049
664  0.0278 0.0150 0.0138 0.0033
665  0.0277 0.0147 0.0116 0.0037
666  0.0278 0.0149 0.0125 0.0039
667  0.0278 0.0149 0.0123 0.0035
668  0.0278 0.0151 0.0123 0.0030
669  0.0278 0.0149 0.0122 0.0033
670  0.0277 0.0148 0.0121 0.0032
671  0.0277 0.0149 0.0121 0.0033
672  0.0277 0.0150 0.0120 0.0038
673  0.0278 0.0150 0.0120 0.0039
674  0.0278 0.0150 0.0120 0.0040
675  0.0278 0.0150 0.0123 0.0038
676  0.0278 0.0149 0.0129 0.0035
677  0.0277 0.0147 0.0116 0.0034
678  0.0278 0.0150 0.0138 0.0033
679  0.0278 0.0146 0.0119 0.0028
680  0.0278 0.0150 0.0147 0.0034
681  0.0278 0.0151 0.0154 0.0041
682  0.0278 0.0156 0.0154 0.0055
683  0.0279 0.0174 0.0146 0.0070
684  0.0281 0.0159 0.0157 0.0072
685  0.0278 0.0148 0.0122 0.0052
686  0.0277 0.0153 0.0122 0.0050
687  0.0278 0.0160 0.0128 0.0058
688  0.0278 0.0162 0.0130 0.0064
689  0.0277 0.0147 0.0117 0.0028
690  0.0277 0.0147 0.0121 0.0035
691  0.0277 0.0161 0.0128 0.0065
692  0.0277 0.0158 0.0124 0.0060
693  0.0277 0.0155 0.0122 0.0051
694  0.0277 0.0152 0.0120 0.0040
695  0.0277 0.0150 0.0120 0.0033
696  0.0277 0.0149 0.0121 0.0044
697  0.0277 0.0149 0.0123 0.0053
698  0.0278 0.0148 0.0127 0.0058
699  0.0278 0.0149 0.0132 0.0058
700  0.0279 0.0149 0.0135 0.0053
701  0.0277 0.0148 0.0124 0.0042
702  0.0277 0.0148 0.0117 0.0029
703  0.0279 0.0149 0.0134 0.0047
704  0.0279 0.0150 0.0128 0.0046
705  0.0279 0.0153 0.0121 0.0059
706  0.0278 0.0159 0.0125 0.0084
707  0.0278 0.0170 0.0159 0.0115
708  0.0278 0.0228 0.0358 0.0034
709  0.0278 0.0206 0.0316 0.0033
710  0.0278 0.0188 0.0276 0.0032
711  0.0278 0.0173 0.0240 0.0032
712  0.0278 0.0149 0.0127 0.0049
713  0.0277 0.0163 0.0207 0.0032
714  0.0277 0.0150 0.0116 0.0049
715  0.0277 0.0155 0.0178 0.0032
716  0.0277 0.0151 0.0155 0.0033
717  0.0277 0.0149 0.0137 0.0033
718  0.0277 0.0148 0.0125 0.0034
719  0.0277 0.0149 0.0120 0.0035
720  0.0277 0.0149 0.0124 0.0036
721  0.0278 0.0149 0.0129 0.0037
722  0.0278 0.0149 0.0135 0.0038
723  0.0277 0.0147 0.0116 0.0025
724  0.0278 0.0149 0.0128 0.0054
725  0.0278 0.0149 0.0141 0.0039
726  0.0278 0.0149 0.0145 0.0039
727  0.0278 0.0154 0.0115 0.0085
728  0.0279 0.0150 0.0147 0.0040
729  0.0279 0.0153 0.0148 0.0040
730  0.0280 0.0158 0.0147 0.0040
731  0.0280 0.0168 0.0144 0.0040
732  0.0281 0.0180 0.0140 0.0040
733  0.0278 0.0272 0.0406 0.0092
734  0.0278 0.0167 0.0202 0.0043
735  0.0278 0.0149 0.0128 0.0056
736  0.0279 0.0153 0.0144 0.0041
737  0.0289 0.0247 0.0134 0.0038
738  0.0278 0.0152 0.0122 0.0036
739  0.0280 0.0161 0.0117 0.0134
740  0.0278 0.0151 0.0121 0.0068
741  0.0278 0.0150 0.0121 0.0058
742  0.0278 0.0151 0.0121 0.0049
743  0.0278 0.0151 0.0121 0.0042
744  0.0278 0.0151 0.0122 0.0037
745  0.0278 0.0151 0.0122 0.0038
746  0.0278 0.0149 0.0124 0.0056
747  0.0278 0.0151 0.0121 0.0043
748  0.0278 0.0150 0.0121 0.0051
749  0.0278 0.0150 0.0121 0.0060
750  0.0278 0.0151 0.0121 0.0070
751  0.0284 0.0174 0.0127 0.0195
752  0.0288 0.0171 0.0146 0.0062
753  0.0286 0.0168 0.0143 0.0058
754  0.0284 0.0165 0.0139 0.0054
755  0.0282 0.0163 0.0135 0.0050
756  0.0278 0.0154 0.0150 0.0035
757  0.0278 0.0149 0.0119 0.0052
758  0.0280 0.0159 0.0128 0.0041
759  0.0279 0.0156 0.0126 0.0037
760  0.0278 0.0153 0.0124 0.0035
761  0.0278 0.0151 0.0123 0.0033
762  0.0278 0.0150 0.0122 0.0034
763  0.0277 0.0150 0.0116 0.0023
764  0.0286 0.0152 0.0144 0.0024
765  0.0278 0.0153 0.0121 0.0038
766  0.0278 0.0155 0.0121 0.0040
767  0.0278 0.0156 0.0123 0.0041
768  0.0278 0.0148 0.0119 0.0047
769  0.0278 0.0156 0.0127 0.0040
770  0.0278 0.0155 0.0136 0.0038
771  0.0278 0.0154 0.0150 0.0035
772  0.0278 0.0155 0.0165 0.0034
773  0.0278 0.0158 0.0176 0.0041
774  0.0278 0.0169 0.0179 0.0055
775  0.0279 0.0196 0.0172 0.0073
776  0.0284 0.0150 0.0137 0.0024
777  0.0280 0.0157 0.0187 0.0135
778  0.0278 0.0151 0.0132 0.0078
779  0.0278 0.0148 0.0135 0.0047
780  0.0278 0.0157 0.0122 0.0050
781  0.0278 0.0162 0.0127 0.0059
782  0.0278 0.0163 0.0130 0.0076
783  0.0278 0.0160 0.0129 0.0084
784  0.0278 0.0157 0.0126 0.0082
785  0.0278 0.0154 0.0123 0.0071
786  0.0278 0.0152 0.0122 0.0054
787  0.0278 0.0151 0.0121 0.0037
788  0.0283 0.0149 0.0130 0.0024
789  0.0278 0.0151 0.0123 0.0050
790  0.0279 0.0155 0.0128 0.0035
791  0.0278 0.0151 0.0125 0.0067
792  0.0278 0.0152 0.0129 0.0078
793  0.0278 0.0152 0.0134 0.0082
794  0.0278 0.0153 0.0137 0.0078
795  0.0278 0.0153 0.0136 0.0066
796  0.0278 0.0152 0.0130 0.0052
797  0.0278 0.0151 0.0122 0.0055
798  0.0278 0.0153 0.0128 0.0083
799  0.0278 0.0163 0.0168 0.0128
800  0.0282 0.0148 0.0125 0.0024
801  0.0281 0.0174 0.0216 0.0027
802  0.0278 0.0254 0.0406 0.0047
803  0.0278 0.0227 0.0358 0.0044
804  0.0278 0.0204 0.0312 0.0041
805  0.0278 0.0186 0.0269 0.0038
806  0.0278 0.0171 0.0231 0.0036
807  0.0278 0.0161 0.0196 0.0035
808  0.0278 0.0155 0.0167 0.0034
809  0.0278 0.0152 0.0145 0.0033
810  0.0278 0.0150 0.0129 0.0033
811  0.0278 0.0151 0.0122 0.0034
812  0.0280 0.0166 0.0194 0.0027
813  0.0281 0.0147 0.0121 0.0023
814  0.0278 0.0152 0.0126 0.0037
815  0.0278 0.0152 0.0133 0.0039
816  0.0278 0.0151 0.0141 0.0041
817  0.0278 0.0151 0.0148 0.0043
818  0.0278 0.0150 0.0153 0.0045
819  0.0278 0.0151 0.0157 0.0047
820  0.0278 0.0154 0.0158 0.0049
821  0.0278 0.0160 0.0158 0.0050
822  0.0279 0.0170 0.0155 0.0052
823  0.0280 0.0159 0.0175 0.0027
824  0.0279 0.0183 0.0151 0.0053
825  0.0280 0.0147 0.0118 0.0023
826  0.0278 0.0167 0.0192 0.0060
827  0.0278 0.0154 0.0136 0.0040
828  0.0278 0.0154 0.0141 0.0039
829  0.0279 0.0154 0.0153 0.0045
830  0.0278 0.0154 0.0125 0.0035
831  0.0278 0.0153 0.0123 0.0080
832  0.0278 0.0153 0.0123 0.0067
833  0.0278 0.0153 0.0124 0.0055
834  0.0278 0.0147 0.0119 0.0026
835  0.0279 0.0154 0.0158 0.0027
836  0.0278 0.0153 0.0124 0.0045
837  0.0278 0.0154 0.0124 0.0037
838  0.0279 0.0147 0.0116 0.0023
839  0.0278 0.0154 0.0124 0.0038
840  0.0278 0.0153 0.0124 0.0045
841  0.0278 0.0153 0.0124 0.0056
842  0.0278 0.0153 0.0123 0.0068
843  0.0278 0.0153 0.0123 0.0081
844  0.0296 0.0216 0.0155 0.0057
845  0.0293 0.0208 0.0151 0.0056
846  0.0279 0.0150 0.0143 0.0027
847  0.0290 0.0201 0.0146 0.0054
848  0.0287 0.0194 0.0141 0.0051
849  0.0278 0.0170 0.0156 0.0035
850  0.0278 0.0147 0.0114 0.0023
851  0.0282 0.0179 0.0132 0.0045
852  0.0280 0.0171 0.0129 0.0042
853  0.0279 0.0163 0.0127 0.0039
854  0.0279 0.0156 0.0126 0.0036
855  0.0278 0.0153 0.0125 0.0035
856  0.0278 0.0158 0.0124 0.0035
857  0.0278 0.0148 0.0132 0.0026
858  0.0278 0.0164 0.0123 0.0037
859  0.0278 0.0168 0.0124 0.0038
860  0.0278 0.0171 0.0129 0.0039
861  0.0278 0.0170 0.0139 0.0037
862  0.0278 0.0147 0.0114 0.0023
863  0.0278 0.0170 0.0156 0.0035
864  0.0278 0.0171 0.0175 0.0035
865  0.0278 0.0178 0.0191 0.0041
866  0.0279 0.0196 0.0199 0.0056
867  0.0280 0.0233 0.0195 0.0076
868  0.0278 0.0147 0.0124 0.0026
869  0.0280 0.0154 0.0217 0.0236
870  0.0278 0.0156 0.0144 0.0143
871  0.0278 0.0164 0.0124 0.0073
872  0.0279 0.0167 0.0128 0.0051
873  0.0279 0.0166 0.0132 0.0073
874  0.0277 0.0147 0.0114 0.0023
875  0.0278 0.0162 0.0132 0.0091
876  0.0278 0.0158 0.0129 0.0097
877  0.0278 0.0155 0.0126 0.0088
878  0.0278 0.0154 0.0125 0.0069
879  0.0278 0.0146 0.0119 0.0026
880  0.0278 0.0154 0.0124 0.0046
881  0.0278 0.0154 0.0126 0.0049
882  0.0278 0.0156 0.0129 0.0072
883  0.0278 0.0159 0.0133 0.0090
884  0.0278 0.0164 0.0139 0.0098
885  0.0278 0.0168 0.0142 0.0095
886  0.0277 0.0151 0.0117 0.0023
887  0.0277 0.0147 0.0114 0.0024
888  0.0278 0.0171 0.0141 0.0081
889  0.0278 0.0170 0.0133 0.0062
890  0.0277 0.0146 0.0116 0.0026
891  0.0278 0.0165 0.0124 0.0058
892  0.0279 0.0157 0.0131 0.0089
893  0.0279 0.0155 0.0175 0.0145
894  0.0279 0.0283 0.0451 0.0074
895  0.0279 0.0251 0.0396 0.0068
896  0.0279 0.0223 0.0344 0.0063
897  0.0278 0.0200 0.0295 0.0057
898  0.0278 0.0181 0.0251 0.0052
899  0.0277 0.0147 0.0115 0.0024
900  0.0278 0.0168 0.0211 0.0047
901  0.0277 0.0147 0.0117 0.0026
902  0.0278 0.0159 0.0177 0.0042
903  0.0278 0.0155 0.0150 0.0039
904  0.0278 0.0153 0.0132 0.0036
905  0.0278 0.0153 0.0124 0.0035
906  0.0278 0.0155 0.0131 0.0036
907  0.0278 0.0155 0.0141 0.0038
908  0.0278 0.0155 0.0152 0.0041
909  0.0278 0.0154 0.0162 0.0044
910  0.0278 0.0153 0.0170 0.0048
911  0.0277 0.0147 0.0116 0.0025
912  0.0280 0.0159 0.0135 0.0040
913  0.0278 0.0153 0.0175 0.0052
914  0.0278 0.0154 0.0178 0.0056
915  0.0278 0.0159 0.0179 0.0059
916  0.0278 0.0167 0.0177 0.0063
917  0.0278 0.0180 0.0173 0.0066
918  0.0279 0.0157 0.0167 0.0048
919  0.0281 0.0206 0.0153 0.0054
920  0.0292 0.0341 0.0165 0.0046
921  0.0315 0.0379 0.0194 0.0068
922  0.0279 0.0158 0.0132 0.0039
923  0.0278 0.0147 0.0121 0.0026
924  0.0278 0.0147 0.0116 0.0026
925  0.0279 0.0155 0.0128 0.0100
926  0.0279 0.0155 0.0129 0.0084
927  0.0279 0.0156 0.0129 0.0069
928  0.0279 0.0157 0.0130 0.0056
929  0.0279 0.0157 0.0131 0.0045
930  0.0279 0.0157 0.0131 0.0042
931  0.0279 0.0157 0.0131 0.0051
932  0.0279 0.0156 0.0130 0.0063
933  0.0279 0.0156 0.0129 0.0078
934  0.0278 0.0147 0.0124 0.0026
935  0.0279 0.0155 0.0128 0.0094
936  0.0279 0.0147 0.0116 0.0027
937  0.0307 0.0285 0.0162 0.0055
938  0.0302 0.0271 0.0158 0.0056
939  0.0297 0.0257 0.0152 0.0056
940  0.0292 0.0243 0.0147 0.0056
941  0.0279 0.0205 0.0153 0.0038
942  0.0285 0.0211 0.0138 0.0054
943  0.0283 0.0193 0.0136 0.0052
944  0.0281 0.0176 0.0134 0.0049
945  0.0278 0.0146 0.0120 0.0026
946  0.0279 0.0147 0.0127 0.0026
947  0.0280 0.0163 0.0133 0.0046
948  0.0279 0.0156 0.0132 0.0043
949  0.0280 0.0148 0.0117 0.0028
950  0.0279 0.0166 0.0130 0.0039
951  0.0279 0.0179 0.0128 0.0038
952  0.0279 0.0191 0.0127 0.0038
953  0.0279 0.0199 0.0128 0.0039
954  0.0279 0.0203 0.0137 0.0039
955  0.0279 0.0205 0.0153 0.0038
956  0.0279 0.0208 0.0175 0.0039
957  0.0280 0.0147 0.0130 0.0026
958  0.0279 0.0220 0.0195 0.0045
959  0.0280 0.0245 0.0207 0.0059
960  0.0280 0.0289 0.0207 0.0080
961  0.0281 0.0149 0.0117 0.0029
962  0.0281 0.0158 0.0243 0.0372
963  0.0279 0.0171 0.0155 0.0244
964  0.0279 0.0180 0.0128 0.0139
965  0.0279 0.0180 0.0133 0.0067
966  0.0279 0.0174 0.0140 0.0057
967  0.0279 0.0167 0.0141 0.0083
968  0.0281 0.0146 0.0132 0.0027
969  0.0279 0.0161 0.0138 0.0099
970  0.0279 0.0158 0.0135 0.0099
971  0.0279 0.0157 0.0132 0.0084
972  0.0279 0.0156 0.0131 0.0061
973  0.0283 0.0150 0.0116 0.0030
974  0.0279 0.0160 0.0133 0.0045
975  0.0279 0.0165 0.0137 0.0067
976  0.0279 0.0174 0.0143 0.0088
977  0.0279 0.0186 0.0149 0.0099
978  0.0279 0.0200 0.0152 0.0098
979  0.0282 0.0147 0.0133 0.0028
980  0.0280 0.0211 0.0150 0.0085
981  0.0280 0.0215 0.0141 0.0067
982  0.0281 0.0210 0.0129 0.0067
983  0.0282 0.0193 0.0133 0.0107
984  0.0283 0.0172 0.0178 0.0174
985  0.0285 0.0153 0.0116 0.0032
986  0.0281 0.0312 0.0489 0.0116
987  0.0281 0.0275 0.0427 0.0107
988  0.0280 0.0242 0.0369 0.0098
989  0.0280 0.0214 0.0315 0.0089
990  0.0283 0.0147 0.0134 0.0029
991  0.0280 0.0191 0.0264 0.0081
992  0.0280 0.0175 0.0220 0.0072
993  0.0279 0.0164 0.0181 0.0064
994  0.0279 0.0158 0.0152 0.0057
995  0.0279 0.0155 0.0133 0.0050
996  0.0279 0.0156 0.0127 0.0044
997  0.0287 0.0156 0.0116 0.0034
998  0.0279 0.0159 0.0143 0.0038
999  0.0279 0.0160 0.0158 0.0038
1000  0.0279 0.0160 0.0173 0.0041
1001  0.0285 0.0149 0.0133 0.0030
1002  0.0279 0.0160 0.0187 0.0045
1003  0.0279 0.0158 0.0198 0.0050
1004  0.0279 0.0156 0.0207 0.0056
1005  0.0279 0.0155 0.0212 0.0062
1006  0.0279 0.0157 0.0215 0.0068
1007  0.0279 0.0161 0.0215 0.0074
1008  0.0279 0.0170 0.0212 0.0079
1009  0.0278 0.0203 0.0190 0.0057
1010  0.0290 0.0361 0.0526 0.0025
1011  0.0284 0.0180 0.0232 0.0026
1012  0.0287 0.0152 0.0132 0.0031
1013  0.0311 0.0212 0.0135 0.0053
1014  0.0306 0.0201 0.0122 0.0038
1015  0.0277 0.0147 0.0117 0.0025
1016  0.0277 0.0147 0.0115 0.0027
1017  0.0277 0.0147 0.0115 0.0026
1018  0.0277 0.0147 0.0116 0.0025
1019  0.0277 0.0148 0.0117 0.0025
1020  0.0277 0.0148 0.0117 0.0025
1021  0.0278 0.0193 0.0180 0.0054
1022  0.0277 0.0148 0.0117 0.0025
1023  0.0289 0.0157 0.0130 0.0033
1024  0.0277 0.0148 0.0117 0.0026
1025  0.0277 0.0148 0.0116 0.0027
1026  0.0277 0.0147 0.0116 0.0027
1027  0.0277 0.0147 0.0115 0.0028
1028  0.0281 0.0178 0.0139 0.0030
1029  0.0281 0.0174 0.0133 0.0028
1030  0.0281 0.0171 0.0128 0.0027
1031  0.0280 0.0167 0.0124 0.0026
1032  0.0282 0.0157 0.0133 0.0043
1033  0.0278 0.0183 0.0170 0.0051
1034  0.0280 0.0163 0.0142 0.0045
1035  0.0279 0.0160 0.0119 0.0025
1036  0.0279 0.0156 0.0117 0.0025
1037  0.0278 0.0154 0.0116 0.0025
1038  0.0278 0.0151 0.0115 0.0025
1039  0.0277 0.0150 0.0116 0.0025
1040  0.0277 0.0147 0.0119 0.0025
1041  0.0278 0.0147 0.0122 0.0026
1042  0.0279 0.0148 0.0125 0.0029
1043  0.0280 0.0150 0.0128 0.0032
1044  0.0281 0.0154 0.0130 0.0037
1045  0.0279 0.0305 0.0463 0.0032
1046  0.0278 0.0174 0.0161 0.0047
1047  0.0282 0.0157 0.0133 0.0043
1048  0.0282 0.0159 0.0138 0.0048
1049  0.0281 0.0157 0.0146 0.0053
1050  0.0279 0.0153 0.0158 0.0055
1051  0.0280 0.0149 0.0176 0.0054
1052  0.0279 0.0177 0.0118 0.0076
1053  0.0277 0.0152 0.0126 0.0040
1054  0.0278 0.0147 0.0132 0.0037
1055  0.0279 0.0151 0.0133 0.0049
1056  0.0279 0.0147 0.0121 0.0026
1057  0.0278 0.0169 0.0213 0.0028
1058  0.0279 0.0156 0.0130 0.0057
1059  0.0277 0.0177 0.0145 0.0040
1060  0.0278 0.0159 0.0126 0.0059
1061  0.0278 0.0158 0.0122 0.0054
1062  0.0277 0.0156 0.0119 0.0046
1063  0.0277 0.0153 0.0118 0.0035
1064  0.0277 0.0150 0.0117 0.0027
1065  0.0277 0.0147 0.0118 0.0031
1066  0.0277 0.0147 0.0119 0.0039
1067  0.0277 0.0148 0.0121 0.0046
1068  0.0289 0.0164 0.0127 0.0035
1069  0.0277 0.0148 0.0123 0.0050
1070  0.0277 0.0148 0.0124 0.0049
1071  0.0304 0.0226 0.0290 0.0028
1072  0.0278 0.0160 0.0143 0.0039
1073  0.0277 0.0148 0.0123 0.0045
1074  0.0277 0.0148 0.0121 0.0039
1075  0.0277 0.0148 0.0117 0.0036
1076  0.0277 0.0150 0.0118 0.0050
1077  0.0279 0.0153 0.0132 0.0082
1078  0.0284 0.0158 0.0175 0.0025
1079  0.0315 0.0238 0.0141 0.0063
1080  0.0283 0.0154 0.0161 0.0025
1081  0.0282 0.0151 0.0148 0.0025
1082  0.0281 0.0149 0.0137 0.0025
1083  0.0280 0.0148 0.0129 0.0025
1084  0.0278 0.0154 0.0135 0.0035
1085  0.0279 0.0147 0.0122 0.0025
1086  0.0278 0.0147 0.0118 0.0024
1087  0.0278 0.0147 0.0116 0.0024
1088  0.0277 0.0148 0.0115 0.0025
1089  0.0277 0.0148 0.0116 0.0025
1090  0.0277 0.0149 0.0120 0.0028
1091  0.0277 0.0148 0.0119 0.0025
1092  0.0277 0.0148 0.0121 0.0026
1093  0.0278 0.0148 0.0123 0.0027
1094  0.0278 0.0147 0.0124 0.0027
1095  0.0279 0.0147 0.0125 0.0028
1096  0.0277 0.0150 0.0127 0.0031
1097  0.0281 0.0148 0.0125 0.0030
1098  0.0282 0.0149 0.0125 0.0031
1099  0.0284 0.0150 0.0124 0.0033
1100  0.0286 0.0154 0.0123 0.0035
1101  0.0277 0.0147 0.0118 0.0041
1102  0.0289 0.0158 0.0122 0.0037
1103  0.0284 0.0328 0.0493 0.0027
1104  0.0280 0.0170 0.0219 0.0027
1105  0.0319 0.0240 0.0146 0.0057
1106  0.0309 0.0214 0.0125 0.0039
1107  0.0277 0.0148 0.0119 0.0026
1108  0.0277 0.0148 0.0121 0.0028
1109  0.0277 0.0147 0.0117 0.0033
1110  0.0277 0.0148 0.0118 0.0030
1111  0.0277 0.0148 0.0118 0.0028
1112  0.0277 0.0146 0.0118 0.0037
1113  0.0277 0.0149 0.0119 0.0027
1114  0.0277 0.0149 0.0120 0.0026
1115  0.0277 0.0149 0.0120 0.0026
1116  0.0277 0.0149 0.0119 0.0027
1117  0.0277 0.0148 0.0119 0.0028
1118  0.0277 0.0148 0.0118 0.0030
1119  0.0277 0.0147 0.0117 0.0032
1120  0.0277 0.0147 0.0117 0.0025
1121  0.0278 0.0166 0.0123 0.0045
1122  0.0278 0.0165 0.0121 0.0042
1123  0.0277 0.0147 0.0118 0.0034
1124  0.0278 0.0163 0.0119 0.0038
1125  0.0278 0.0161 0.0118 0.0035
1126  0.0283 0.0154 0.0124 0.0037
1127  0.0278 0.0156 0.0117 0.0030
1128  0.0278 0.0155 0.0117 0.0028
1129  0.0277 0.0153 0.0117 0.0027
1130  0.0277 0.0152 0.0118 0.0026
1131  0.0277 0.0151 0.0119 0.0026
1132  0.0277 0.0152 0.0113 0.0024
1133  0.0277 0.0149 0.0121 0.0026
1134  0.0278 0.0147 0.0119 0.0031
1135  0.0278 0.0148 0.0123 0.0026
1136  0.0279 0.0148 0.0124 0.0026
1137  0.0280 0.0149 0.0124 0.0028
1138  0.0282 0.0151 0.0124 0.0031
1139  0.0283 0.0154 0.0124 0.0037
1140  0.0283 0.0156 0.0125 0.0044
1141  0.0282 0.0155 0.0128 0.0052
1142  0.0280 0.0151 0.0135 0.0058
1143  0.0280 0.0150 0.0147 0.0062
1144  0.0277 0.0156 0.0115 0.0026
1145  0.0278 0.0147 0.0119 0.0029
1146  0.0279 0.0171 0.0117 0.0072
1147  0.0277 0.0149 0.0124 0.0047
1148  0.0277 0.0149 0.0133 0.0037
1149  0.0278 0.0157 0.0137 0.0038
1150  0.0278 0.0164 0.0135 0.0041
1151  0.0278 0.0166 0.0131 0.0042
1152  0.0277 0.0165 0.0126 0.0040
1153  0.0277 0.0161 0.0123 0.0037
1154  0.0277 0.0156 0.0121 0.0032
1155  0.0277 0.0152 0.0120 0.0028
1156  0.0279 0.0165 0.0151 0.0048
1157  0.0277 0.0161 0.0119 0.0029
1158  0.0277 0.0148 0.0121 0.0028
1159  0.0277 0.0147 0.0123 0.0033
1160  0.0277 0.0148 0.0126 0.0040
1161  0.0277 0.0148 0.0129 0.0046
1162  0.0278 0.0149 0.0131 0.0052
1163  0.0278 0.0149 0.0130 0.0056
1164  0.0278 0.0150 0.0125 0.0057
1165  0.0277 0.0150 0.0120 0.0056
1166  0.0277 0.0150 0.0120 0.0051
1167  0.0280 0.0148 0.0122 0.0027
1168  0.0278 0.0147 0.0119 0.0029
1169  0.0277 0.0150 0.0139 0.0048
1170  0.0277 0.0167 0.0126 0.0033
1171  0.0282 0.0167 0.0214 0.0027
1172  0.0281 0.0160 0.0192 0.0027
1173  0.0281 0.0154 0.0173 0.0027
1174  0.0280 0.0151 0.0155 0.0027
1175  0.0279 0.0148 0.0141 0.0027
1176  0.0278 0.0147 0.0130 0.0026
1177  0.0278 0.0147 0.0123 0.0026
1178  0.0277 0.0148 0.0119 0.0026
1179  0.0278 0.0147 0.0118 0.0030
1180  0.0277 0.0149 0.0117 0.0026
1181  0.0277 0.0149 0.0118 0.0026
1182  0.0277 0.0173 0.0134 0.0037
1183  0.0277 0.0150 0.0123 0.0026
1184  0.0277 0.0149 0.0126 0.0026
1185  0.0278 0.0149 0.0129 0.0026
1186  0.0278 0.0148 0.0131 0.0027
1187  0.0279 0.0148 0.0132 0.0028
1188  0.0281 0.0148 0.0132 0.0029
1189  0.0282 0.0149 0.0131 0.0030
1190  0.0278 0.0147 0.0118 0.0032
1191  0.0284 0.0152 0.0130 0.0031
1192  0.0286 0.0158 0.0128 0.0033
1193  0.0288 0.0165 0.0126 0.0035
1194  0.0313 0.0339 0.0455 0.0029
1195  0.0277 0.0177 0.0145 0.0040
1196  0.0280 0.0307 0.0470 0.0032
1197  0.0279 0.0166 0.0212 0.0028
1198  0.0288 0.0176 0.0125 0.0037
1199  0.0322 0.0282 0.0168 0.0069
1200  0.0277 0.0149 0.0120 0.0029
1201  0.0278 0.0147 0.0117 0.0035
1202  0.0277 0.0148 0.0119 0.0041
1203  0.0277 0.0148 0.0119 0.0037
1204  0.0277 0.0149 0.0120 0.0034
1205  0.0277 0.0150 0.0121 0.0031
1206  0.0277 0.0150 0.0121 0.0029
1207  0.0277 0.0180 0.0159 0.0040
1208  0.0277 0.0150 0.0121 0.0029
1209  0.0277 0.0150 0.0121 0.0030
1210  0.0277 0.0149 0.0120 0.0032
1211  0.0277 0.0148 0.0119 0.0035
1212  0.0278 0.0147 0.0117 0.0038
1213  0.0277 0.0148 0.0119 0.0038
1214  0.0277 0.0156 0.0119 0.0055
1215  0.0277 0.0156 0.0119 0.0050
1216  0.0277 0.0155 0.0119 0.0045
1217  0.0277 0.0154 0.0119 0.0041
1218  0.0281 0.0153 0.0121 0.0032
1219  0.0278 0.0180 0.0176 0.0039
1220  0.0277 0.0153 0.0119 0.0033
1221  0.0277 0.0152 0.0119 0.0030
1222  0.0277 0.0151 0.0120 0.0029
1223  0.0277 0.0156 0.0118 0.0057
1224  0.0277 0.0151 0.0120 0.0028
1225  0.0277 0.0151 0.0121 0.0028
1226  0.0277 0.0150 0.0122 0.0029
1227  0.0277 0.0149 0.0122 0.0029
1228  0.0278 0.0148 0.0121 0.0028
1229  0.0279 0.0149 0.0121 0.0028
1230  0.0280 0.0150 0.0120 0.0029
1231  0.0281 0.0176 0.0196 0.0034
1232  0.0281 0.0153 0.0121 0.0032
1233  0.0282 0.0155 0.0122 0.0040
1234  0.0277 0.0155 0.0118 0.0052
1235  0.0281 0.0153 0.0123 0.0049
1236  0.0280 0.0150 0.0124 0.0059
1237  0.0279 0.0153 0.0127 0.0067
1238  0.0279 0.0171 0.0123 0.0066
1239  0.0277 0.0149 0.0120 0.0054
1240  0.0277 0.0151 0.0130 0.0046
1241  0.0278 0.0160 0.0136 0.0041
1242  0.0278 0.0166 0.0136 0.0037
1243  0.0288 0.0170 0.0219 0.0028
1244  0.0277 0.0168 0.0132 0.0034
1245  0.0277 0.0154 0.0118 0.0047
1246  0.0277 0.0166 0.0128 0.0032
1247  0.0277 0.0162 0.0124 0.0031
1248  0.0277 0.0158 0.0122 0.0030
1249  0.0277 0.0153 0.0121 0.0029
1250  0.0277 0.0149 0.0123 0.0028
1251  0.0277 0.0148 0.0125 0.0029
1252  0.0277 0.0148 0.0129 0.0031
1253  0.0278 0.0148 0.0133 0.0034
1254  0.0278 0.0149 0.0135 0.0041
1255  0.0281 0.0235 0.0114 0.0134
1256  0.0277 0.0153 0.0118 0.0042
1257  0.0279 0.0150 0.0134 0.0049
1258  0.0279 0.0152 0.0128 0.0058
1259  0.0279 0.0154 0.0121 0.0067
1260  0.0278 0.0158 0.0122 0.0074
1261  0.0277 0.0161 0.0149 0.0078
1262  0.0281 0.0182 0.0260 0.0029
1263  0.0280 0.0170 0.0230 0.0029
1264  0.0279 0.0161 0.0203 0.0029
1265  0.0279 0.0154 0.0179 0.0029
1266  0.0278 0.0150 0.0159 0.0029
1267  0.0280 0.0150 0.0119 0.0031
1268  0.0277 0.0201 0.0114 0.0067
1269  0.0278 0.0148 0.0142 0.0029
1270  0.0277 0.0148 0.0130 0.0029
1271  0.0277 0.0148 0.0122 0.0029
1272  0.0277 0.0149 0.0119 0.0029
1273  0.0277 0.0150 0.0119 0.0029
1274  0.0277 0.0150 0.0125 0.0028
1275  0.0277 0.0150 0.0129 0.0028
1276  0.0277 0.0149 0.0133 0.0028
1277  0.0278 0.0148 0.0135 0.0028
1278  0.0280 0.0150 0.0122 0.0031
1279  0.0279 0.0164 0.0164 0.0049
1280  0.0278 0.0148 0.0137 0.0028
1281  0.0277 0.0178 0.0114 0.0028
1282  0.0279 0.0149 0.0137 0.0028
1283  0.0280 0.0151 0.0136 0.0028
1284  0.0282 0.0156 0.0134 0.0029
1285  0.0283 0.0164 0.0131 0.0029
1286  0.0285 0.0176 0.0128 0.0030
1287  0.0278 0.0294 0.0452 0.0044
1288  0.0278 0.0165 0.0210 0.0031
1289  0.0282 0.0165 0.0131 0.0032
1290  0.0277 0.0150 0.0118 0.0033
1291  0.0312 0.0303 0.0170 0.0064
1292  0.0277 0.0150 0.0121 0.0033
1293  0.0278 0.0163 0.0114 0.0032
1294  0.0277 0.0149 0.0120 0.0050
1295  0.0277 0.0149 0.0120 0.0045
1296  0.0276 0.0150 0.0121 0.0040
1297  0.0276 0.0151 0.0121 0.0036
1298  0.0276 0.0151 0.0122 0.0034
1299  0.0277 0.0151 0.0122 0.0033
1300  0.0277 0.0150 0.0121 0.0035
1301  0.0277 0.0149 0.0118 0.0030
1302  0.0277 0.0150 0.0121 0.0038
1303  0.0277 0.0149 0.0120 0.0043
1304  0.0277 0.0149 0.0120 0.0048
1305  0.0279 0.0156 0.0114 0.0046
1306  0.0278 0.0150 0.0124 0.0056
1307  0.0277 0.0150 0.0124 0.0052
1308  0.0277 0.0150 0.0124 0.0047
1309  0.0277 0.0150 0.0123 0.0042
1310  0.0279 0.0152 0.0127 0.0031
1311  0.0277 0.0150 0.0122 0.0035
1312  0.0277 0.0149 0.0118 0.0028
1313  0.0277 0.0150 0.0122 0.0032
1314  0.0277 0.0150 0.0122 0.0031
1315  0.0277 0.0150 0.0122 0.0030
1316  0.0277 0.0151 0.0122 0.0031
1317  0.0277 0.0148 0.0113 0.0023
1318  0.0279 0.0152 0.0114 0.0051
1319  0.0277 0.0151 0.0122 0.0034
1320  0.0277 0.0151 0.0121 0.0034
1321  0.0277 0.0150 0.0120 0.0034
1322  0.0278 0.0149 0.0121 0.0032
1323  0.0277 0.0148 0.0118 0.0028
1324  0.0279 0.0150 0.0123 0.0031
1325  0.0279 0.0152 0.0127 0.0031
1326  0.0280 0.0154 0.0132 0.0037
1327  0.0280 0.0153 0.0134 0.0047
1328  0.0279 0.0151 0.0132 0.0059
1329  0.0279 0.0159 0.0127 0.0072
1330  0.0278 0.0150 0.0114 0.0049
1331  0.0280 0.0173 0.0142 0.0054
1332  0.0277 0.0150 0.0120 0.0057
1333  0.0277 0.0152 0.0125 0.0059
1334  0.0277 0.0148 0.0119 0.0028
1335  0.0277 0.0160 0.0133 0.0059
1336  0.0277 0.0166 0.0134 0.0058
1337  0.0277 0.0167 0.0132 0.0053
1338  0.0277 0.0165 0.0127 0.0047
1339  0.0277 0.0161 0.0124 0.0040
1340  0.0276 0.0157 0.0122 0.0034
1341  0.0276 0.0154 0.0121 0.0031
1342  0.0278 0.0149 0.0114 0.0042
1343  0.0277 0.0150 0.0123 0.0036
1344  0.0277 0.0149 0.0126 0.0039
1345  0.0278 0.0147 0.0119 0.0029
1346  0.0277 0.0149 0.0130 0.0041
1347  0.0278 0.0149 0.0134 0.0040
1348  0.0279 0.0149 0.0137 0.0038
1349  0.0280 0.0150 0.0135 0.0040
1350  0.0280 0.0152 0.0129 0.0048
1351  0.0280 0.0157 0.0121 0.0063
1352  0.0279 0.0165 0.0126 0.0082
1353  0.0278 0.0176 0.0160 0.0101
1354  0.0277 0.0149 0.0115 0.0033
1355  0.0280 0.0201 0.0310 0.0030
1356  0.0278 0.0147 0.0119 0.0029
1357  0.0279 0.0184 0.0273 0.0031
1358  0.0279 0.0171 0.0239 0.0031
1359  0.0278 0.0161 0.0208 0.0031
1360  0.0278 0.0154 0.0181 0.0031
1361  0.0277 0.0151 0.0158 0.0031
1362  0.0277 0.0149 0.0140 0.0032
1363  0.0277 0.0149 0.0128 0.0032
1364  0.0277 0.0150 0.0122 0.0032
1365  0.0277 0.0151 0.0120 0.0032
1366  0.0277 0.0149 0.0114 0.0026
1367  0.0279 0.0147 0.0119 0.0029
1368  0.0277 0.0151 0.0126 0.0033
1369  0.0277 0.0151 0.0131 0.0033
1370  0.0277 0.0150 0.0135 0.0033
1371  0.0277 0.0149 0.0139 0.0033
1372  0.0277 0.0149 0.0141 0.0032
1373  0.0278 0.0150 0.0141 0.0032
1374  0.0279 0.0154 0.0140 0.0032
1375  0.0280 0.0161 0.0138 0.0031
1376  0.0281 0.0173 0.0134 0.0031
1377  0.0282 0.0188 0.0131 0.0031
1378  0.0279 0.0147 0.0118 0.0028
1379  0.0277 0.0148 0.0114 0.0023
1380  0.0277 0.0285 0.0434 0.0062
1381  0.0277 0.0166 0.0208 0.0034
1382  0.0279 0.0160 0.0137 0.0035
1383  0.0299 0.0303 0.0159 0.0050
1384  0.0277 0.0152 0.0122 0.0036
1385  0.0277 0.0151 0.0122 0.0059
1386  0.0277 0.0151 0.0122 0.0052
1387  0.0277 0.0152 0.0122 0.0046
1388  0.0277 0.0152 0.0122 0.0040
1389  0.0280 0.0152 0.0123 0.0036
1390  0.0280 0.0149 0.0118 0.0028
1391  0.0277 0.0153 0.0123 0.0037
1392  0.0277 0.0148 0.0113 0.0023
1393  0.0277 0.0153 0.0123 0.0037
1394  0.0277 0.0152 0.0122 0.0041
1395  0.0277 0.0151 0.0122 0.0046
1396  0.0277 0.0151 0.0122 0.0052
1397  0.0278 0.0151 0.0122 0.0059
1398  0.0282 0.0153 0.0134 0.0052
1399  0.0281 0.0152 0.0134 0.0048
1400  0.0279 0.0152 0.0132 0.0045
1401  0.0278 0.0160 0.0180 0.0048
1402  0.0278 0.0152 0.0130 0.0041
1403  0.0278 0.0153 0.0141 0.0033
1404  0.0277 0.0147 0.0113 0.0025
1405  0.0277 0.0152 0.0126 0.0035
1406  0.0277 0.0151 0.0125 0.0033
1407  0.0277 0.0151 0.0124 0.0033
1408  0.0277 0.0151 0.0123 0.0033
1409  0.0277 0.0152 0.0123 0.0034
1410  0.0277 0.0154 0.0122 0.0038
1411  0.0277 0.0154 0.0122 0.0039
1412  0.0280 0.0150 0.0119 0.0031
1413  0.0277 0.0154 0.0122 0.0038
1414  0.0277 0.0152 0.0124 0.0037
1415  0.0277 0.0152 0.0131 0.0034
1416  0.0277 0.0147 0.0114 0.0037
1417  0.0278 0.0153 0.0141 0.0033
1418  0.0278 0.0154 0.0152 0.0036
1419  0.0278 0.0153 0.0158 0.0046
1420  0.0278 0.0155 0.0157 0.0060
1421  0.0279 0.0170 0.0147 0.0076
1422  0.0280 0.0174 0.0172 0.0055
1423  0.0280 0.0151 0.0120 0.0037
1424  0.0277 0.0152 0.0127 0.0051
1425  0.0277 0.0154 0.0123 0.0063
1426  0.0277 0.0161 0.0130 0.0075
1427  0.0277 0.0165 0.0133 0.0081
1428  0.0278 0.0149 0.0114 0.0063
1429  0.0277 0.0165 0.0131 0.0080
1430  0.0277 0.0162 0.0128 0.0072
1431  0.0277 0.0159 0.0125 0.0059
1432  0.0277 0.0156 0.0123 0.0044
1433  0.0277 0.0154 0.0122 0.0034
1434  0.0279 0.0149 0.0121 0.0046
1435  0.0277 0.0152 0.0124 0.0047
1436  0.0277 0.0152 0.0127 0.0058
1437  0.0278 0.0152 0.0131 0.0065
1438  0.0278 0.0152 0.0135 0.0065
1439  0.0279 0.0151 0.0138 0.0060
1440  0.0277 0.0155 0.0119 0.0023
1441  0.0279 0.0152 0.0114 0.0101
1442  0.0280 0.0151 0.0137 0.0051
1443  0.0280 0.0152 0.0130 0.0046
1444  0.0279 0.0155 0.0122 0.0056
1445  0.0279 0.0148 0.0122 0.0055
1446  0.0279 0.0165 0.0130 0.0081
1447  0.0278 0.0183 0.0174 0.0114
1448  0.0279 0.0227 0.0362 0.0034
1449  0.0278 0.0204 0.0318 0.0033
1450  0.0278 0.0186 0.0277 0.0033
1451  0.0278 0.0172 0.0240 0.0033
1452  0.0277 0.0162 0.0206 0.0033
1453  0.0280 0.0158 0.0114 0.0151
1454  0.0277 0.0155 0.0177 0.0033
1455  0.0277 0.0152 0.0154 0.0033
1456  0.0281 0.0154 0.0124 0.0063
1457  0.0277 0.0151 0.0136 0.0034
1458  0.0277 0.0151 0.0126 0.0034
1459  0.0277 0.0152 0.0122 0.0035
1460  0.0277 0.0153 0.0127 0.0037
1461  0.0277 0.0153 0.0133 0.0038
1462  0.0277 0.0152 0.0138 0.0038
1463  0.0277 0.0151 0.0143 0.0039
1464  0.0277 0.0151 0.0146 0.0040
1465  0.0282 0.0169 0.0115 0.0211
1466  0.0277 0.0153 0.0147 0.0040
1467  0.0281 0.0159 0.0119 0.0053
1468  0.0277 0.0158 0.0146 0.0040
1469  0.0278 0.0167 0.0143 0.0040
1470  0.0278 0.0180 0.0139 0.0040
1471  0.0279 0.0199 0.0135 0.0040
1472  0.0277 0.0278 0.0413 0.0087
1473  0.0277 0.0169 0.0203 0.0042
1474  0.0278 0.0159 0.0144 0.0041
1475  0.0288 0.0286 0.0146 0.0039
1476  0.0277 0.0155 0.0124 0.0036
1477  0.0287 0.0184 0.0118 0.0284
1478  0.0278 0.0147 0.0120 0.0045
1479  0.0277 0.0154 0.0124 0.0068
1480  0.0277 0.0154 0.0124 0.0059
1481  0.0277 0.0155 0.0124 0.0050
1482  0.0277 0.0155 0.0124 0.0043
1483  0.0277 0.0155 0.0124 0.0038
1484  0.0277 0.0155 0.0124 0.0039
1485  0.0277 0.0155 0.0124 0.0045
1486  0.0277 0.0154 0.0124 0.0052
1487  0.0278 0.0154 0.0124 0.0061
1488  0.0278 0.0155 0.0124 0.0071
1489  0.0278 0.0151 0.0130 0.0041
1490  0.0295 0.0206 0.0126 0.0368
1491  0.0290 0.0172 0.0146 0.0045
1492  0.0287 0.0170 0.0143 0.0043
1493  0.0284 0.0168 0.0140 0.0041
1494  0.0282 0.0166 0.0136 0.0039
1495  0.0277 0.0156 0.0155 0.0034
1496  0.0278 0.0162 0.0130 0.0036
1497  0.0278 0.0159 0.0128 0.0035
1498  0.0277 0.0156 0.0126 0.0034
1499  0.0277 0.0155 0.0126 0.0034
Total Error Summary
Vdc  MAE=  0.0059 RMSE=  0.0279
Idc  MAE=  0.0066 RMSE=  0.0166
Id   MAE=  0.0071 RMSE=  0.0153
Iq   MAE=  0.0033 RMSE=  0.0055
