Read Model from: ./ucf4siir/
Export Model to: ./ucf4siir/ucf4siir_fhf.json
idx_in [0, 1, 2, 3, 4, 5, 6]
idx_out [7, 8, 9, 10]
make_mimo_block iir
H1s[0][0]  Real Poles: [-1288.68675226  -554.41248422] Freqs [Hz]: []
H1s[0][1]  Real Poles: [-1282.91435954  -610.99298629] Freqs [Hz]: []
H1s[0][2]  Real Poles: [-1022.99285494 -1022.99285494] Freqs [Hz]: [49.143628663706]
H1s[0][3]  Real Poles: [-1034.82795134 -1034.82795134] Freqs [Hz]: [68.25086219020518]
H1s[1][0]  Real Poles: [-1251.21385593  -671.03529732] Freqs [Hz]: []
H1s[1][1]  Real Poles: [-1307.41194901  -424.43608228] Freqs [Hz]: []
H1s[1][2]  Real Poles: [-1279.22152298  -607.25199861] Freqs [Hz]: []
H1s[1][3]  Real Poles: [-1414.07859765  -377.83626773] Freqs [Hz]: []
H1s[2][0]  Real Poles: [-1007.72538641 -1007.72538641] Freqs [Hz]: [12.63956554804544]
H1s[2][1]  Real Poles: [-1445.01810916  -237.08871357] Freqs [Hz]: []
H1s[2][2]  Real Poles: [-1040.30054808 -1040.30054808] Freqs [Hz]: [47.60388917618473]
H1s[2][3]  Real Poles: [-1296.84593514  -594.95519116] Freqs [Hz]: []
H1s[3][0]  Real Poles: [-1039.12069276 -1039.12069276] Freqs [Hz]: [45.68450504923939]
H1s[3][1]  Real Poles: [-1019.34421621 -1019.34421621] Freqs [Hz]: [34.08748970780635]
H1s[3][2]  Real Poles: [-1430.49640718  -249.24575028] Freqs [Hz]: []
H1s[3][3]  Real Poles: [-1254.87432544  -596.19482691] Freqs [Hz]: []
model_folder = ./ucf4siir/
model_root = ucf4siir
data_path = d:/data/ucf3/ucf9c.hdf5
idx_in [0, 1, 2, 3, 4, 5, 6]
idx_out [7, 8, 9, 10]
read 2100 dataframes
dt=0.001000 data_len=4001 n_io=11 n_case=2100
['G', 'Ud', 'Uq', 'Vd', 'Vq', 'GVrms', 'Ctrl'] ['Vdc', 'Idc', 'Id', 'Iq'] (2100, 4001, 11)
make_mimo_block iir
prepending initial conditions (2100, 500, 11) (2100, 4001, 11) float32 float32
results in (2100, 4501, 11)
Idx,Vdc,Idc,Id,Iq
#,RMSE,RMSE,RMSE,RMSE
Total,0.0076,0.0407,0.0542,0.0180
0,0.0054,0.0431,0.0538,0.0045
1,0.0054,0.0431,0.0538,0.0045
2,0.0057,0.0666,0.0719,0.0049
3,0.0078,0.0731,0.1345,0.0567
4,0.0058,0.0501,0.0620,0.0046
5,0.0088,0.0343,0.0449,0.0064
6,0.0058,0.0501,0.0620,0.0046
7,0.0058,0.0488,0.0544,0.0058
8,0.0067,0.0457,0.0537,0.0045
9,0.0058,0.0501,0.0620,0.0046
10,0.0058,0.0501,0.0620,0.0046
11,0.0088,0.0343,0.0449,0.0064
12,0.0058,0.0501,0.0620,0.0046
13,0.0067,0.0457,0.0537,0.0045
14,0.0078,0.0731,0.1345,0.0567
15,0.0088,0.0343,0.0449,0.0064
16,0.0058,0.0501,0.0620,0.0046
17,0.0058,0.0501,0.0620,0.0046
18,0.0088,0.0343,0.0449,0.0064
19,0.0065,0.0531,0.0504,0.0046
20,0.0058,0.0501,0.0620,0.0046
21,0.0088,0.0343,0.0449,0.0064
22,0.0058,0.0501,0.0620,0.0046
23,0.0058,0.0501,0.0620,0.0046
24,0.0067,0.0457,0.0537,0.0045
25,0.0078,0.0731,0.1345,0.0567
26,0.0117,0.0317,0.0409,0.0047
27,0.0088,0.0297,0.0389,0.0043
28,0.0107,0.0322,0.0431,0.0074
29,0.0062,0.0265,0.0362,0.0038
30,0.0066,0.0524,0.0516,0.0043
31,0.0051,0.0490,0.0530,0.0078
32,0.0070,0.0266,0.0370,0.0036
33,0.0075,0.0282,0.0389,0.0037
34,0.0083,0.0271,0.0370,0.0060
35,0.0050,0.0531,0.0622,0.0043
36,0.0078,0.0731,0.1345,0.0567
37,0.0065,0.0432,0.0551,0.0042
38,0.0079,0.0388,0.0495,0.0067
39,0.0068,0.0462,0.0572,0.0050
40,0.0072,0.0438,0.0539,0.0054
41,0.0074,0.0480,0.0509,0.0044
42,0.0068,0.0442,0.0516,0.0060
43,0.0046,0.0589,0.0572,0.0039
44,0.0056,0.0431,0.0506,0.0077
45,0.0049,0.0527,0.0561,0.0053
46,0.0063,0.0541,0.0491,0.0052
47,0.0078,0.0731,0.1345,0.0567
48,0.0064,0.0553,0.0565,0.0072
49,0.0050,0.0605,0.0561,0.0033
50,0.0085,0.0505,0.0405,0.0323
51,0.0078,0.0495,0.0458,0.0261
52,0.0081,0.0542,0.0450,0.0320
53,0.0081,0.0542,0.0450,0.0320
54,0.0081,0.0542,0.0450,0.0320
55,0.0081,0.0542,0.0450,0.0320
56,0.0081,0.0542,0.0450,0.0320
57,0.0081,0.0542,0.0450,0.0320
58,0.0055,0.0327,0.0403,0.0038
59,0.0061,0.0368,0.0465,0.0034
60,0.0061,0.0368,0.0465,0.0034
61,0.0084,0.0373,0.0529,0.0079
62,0.0062,0.0359,0.0450,0.0034
63,0.0085,0.0478,0.0597,0.0056
64,0.0064,0.0355,0.0502,0.0079
65,0.0074,0.0441,0.0517,0.0034
66,0.0076,0.0488,0.0554,0.0036
67,0.0059,0.0392,0.0529,0.0076
68,0.0076,0.0597,0.0679,0.0040
69,0.0055,0.0327,0.0403,0.0038
70,0.0057,0.0552,0.0609,0.0041
71,0.0057,0.0510,0.0634,0.0082
72,0.0058,0.0588,0.0641,0.0055
73,0.0064,0.0605,0.0656,0.0070
74,0.0088,0.0522,0.0631,0.0057
75,0.0126,0.0790,0.1187,0.0766
76,0.0137,0.0734,0.1188,0.0675
77,0.0108,0.0542,0.1001,0.0641
78,0.0113,0.0553,0.1159,0.0528
79,0.0074,0.0522,0.1198,0.0426
80,0.0055,0.0327,0.0403,0.0038
81,0.0065,0.0418,0.0937,0.0431
82,0.0059,0.0370,0.0918,0.0328
83,0.0056,0.0361,0.0781,0.0237
84,0.0059,0.0333,0.0720,0.0223
85,0.0081,0.0418,0.0497,0.0044
86,0.0074,0.0441,0.0517,0.0034
87,0.0074,0.0383,0.0503,0.0036
88,0.0054,0.0336,0.0615,0.0090
89,0.0058,0.0339,0.0789,0.0146
90,0.0065,0.0481,0.1256,0.0283
91,0.0054,0.0327,0.0392,0.0038
92,0.0064,0.0359,0.1076,0.0262
93,0.0067,0.0410,0.1165,0.0329
94,0.0072,0.0382,0.0985,0.0321
95,0.0083,0.0598,0.1230,0.0481
96,0.0086,0.0656,0.1370,0.0621
97,0.0111,0.0690,0.1042,0.0578
98,0.0076,0.0488,0.0554,0.0036
99,0.0061,0.0368,0.0465,0.0034
100,0.0084,0.0373,0.0529,0.0079
101,0.0078,0.0416,0.0547,0.0053
102,0.0061,0.0512,0.0576,0.0064
103,0.0061,0.0368,0.0465,0.0034
104,0.0084,0.0373,0.0529,0.0079
105,0.0061,0.0368,0.0465,0.0034
106,0.0061,0.0368,0.0465,0.0034
107,0.0078,0.0416,0.0547,0.0053
108,0.0061,0.0368,0.0465,0.0034
109,0.0061,0.0368,0.0465,0.0034
110,0.0059,0.0392,0.0529,0.0076
111,0.0061,0.0368,0.0465,0.0034
112,0.0078,0.0416,0.0547,0.0053
113,0.0058,0.0670,0.0730,0.0057
114,0.0059,0.0373,0.0428,0.0038
115,0.0084,0.0373,0.0529,0.0079
116,0.0061,0.0368,0.0465,0.0034
117,0.0061,0.0368,0.0465,0.0034
118,0.0084,0.0373,0.0529,0.0079
119,0.0078,0.0416,0.0547,0.0053
120,0.0061,0.0368,0.0465,0.0034
121,0.0084,0.0373,0.0529,0.0079
122,0.0061,0.0368,0.0465,0.0034
123,0.0063,0.0536,0.0595,0.0039
124,0.0078,0.0416,0.0547,0.0053
125,0.0064,0.0453,0.0495,0.0038
126,0.0061,0.0368,0.0465,0.0034
127,0.0061,0.0368,0.0465,0.0034
128,0.0084,0.0373,0.0529,0.0079
129,0.0061,0.0368,0.0465,0.0034
130,0.0078,0.0416,0.0547,0.0053
131,0.0084,0.0373,0.0529,0.0079
132,0.0061,0.0368,0.0465,0.0034
133,0.0061,0.0368,0.0465,0.0034
134,0.0084,0.0373,0.0529,0.0079
135,0.0074,0.0614,0.0692,0.0046
136,0.0067,0.0508,0.0541,0.0038
137,0.0061,0.0368,0.0465,0.0034
138,0.0084,0.0373,0.0529,0.0079
139,0.0061,0.0368,0.0465,0.0034
140,0.0061,0.0368,0.0465,0.0034
141,0.0078,0.0416,0.0547,0.0053
142,0.0117,0.0331,0.0504,0.0037
143,0.0088,0.0343,0.0521,0.0034
144,0.0109,0.0296,0.0479,0.0074
145,0.0062,0.0375,0.0548,0.0032
146,0.0076,0.0597,0.0679,0.0040
147,0.0065,0.0529,0.0560,0.0039
148,0.0057,0.0510,0.0634,0.0082
149,0.0072,0.0398,0.0550,0.0032
150,0.0076,0.0403,0.0541,0.0033
151,0.0078,0.0367,0.0546,0.0078
152,0.0064,0.0379,0.0514,0.0047
153,0.0068,0.0377,0.0482,0.0034
154,0.0076,0.0363,0.0515,0.0079
155,0.0069,0.0371,0.0457,0.0033
156,0.0074,0.0441,0.0517,0.0034
157,0.0083,0.0565,0.0660,0.0047
158,0.0061,0.0589,0.0648,0.0056
159,0.0072,0.0518,0.0579,0.0038
160,0.0058,0.0588,0.0641,0.0055
161,0.0058,0.0461,0.0587,0.0076
162,0.0057,0.0552,0.0609,0.0041
163,0.0072,0.0631,0.0703,0.0058
164,0.0070,0.0521,0.0645,0.0087
165,0.0064,0.0605,0.0656,0.0070
166,0.0126,0.0790,0.1187,0.0766
167,0.0110,0.0658,0.1018,0.0735
168,0.0102,0.0630,0.1326,0.0564
169,0.0056,0.0528,0.0566,0.0041
170,0.0102,0.0630,0.1326,0.0564
171,0.0102,0.0630,0.1326,0.0564
172,0.0102,0.0630,0.1326,0.0564
173,0.0102,0.0630,0.1326,0.0564
174,0.0102,0.0630,0.1326,0.0564
175,0.0062,0.0309,0.0376,0.0029
176,0.0062,0.0309,0.0376,0.0029
177,0.0087,0.0278,0.0389,0.0060
178,0.0063,0.0309,0.0372,0.0030
179,0.0088,0.0384,0.0467,0.0056
180,0.0056,0.0529,0.0573,0.0046
181,0.0066,0.0282,0.0382,0.0061
182,0.0077,0.0354,0.0409,0.0034
183,0.0078,0.0385,0.0433,0.0037
184,0.0060,0.0320,0.0414,0.0060
185,0.0077,0.0488,0.0540,0.0040
186,0.0057,0.0451,0.0488,0.0035
187,0.0054,0.0408,0.0494,0.0064
188,0.0055,0.0493,0.0519,0.0042
189,0.0061,0.0510,0.0531,0.0054
190,0.0090,0.0414,0.0491,0.0056
191,0.0059,0.0532,0.0585,0.0056
192,0.0120,0.0644,0.0960,0.0619
193,0.0133,0.0597,0.0960,0.0546
194,0.0106,0.0456,0.0795,0.0507
195,0.0115,0.0458,0.0937,0.0427
196,0.0074,0.0438,0.0977,0.0346
197,0.0066,0.0408,0.0742,0.0339
198,0.0058,0.0337,0.0730,0.0259
199,0.0055,0.0326,0.0612,0.0184
200,0.0060,0.0277,0.0551,0.0171
201,0.0083,0.0352,0.0409,0.0044
202,0.0065,0.0538,0.0601,0.0070
203,0.0077,0.0354,0.0409,0.0034
204,0.0076,0.0280,0.0363,0.0030
205,0.0053,0.0294,0.0474,0.0078
206,0.0056,0.0306,0.0612,0.0123
207,0.0066,0.0384,0.1021,0.0247
208,0.0063,0.0315,0.0861,0.0219
209,0.0067,0.0340,0.0937,0.0275
210,0.0072,0.0321,0.0779,0.0259
211,0.0084,0.0475,0.0993,0.0397
212,0.0085,0.0594,0.1123,0.0522
213,0.0067,0.0552,0.0609,0.0064
214,0.0113,0.0571,0.0829,0.0468
215,0.0078,0.0385,0.0433,0.0037
216,0.0062,0.0309,0.0376,0.0029
217,0.0087,0.0278,0.0389,0.0060
218,0.0079,0.0346,0.0435,0.0052
219,0.0062,0.0309,0.0376,0.0029
220,0.0087,0.0278,0.0389,0.0060
221,0.0062,0.0309,0.0376,0.0029
222,0.0062,0.0309,0.0376,0.0029
223,0.0079,0.0346,0.0435,0.0052
224,0.0062,0.0674,0.0742,0.0069
225,0.0116,0.0714,0.0971,0.0622
226,0.0062,0.0309,0.0376,0.0029
227,0.0062,0.0309,0.0376,0.0029
228,0.0060,0.0320,0.0414,0.0060
229,0.0062,0.0309,0.0376,0.0029
230,0.0079,0.0346,0.0435,0.0052
231,0.0087,0.0278,0.0389,0.0060
232,0.0062,0.0309,0.0376,0.0029
233,0.0062,0.0309,0.0376,0.0029
234,0.0087,0.0278,0.0389,0.0060
235,0.0079,0.0346,0.0435,0.0052
236,0.0113,0.0694,0.0971,0.0546
237,0.0062,0.0309,0.0376,0.0029
238,0.0087,0.0278,0.0389,0.0060
239,0.0062,0.0309,0.0376,0.0029
240,0.0064,0.0431,0.0472,0.0037
241,0.0079,0.0346,0.0435,0.0052
242,0.0062,0.0309,0.0376,0.0029
243,0.0062,0.0309,0.0376,0.0029
244,0.0087,0.0278,0.0389,0.0060
245,0.0062,0.0309,0.0376,0.0029
246,0.0079,0.0346,0.0435,0.0052
247,0.0106,0.0644,0.0964,0.0482
248,0.0087,0.0278,0.0389,0.0060
249,0.0062,0.0309,0.0376,0.0029
250,0.0062,0.0309,0.0376,0.0029
251,0.0087,0.0278,0.0389,0.0060
252,0.0074,0.0502,0.0548,0.0045
253,0.0062,0.0309,0.0376,0.0029
254,0.0087,0.0278,0.0389,0.0060
255,0.0062,0.0309,0.0376,0.0029
256,0.0062,0.0309,0.0376,0.0029
257,0.0079,0.0346,0.0435,0.0052
258,0.0089,0.0567,0.0946,0.0426
259,0.0117,0.0278,0.0386,0.0039
260,0.0088,0.0274,0.0392,0.0034
261,0.0108,0.0253,0.0364,0.0062
262,0.0063,0.0287,0.0409,0.0029
263,0.0077,0.0488,0.0540,0.0040
264,0.0054,0.0408,0.0494,0.0064
265,0.0073,0.0299,0.0407,0.0027
266,0.0078,0.0301,0.0399,0.0027
267,0.0080,0.0271,0.0399,0.0059
268,0.0063,0.0337,0.0419,0.0048
269,0.0062,0.0548,0.0997,0.0350
270,0.0069,0.0299,0.0372,0.0029
271,0.0078,0.0273,0.0380,0.0060
272,0.0071,0.0308,0.0370,0.0032
273,0.0077,0.0354,0.0409,0.0034
274,0.0085,0.0453,0.0517,0.0048
275,0.0074,0.0406,0.0450,0.0039
276,0.0055,0.0493,0.0519,0.0042
277,0.0058,0.0364,0.0454,0.0060
278,0.0057,0.0451,0.0488,0.0035
279,0.0072,0.0520,0.0560,0.0055
280,0.0060,0.0390,0.0835,0.0324
281,0.0067,0.0432,0.0510,0.0067
282,0.0061,0.0510,0.0531,0.0054
283,0.0120,0.0644,0.0960,0.0619
284,0.0104,0.0530,0.0807,0.0582
285,0.0103,0.0531,0.1089,0.0465
286,0.0103,0.0531,0.1089,0.0465
287,0.0103,0.0531,0.1089,0.0465
288,0.0103,0.0531,0.1089,0.0465
289,0.0103,0.0531,0.1089,0.0465
290,0.0103,0.0531,0.1089,0.0465
291,0.0065,0.0352,0.0742,0.0266
292,0.0066,0.0331,0.0387,0.0035
293,0.0066,0.0331,0.0387,0.0035
294,0.0092,0.0192,0.0241,0.0045
295,0.0068,0.0333,0.0390,0.0036
296,0.0093,0.0277,0.0318,0.0052
297,0.0071,0.0282,0.0327,0.0050
298,0.0082,0.0273,0.0328,0.0042
299,0.0084,0.0273,0.0320,0.0047
300,0.0065,0.0261,0.0306,0.0052
301,0.0079,0.0380,0.0375,0.0040
302,0.0063,0.0329,0.0622,0.0191
303,0.0057,0.0367,0.0382,0.0039
304,0.0051,0.0325,0.0344,0.0054
305,0.0052,0.0431,0.0411,0.0028
306,0.0055,0.0455,0.0414,0.0030
307,0.0096,0.0288,0.0324,0.0053
308,0.0107,0.0444,0.0546,0.0369
309,0.0124,0.0399,0.0550,0.0343
310,0.0099,0.0385,0.0456,0.0285
311,0.0116,0.0332,0.0543,0.0279
312,0.0075,0.0367,0.0584,0.0212
313,0.0053,0.0326,0.0504,0.0116
314,0.0068,0.0493,0.0457,0.0199
315,0.0057,0.0383,0.0441,0.0141
316,0.0055,0.0378,0.0402,0.0097
317,0.0064,0.0301,0.0338,0.0083
318,0.0089,0.0311,0.0368,0.0050
319,0.0082,0.0273,0.0328,0.0042
320,0.0080,0.0181,0.0225,0.0031
321,0.0053,0.0342,0.0354,0.0053
322,0.0055,0.0361,0.0389,0.0077
323,0.0068,0.0281,0.0589,0.0200
324,0.0054,0.0421,0.0471,0.0051
325,0.0063,0.0342,0.0496,0.0156
326,0.0068,0.0311,0.0540,0.0202
327,0.0072,0.0338,0.0465,0.0154
328,0.0085,0.0308,0.0576,0.0264
329,0.0084,0.0619,0.0680,0.0373
330,0.0114,0.0353,0.0500,0.0254
331,0.0084,0.0273,0.0320,0.0047
332,0.0066,0.0331,0.0387,0.0035
333,0.0092,0.0192,0.0241,0.0045
334,0.0084,0.0291,0.0333,0.0049
335,0.0068,0.0682,0.0759,0.0085
336,0.0064,0.0453,0.0495,0.0038
337,0.0066,0.0331,0.0387,0.0035
338,0.0092,0.0192,0.0241,0.0045
339,0.0066,0.0331,0.0387,0.0035
340,0.0066,0.0331,0.0387,0.0035
341,0.0084,0.0291,0.0333,0.0049
342,0.0066,0.0331,0.0387,0.0035
343,0.0066,0.0331,0.0387,0.0035
344,0.0065,0.0261,0.0306,0.0052
345,0.0066,0.0331,0.0387,0.0035
346,0.0084,0.0291,0.0333,0.0049
347,0.0056,0.0317,0.0421,0.0047
348,0.0092,0.0192,0.0241,0.0045
349,0.0066,0.0331,0.0387,0.0035
350,0.0066,0.0331,0.0387,0.0035
351,0.0092,0.0192,0.0241,0.0045
352,0.0084,0.0291,0.0333,0.0049
353,0.0066,0.0331,0.0387,0.0035
354,0.0092,0.0192,0.0241,0.0045
355,0.0066,0.0331,0.0387,0.0035
356,0.0067,0.0329,0.0358,0.0045
357,0.0084,0.0291,0.0333,0.0049
358,0.0061,0.0308,0.0497,0.0084
359,0.0066,0.0331,0.0387,0.0035
360,0.0066,0.0331,0.0387,0.0035
361,0.0092,0.0192,0.0241,0.0045
362,0.0066,0.0331,0.0387,0.0035
363,0.0084,0.0291,0.0333,0.0049
364,0.0092,0.0192,0.0241,0.0045
365,0.0066,0.0331,0.0387,0.0035
366,0.0066,0.0331,0.0387,0.0035
367,0.0092,0.0192,0.0241,0.0045
368,0.0077,0.0397,0.0380,0.0043
369,0.0066,0.0301,0.0625,0.0128
370,0.0066,0.0331,0.0387,0.0035
371,0.0092,0.0192,0.0241,0.0045
372,0.0066,0.0331,0.0387,0.0035
373,0.0066,0.0331,0.0387,0.0035
374,0.0084,0.0291,0.0333,0.0049
375,0.0116,0.0277,0.0299,0.0048
376,0.0087,0.0244,0.0269,0.0042
377,0.0107,0.0275,0.0307,0.0065
378,0.0065,0.0196,0.0232,0.0034
379,0.0079,0.0380,0.0375,0.0040
380,0.0059,0.0525,0.1043,0.0243
381,0.0051,0.0325,0.0344,0.0054
382,0.0077,0.0179,0.0222,0.0029
383,0.0082,0.0185,0.0229,0.0029
384,0.0084,0.0162,0.0208,0.0046
385,0.0065,0.0376,0.0409,0.0046
386,0.0074,0.0279,0.0334,0.0033
387,0.0083,0.0230,0.0278,0.0047
388,0.0076,0.0293,0.0351,0.0039
389,0.0082,0.0273,0.0328,0.0042
390,0.0088,0.0332,0.0350,0.0046
391,0.0080,0.0334,0.0871,0.0218
392,0.0078,0.0290,0.0329,0.0047
393,0.0052,0.0431,0.0411,0.0028
394,0.0061,0.0265,0.0307,0.0054
395,0.0057,0.0367,0.0382,0.0039
396,0.0074,0.0410,0.0379,0.0050
397,0.0061,0.0380,0.0379,0.0051
398,0.0055,0.0455,0.0414,0.0030
399,0.0107,0.0444,0.0546,0.0369
400,0.0094,0.0381,0.0449,0.0310
401,0.0102,0.0433,0.0654,0.0319
402,0.0088,0.0401,0.0946,0.0273
403,0.0102,0.0433,0.0654,0.0319
404,0.0102,0.0433,0.0654,0.0319
405,0.0102,0.0433,0.0654,0.0319
406,0.0102,0.0433,0.0654,0.0319
407,0.0102,0.0433,0.0654,0.0319
408,0.0070,0.0454,0.0544,0.0043
409,0.0070,0.0454,0.0544,0.0043
410,0.0094,0.0304,0.0381,0.0061
411,0.0072,0.0454,0.0542,0.0045
412,0.0097,0.0356,0.0412,0.0046
413,0.0095,0.0508,0.0986,0.0332
414,0.0074,0.0410,0.0484,0.0067
415,0.0086,0.0372,0.0453,0.0050
416,0.0088,0.0356,0.0428,0.0055
417,0.0068,0.0370,0.0435,0.0067
418,0.0082,0.0465,0.0453,0.0040
419,0.0059,0.0470,0.0493,0.0047
420,0.0051,0.0428,0.0451,0.0069
421,0.0050,0.0541,0.0516,0.0032
422,0.0052,0.0560,0.0509,0.0026
423,0.0100,0.0351,0.0400,0.0047
424,0.0103,0.0599,0.0998,0.0396
425,0.0097,0.0466,0.0390,0.0304
426,0.0117,0.0402,0.0403,0.0315
427,0.0094,0.0480,0.0430,0.0256
428,0.0115,0.0386,0.0429,0.0271
429,0.0075,0.0445,0.0449,0.0172
430,0.0069,0.0623,0.0489,0.0198
431,0.0058,0.0496,0.0448,0.0105
432,0.0056,0.0493,0.0472,0.0081
433,0.0066,0.0432,0.0435,0.0074
434,0.0093,0.0412,0.0498,0.0057
435,0.0108,0.0504,0.1129,0.0518
436,0.0086,0.0372,0.0453,0.0050
437,0.0083,0.0288,0.0365,0.0038
438,0.0055,0.0461,0.0482,0.0036
439,0.0056,0.0476,0.0459,0.0058
440,0.0070,0.0360,0.0407,0.0207
441,0.0064,0.0458,0.0426,0.0158
442,0.0070,0.0414,0.0426,0.0208
443,0.0072,0.0469,0.0482,0.0144
444,0.0085,0.0350,0.0448,0.0247
445,0.0083,0.0755,0.0500,0.0355
446,0.0064,0.0677,0.0765,0.0064
447,0.0114,0.0690,0.0984,0.0543
448,0.0114,0.0303,0.0500,0.0150
449,0.0088,0.0356,0.0428,0.0055
450,0.0070,0.0454,0.0544,0.0043
451,0.0094,0.0304,0.0381,0.0061
452,0.0089,0.0386,0.0447,0.0044
453,0.0070,0.0454,0.0544,0.0043
454,0.0094,0.0304,0.0381,0.0061
455,0.0070,0.0454,0.0544,0.0043
456,0.0070,0.0454,0.0544,0.0043
457,0.0089,0.0386,0.0447,0.0044
458,0.0067,0.0508,0.0541,0.0038
459,0.0070,0.0454,0.0544,0.0043
460,0.0070,0.0454,0.0544,0.0043
461,0.0068,0.0370,0.0435,0.0067
462,0.0070,0.0454,0.0544,0.0043
463,0.0089,0.0386,0.0447,0.0044
464,0.0094,0.0304,0.0381,0.0061
465,0.0070,0.0454,0.0544,0.0043
466,0.0070,0.0454,0.0544,0.0043
467,0.0094,0.0304,0.0381,0.0061
468,0.0089,0.0386,0.0447,0.0044
469,0.0055,0.0327,0.0403,0.0038
470,0.0070,0.0454,0.0544,0.0043
471,0.0094,0.0304,0.0381,0.0061
472,0.0070,0.0454,0.0544,0.0043
473,0.0069,0.0421,0.0464,0.0053
474,0.0089,0.0386,0.0447,0.0044
475,0.0070,0.0454,0.0544,0.0043
476,0.0070,0.0454,0.0544,0.0043
477,0.0094,0.0304,0.0381,0.0061
478,0.0070,0.0454,0.0544,0.0043
479,0.0089,0.0386,0.0447,0.0044
480,0.0055,0.0327,0.0403,0.0038
481,0.0094,0.0304,0.0381,0.0061
482,0.0070,0.0454,0.0544,0.0043
483,0.0070,0.0454,0.0544,0.0043
484,0.0094,0.0304,0.0381,0.0061
485,0.0079,0.0483,0.0451,0.0043
486,0.0070,0.0454,0.0544,0.0043
487,0.0094,0.0304,0.0381,0.0061
488,0.0070,0.0454,0.0544,0.0043
489,0.0070,0.0454,0.0544,0.0043
490,0.0089,0.0386,0.0447,0.0044
491,0.0052,0.0439,0.0515,0.0062
492,0.0115,0.0365,0.0422,0.0055
493,0.0087,0.0331,0.0384,0.0050
494,0.0106,0.0373,0.0450,0.0084
495,0.0065,0.0275,0.0329,0.0042
496,0.0082,0.0465,0.0453,0.0040
497,0.0051,0.0428,0.0451,0.0069
498,0.0078,0.0256,0.0320,0.0037
499,0.0084,0.0267,0.0338,0.0036
500,0.0086,0.0252,0.0320,0.0062
501,0.0069,0.0482,0.0547,0.0041
502,0.0055,0.0327,0.0403,0.0038
503,0.0077,0.0397,0.0485,0.0040
504,0.0086,0.0352,0.0429,0.0063
505,0.0082,0.0398,0.0485,0.0046
506,0.0086,0.0372,0.0453,0.0050
507,0.0092,0.0405,0.0428,0.0042
508,0.0082,0.0372,0.0432,0.0055
509,0.0050,0.0541,0.0516,0.0032
510,0.0064,0.0363,0.0420,0.0070
511,0.0059,0.0470,0.0493,0.0047
512,0.0076,0.0491,0.0440,0.0049
513,0.0055,0.0327,0.0403,0.0038
514,0.0059,0.0492,0.0489,0.0064
515,0.0052,0.0560,0.0509,0.0026
516,0.0097,0.0466,0.0390,0.0304
517,0.0085,0.0446,0.0400,0.0234
518,0.0102,0.0499,0.0461,0.0301
519,0.0102,0.0499,0.0461,0.0301
520,0.0102,0.0499,0.0461,0.0301
521,0.0102,0.0499,0.0461,0.0301
522,0.0102,0.0499,0.0461,0.0301
523,0.0102,0.0499,0.0461,0.0301
524,0.0055,0.0327,0.0403,0.0038
525,0.0071,0.0522,0.0628,0.0047
526,0.0071,0.0522,0.0628,0.0047
527,0.0096,0.0371,0.0469,0.0071
528,0.0075,0.0512,0.0617,0.0048
529,0.0099,0.0422,0.0491,0.0043
530,0.0075,0.0481,0.0575,0.0076
531,0.0088,0.0438,0.0531,0.0053
532,0.0090,0.0425,0.0507,0.0057
533,0.0070,0.0435,0.0517,0.0076
534,0.0083,0.0535,0.0527,0.0040
535,0.0055,0.0327,0.0403,0.0038
536,0.0060,0.0537,0.0567,0.0050
537,0.0051,0.0501,0.0536,0.0078
538,0.0050,0.0610,0.0589,0.0035
539,0.0051,0.0633,0.0584,0.0028
540,0.0103,0.0412,0.0472,0.0044
541,0.0094,0.0525,0.0419,0.0330
542,0.0113,0.0455,0.0436,0.0347
543,0.0090,0.0553,0.0503,0.0296
544,0.0114,0.0441,0.0472,0.0300
545,0.0076,0.0500,0.0476,0.0182
546,0.0052,0.0439,0.0515,0.0062
547,0.0070,0.0682,0.0570,0.0231
548,0.0059,0.0554,0.0520,0.0117
549,0.0056,0.0553,0.0553,0.0094
550,0.0067,0.0494,0.0524,0.0093
551,0.0094,0.0475,0.0572,0.0059
552,0.0088,0.0438,0.0531,0.0053
553,0.0085,0.0354,0.0450,0.0042
554,0.0056,0.0525,0.0570,0.0034
555,0.0058,0.0539,0.0542,0.0060
556,0.0071,0.0428,0.0422,0.0223
557,0.0122,0.0874,0.1203,0.0773
558,0.0055,0.0327,0.0403,0.0038
559,0.0065,0.0516,0.0483,0.0174
560,0.0070,0.0473,0.0471,0.0229
561,0.0072,0.0531,0.0563,0.0166
562,0.0085,0.0408,0.0488,0.0271
563,0.0083,0.0832,0.0511,0.0380
564,0.0114,0.0338,0.0577,0.0160
565,0.0090,0.0425,0.0507,0.0057
566,0.0071,0.0522,0.0628,0.0047
567,0.0096,0.0371,0.0469,0.0071
568,0.0090,0.0450,0.0526,0.0041
569,0.0055,0.0327,0.0403,0.0038
570,0.0071,0.0522,0.0628,0.0047
571,0.0096,0.0371,0.0469,0.0071
572,0.0071,0.0522,0.0628,0.0047
573,0.0071,0.0522,0.0628,0.0047
574,0.0090,0.0450,0.0526,0.0041
575,0.0071,0.0522,0.0628,0.0047
576,0.0071,0.0522,0.0628,0.0047
577,0.0070,0.0435,0.0517,0.0076
578,0.0071,0.0522,0.0628,0.0047
579,0.0090,0.0450,0.0526,0.0041
580,0.0065,0.0529,0.0560,0.0039
581,0.0096,0.0371,0.0469,0.0071
582,0.0071,0.0522,0.0628,0.0047
583,0.0071,0.0522,0.0628,0.0047
584,0.0096,0.0371,0.0469,0.0071
585,0.0090,0.0450,0.0526,0.0041
586,0.0071,0.0522,0.0628,0.0047
587,0.0096,0.0371,0.0469,0.0071
588,0.0071,0.0522,0.0628,0.0047
589,0.0070,0.0491,0.0542,0.0055
590,0.0090,0.0450,0.0526,0.0041
591,0.0055,0.0327,0.0403,0.0038
592,0.0071,0.0522,0.0628,0.0047
593,0.0071,0.0522,0.0628,0.0047
594,0.0096,0.0371,0.0469,0.0071
595,0.0071,0.0522,0.0628,0.0047
596,0.0090,0.0450,0.0526,0.0041
597,0.0096,0.0371,0.0469,0.0071
598,0.0071,0.0522,0.0628,0.0047
599,0.0071,0.0522,0.0628,0.0047
600,0.0096,0.0371,0.0469,0.0071
601,0.0080,0.0547,0.0520,0.0043
602,0.0052,0.0439,0.0515,0.0062
603,0.0071,0.0522,0.0628,0.0047
604,0.0096,0.0371,0.0469,0.0071
605,0.0071,0.0522,0.0628,0.0047
606,0.0071,0.0522,0.0628,0.0047
607,0.0090,0.0450,0.0526,0.0041
608,0.0115,0.0412,0.0495,0.0058
609,0.0087,0.0383,0.0461,0.0053
610,0.0106,0.0424,0.0532,0.0093
611,0.0065,0.0332,0.0410,0.0044
612,0.0083,0.0535,0.0527,0.0040
613,0.0055,0.0327,0.0403,0.0038
614,0.0051,0.0501,0.0536,0.0078
615,0.0079,0.0316,0.0402,0.0040
616,0.0086,0.0324,0.0414,0.0039
617,0.0087,0.0315,0.0409,0.0071
618,0.0070,0.0541,0.0625,0.0040
619,0.0079,0.0459,0.0565,0.0043
620,0.0088,0.0413,0.0511,0.0073
621,0.0084,0.0461,0.0561,0.0049
622,0.0088,0.0438,0.0531,0.0053
623,0.0093,0.0476,0.0507,0.0040
624,0.0055,0.0327,0.0403,0.0038
625,0.0083,0.0443,0.0511,0.0059
626,0.0050,0.0610,0.0589,0.0035
627,0.0065,0.0434,0.0505,0.0078
628,0.0060,0.0537,0.0567,0.0050
629,0.0077,0.0562,0.0512,0.0049
630,0.0058,0.0565,0.0572,0.0072
631,0.0051,0.0633,0.0584,0.0028
632,0.0094,0.0525,0.0419,0.0330
633,0.0082,0.0516,0.0468,0.0269
634,0.0101,0.0558,0.0466,0.0324
635,0.0055,0.0327,0.0403,0.0038
636,0.0101,0.0558,0.0466,0.0324
637,0.0101,0.0558,0.0466,0.0324
638,0.0101,0.0558,0.0466,0.0324
639,0.0101,0.0558,0.0466,0.0324
640,0.0101,0.0558,0.0466,0.0324
641,0.0065,0.0383,0.0494,0.0032
642,0.0065,0.0383,0.0494,0.0032
643,0.0080,0.0373,0.0555,0.0077
644,0.0067,0.0371,0.0473,0.0032
645,0.0096,0.0570,0.0681,0.0055
646,0.0055,0.0327,0.0403,0.0038
647,0.0064,0.0370,0.0538,0.0079
648,0.0082,0.0512,0.0589,0.0031
649,0.0086,0.0573,0.0638,0.0032
650,0.0064,0.0454,0.0599,0.0078
651,0.0082,0.0661,0.0744,0.0042
652,0.0062,0.0616,0.0674,0.0041
653,0.0056,0.0585,0.0713,0.0086
654,0.0058,0.0628,0.0691,0.0061
655,0.0062,0.0636,0.0704,0.0078
656,0.0099,0.0620,0.0718,0.0055
657,0.0052,0.0439,0.0515,0.0062
658,0.0121,0.0819,0.1188,0.0770
659,0.0133,0.0772,0.1189,0.0679
660,0.0102,0.0539,0.1002,0.0644
661,0.0115,0.0587,0.1160,0.0530
662,0.0076,0.0567,0.1213,0.0430
663,0.0063,0.0383,0.0938,0.0433
664,0.0060,0.0354,0.0932,0.0332
665,0.0057,0.0347,0.0802,0.0243
666,0.0055,0.0312,0.0725,0.0226
667,0.0088,0.0463,0.0545,0.0042
668,0.0117,0.0842,0.1204,0.0680
669,0.0055,0.0327,0.0403,0.0038
670,0.0082,0.0512,0.0589,0.0031
671,0.0073,0.0393,0.0541,0.0033
672,0.0056,0.0356,0.0650,0.0094
673,0.0059,0.0357,0.0817,0.0150
674,0.0075,0.0626,0.1277,0.0284
675,0.0066,0.0410,0.1089,0.0264
676,0.0072,0.0505,0.1173,0.0330
677,0.0073,0.0430,0.0992,0.0325
678,0.0096,0.0759,0.1232,0.0482
679,0.0079,0.0696,0.1370,0.0622
680,0.0055,0.0327,0.0403,0.0038
681,0.0126,0.0845,0.1044,0.0581
682,0.0086,0.0573,0.0638,0.0032
683,0.0065,0.0383,0.0494,0.0032
684,0.0080,0.0373,0.0555,0.0077
685,0.0086,0.0479,0.0609,0.0053
686,0.0065,0.0383,0.0494,0.0032
687,0.0080,0.0373,0.0555,0.0077
688,0.0065,0.0383,0.0494,0.0032
689,0.0065,0.0383,0.0494,0.0032
690,0.0086,0.0479,0.0609,0.0053
691,0.0055,0.0327,0.0403,0.0038
692,0.0065,0.0383,0.0494,0.0032
693,0.0065,0.0383,0.0494,0.0032
694,0.0064,0.0454,0.0599,0.0078
695,0.0065,0.0383,0.0494,0.0032
696,0.0086,0.0479,0.0609,0.0053
697,0.0080,0.0373,0.0555,0.0077
698,0.0065,0.0383,0.0494,0.0032
699,0.0065,0.0383,0.0494,0.0032
700,0.0080,0.0373,0.0555,0.0077
701,0.0086,0.0479,0.0609,0.0053
702,0.0060,0.0532,0.0564,0.0039
703,0.0065,0.0383,0.0494,0.0032
704,0.0080,0.0373,0.0555,0.0077
705,0.0065,0.0383,0.0494,0.0032
706,0.0070,0.0613,0.0670,0.0036
707,0.0086,0.0479,0.0609,0.0053
708,0.0065,0.0383,0.0494,0.0032
709,0.0065,0.0383,0.0494,0.0032
710,0.0080,0.0373,0.0555,0.0077
711,0.0065,0.0383,0.0494,0.0032
712,0.0086,0.0479,0.0609,0.0053
713,0.0052,0.0439,0.0515,0.0062
714,0.0080,0.0373,0.0555,0.0077
715,0.0065,0.0383,0.0494,0.0032
716,0.0065,0.0383,0.0494,0.0032
717,0.0080,0.0373,0.0555,0.0077
718,0.0080,0.0672,0.0752,0.0051
719,0.0065,0.0383,0.0494,0.0032
720,0.0080,0.0373,0.0555,0.0077
721,0.0065,0.0383,0.0494,0.0032
722,0.0065,0.0383,0.0494,0.0032
723,0.0086,0.0479,0.0609,0.0053
724,0.0055,0.0327,0.0403,0.0038
725,0.0133,0.0305,0.0447,0.0046
726,0.0099,0.0301,0.0466,0.0039
727,0.0129,0.0290,0.0424,0.0071
728,0.0060,0.0327,0.0514,0.0031
729,0.0082,0.0661,0.0744,0.0042
730,0.0056,0.0585,0.0713,0.0086
731,0.0066,0.0373,0.0552,0.0029
732,0.0072,0.0388,0.0553,0.0030
733,0.0066,0.0327,0.0532,0.0073
734,0.0067,0.0386,0.0534,0.0049
735,0.0055,0.0327,0.0403,0.0038
736,0.0070,0.0391,0.0512,0.0032
737,0.0074,0.0371,0.0545,0.0077
738,0.0076,0.0410,0.0504,0.0031
739,0.0082,0.0512,0.0589,0.0031
740,0.0092,0.0650,0.0737,0.0045
741,0.0081,0.0606,0.0664,0.0034
742,0.0058,0.0628,0.0691,0.0061
743,0.0062,0.0538,0.0667,0.0079
744,0.0062,0.0616,0.0674,0.0041
745,0.0077,0.0688,0.0766,0.0064
746,0.0055,0.0327,0.0403,0.0038
747,0.0066,0.0573,0.0709,0.0093
748,0.0062,0.0636,0.0704,0.0078
749,0.0121,0.0819,0.1188,0.0770
750,0.0104,0.0669,0.1020,0.0740
751,0.0106,0.0664,0.1328,0.0567
752,0.0106,0.0664,0.1328,0.0567
753,0.0106,0.0664,0.1328,0.0567
754,0.0106,0.0664,0.1328,0.0567
755,0.0106,0.0664,0.1328,0.0567
756,0.0106,0.0664,0.1328,0.0567
757,0.0055,0.0327,0.0403,0.0038
758,0.0066,0.0295,0.0369,0.0028
759,0.0066,0.0295,0.0369,0.0028
760,0.0083,0.0275,0.0406,0.0057
761,0.0069,0.0291,0.0357,0.0028
762,0.0099,0.0461,0.0536,0.0055
763,0.0067,0.0277,0.0396,0.0059
764,0.0086,0.0408,0.0459,0.0029
765,0.0089,0.0457,0.0498,0.0031
766,0.0066,0.0364,0.0465,0.0060
767,0.0084,0.0532,0.0589,0.0042
768,0.0052,0.0439,0.0515,0.0062
769,0.0062,0.0489,0.0529,0.0033
770,0.0053,0.0459,0.0553,0.0066
771,0.0055,0.0504,0.0546,0.0048
772,0.0058,0.0511,0.0556,0.0062
773,0.0102,0.0498,0.0564,0.0055
774,0.0115,0.0666,0.0961,0.0623
775,0.0130,0.0630,0.0961,0.0549
776,0.0100,0.0446,0.0796,0.0510
777,0.0118,0.0487,0.0938,0.0429
778,0.0077,0.0469,0.0991,0.0350
779,0.0108,0.0774,0.1195,0.0599
780,0.0055,0.0327,0.0403,0.0038
781,0.0064,0.0364,0.0742,0.0341
782,0.0058,0.0299,0.0741,0.0264
783,0.0056,0.0286,0.0626,0.0189
784,0.0056,0.0251,0.0551,0.0174
785,0.0091,0.0374,0.0427,0.0041
786,0.0086,0.0408,0.0459,0.0029
787,0.0076,0.0288,0.0394,0.0029
788,0.0056,0.0277,0.0493,0.0082
789,0.0058,0.0276,0.0633,0.0126
790,0.0077,0.0508,0.1041,0.0247
791,0.0055,0.0327,0.0403,0.0038
792,0.0067,0.0322,0.0873,0.0220
793,0.0073,0.0401,0.0944,0.0276
794,0.0074,0.0334,0.0783,0.0261
795,0.0097,0.0624,0.0995,0.0398
796,0.0079,0.0569,0.1124,0.0523
797,0.0128,0.0724,0.0831,0.0471
798,0.0089,0.0457,0.0498,0.0031
799,0.0066,0.0295,0.0369,0.0028
800,0.0083,0.0275,0.0406,0.0057
801,0.0089,0.0388,0.0476,0.0053
802,0.0055,0.0327,0.0403,0.0038
803,0.0066,0.0295,0.0369,0.0028
804,0.0083,0.0275,0.0406,0.0057
805,0.0066,0.0295,0.0369,0.0028
806,0.0066,0.0295,0.0369,0.0028
807,0.0089,0.0388,0.0476,0.0053
808,0.0066,0.0295,0.0369,0.0028
809,0.0066,0.0295,0.0369,0.0028
810,0.0066,0.0364,0.0465,0.0060
811,0.0066,0.0295,0.0369,0.0028
812,0.0089,0.0388,0.0476,0.0053
813,0.0055,0.0327,0.0403,0.0038
814,0.0083,0.0275,0.0406,0.0057
815,0.0066,0.0295,0.0369,0.0028
816,0.0066,0.0295,0.0369,0.0028
817,0.0083,0.0275,0.0406,0.0057
818,0.0089,0.0388,0.0476,0.0053
819,0.0066,0.0295,0.0369,0.0028
820,0.0083,0.0275,0.0406,0.0057
821,0.0066,0.0295,0.0369,0.0028
822,0.0072,0.0484,0.0523,0.0032
823,0.0089,0.0388,0.0476,0.0053
824,0.0061,0.0597,0.0662,0.0063
825,0.0066,0.0295,0.0369,0.0028
826,0.0066,0.0295,0.0369,0.0028
827,0.0083,0.0275,0.0406,0.0057
828,0.0066,0.0295,0.0369,0.0028
829,0.0089,0.0388,0.0476,0.0053
830,0.0083,0.0275,0.0406,0.0057
831,0.0066,0.0295,0.0369,0.0028
832,0.0066,0.0295,0.0369,0.0028
833,0.0083,0.0275,0.0406,0.0057
834,0.0080,0.0535,0.0591,0.0049
835,0.0055,0.0327,0.0403,0.0038
836,0.0066,0.0295,0.0369,0.0028
837,0.0083,0.0275,0.0406,0.0057
838,0.0066,0.0295,0.0369,0.0028
839,0.0066,0.0295,0.0369,0.0028
840,0.0089,0.0388,0.0476,0.0053
841,0.0132,0.0291,0.0354,0.0051
842,0.0099,0.0264,0.0355,0.0043
843,0.0128,0.0295,0.0343,0.0065
844,0.0061,0.0256,0.0384,0.0032
845,0.0084,0.0532,0.0589,0.0042
846,0.0055,0.0327,0.0403,0.0038
847,0.0053,0.0459,0.0553,0.0066
848,0.0068,0.0279,0.0410,0.0027
849,0.0074,0.0290,0.0411,0.0026
850,0.0068,0.0239,0.0385,0.0055
851,0.0068,0.0311,0.0408,0.0050
852,0.0072,0.0296,0.0377,0.0027
853,0.0076,0.0272,0.0396,0.0057
854,0.0078,0.0323,0.0386,0.0028
855,0.0086,0.0408,0.0459,0.0029
856,0.0095,0.0518,0.0577,0.0046
857,0.0055,0.0327,0.0403,0.0038
858,0.0083,0.0473,0.0511,0.0032
859,0.0055,0.0504,0.0546,0.0048
860,0.0064,0.0427,0.0518,0.0060
861,0.0062,0.0489,0.0529,0.0033
862,0.0078,0.0552,0.0607,0.0061
863,0.0062,0.0453,0.0552,0.0070
864,0.0058,0.0511,0.0556,0.0062
865,0.0115,0.0666,0.0961,0.0623
866,0.0099,0.0537,0.0809,0.0586
867,0.0107,0.0550,0.1091,0.0467
868,0.0055,0.0327,0.0403,0.0038
869,0.0107,0.0550,0.1091,0.0467
870,0.0107,0.0550,0.1091,0.0467
871,0.0107,0.0550,0.1091,0.0467
872,0.0107,0.0550,0.1091,0.0467
873,0.0107,0.0550,0.1091,0.0467
874,0.0071,0.0236,0.0262,0.0033
875,0.0071,0.0236,0.0262,0.0033
876,0.0088,0.0161,0.0194,0.0042
877,0.0074,0.0222,0.0249,0.0033
878,0.0107,0.0249,0.0273,0.0050
879,0.0052,0.0439,0.0515,0.0062
880,0.0072,0.0201,0.0231,0.0044
881,0.0094,0.0214,0.0238,0.0035
882,0.0096,0.0237,0.0254,0.0038
883,0.0072,0.0193,0.0230,0.0042
884,0.0088,0.0306,0.0320,0.0042
885,0.0064,0.0276,0.0291,0.0030
886,0.0052,0.0252,0.0285,0.0044
887,0.0052,0.0319,0.0319,0.0027
888,0.0052,0.0338,0.0328,0.0035
889,0.0110,0.0271,0.0290,0.0050
890,0.0088,0.0673,0.1173,0.0530
891,0.0149,0.0260,0.0479,0.0039
892,0.0103,0.0427,0.0547,0.0370
893,0.0121,0.0394,0.0549,0.0342
894,0.0094,0.0337,0.0455,0.0285
895,0.0119,0.0312,0.0543,0.0278
896,0.0079,0.0315,0.0588,0.0213
897,0.0066,0.0432,0.0453,0.0198
898,0.0058,0.0289,0.0428,0.0142
899,0.0055,0.0283,0.0370,0.0098
900,0.0060,0.0257,0.0310,0.0082
901,0.0099,0.0229,0.0253,0.0045
902,0.0118,0.0290,0.0512,0.0038
903,0.0094,0.0214,0.0238,0.0035
904,0.0080,0.0151,0.0182,0.0033
905,0.0058,0.0220,0.0276,0.0056
906,0.0060,0.0222,0.0351,0.0079
907,0.0082,0.0278,0.0600,0.0199
908,0.0070,0.0211,0.0494,0.0155
909,0.0077,0.0238,0.0540,0.0201
910,0.0075,0.0228,0.0460,0.0154
911,0.0099,0.0369,0.0576,0.0263
912,0.0079,0.0418,0.0680,0.0371
913,0.0093,0.0318,0.0537,0.0038
914,0.0130,0.0474,0.0498,0.0256
915,0.0096,0.0237,0.0254,0.0038
916,0.0071,0.0236,0.0262,0.0033
917,0.0088,0.0161,0.0194,0.0042
918,0.0096,0.0219,0.0247,0.0048
919,0.0071,0.0236,0.0262,0.0033
920,0.0088,0.0161,0.0194,0.0042
921,0.0071,0.0236,0.0262,0.0033
922,0.0071,0.0236,0.0262,0.0033
923,0.0096,0.0219,0.0247,0.0048
924,0.0077,0.0352,0.0562,0.0039
925,0.0071,0.0236,0.0262,0.0033
926,0.0071,0.0236,0.0262,0.0033
927,0.0072,0.0193,0.0230,0.0042
928,0.0071,0.0236,0.0262,0.0033
929,0.0096,0.0219,0.0247,0.0048
930,0.0088,0.0161,0.0194,0.0042
931,0.0071,0.0236,0.0262,0.0033
932,0.0071,0.0236,0.0262,0.0033
933,0.0088,0.0161,0.0194,0.0042
934,0.0096,0.0219,0.0247,0.0048
935,0.0061,0.0589,0.0648,0.0056
936,0.0071,0.0236,0.0262,0.0033
937,0.0088,0.0161,0.0194,0.0042
938,0.0071,0.0236,0.0262,0.0033
939,0.0077,0.0261,0.0278,0.0035
940,0.0096,0.0219,0.0247,0.0048
941,0.0071,0.0236,0.0262,0.0033
942,0.0071,0.0236,0.0262,0.0033
943,0.0088,0.0161,0.0194,0.0042
944,0.0071,0.0236,0.0262,0.0033
945,0.0096,0.0219,0.0247,0.0048
946,0.0056,0.0529,0.0573,0.0046
947,0.0088,0.0161,0.0194,0.0042
948,0.0071,0.0236,0.0262,0.0033
949,0.0071,0.0236,0.0262,0.0033
950,0.0088,0.0161,0.0194,0.0042
951,0.0084,0.0320,0.0328,0.0047
952,0.0071,0.0236,0.0262,0.0033
953,0.0088,0.0161,0.0194,0.0042
954,0.0071,0.0236,0.0262,0.0033
955,0.0071,0.0236,0.0262,0.0033
956,0.0096,0.0219,0.0247,0.0048
957,0.0066,0.0394,0.0571,0.0041
958,0.0131,0.0348,0.0339,0.0062
959,0.0097,0.0297,0.0289,0.0054
960,0.0126,0.0379,0.0373,0.0078
961,0.0062,0.0214,0.0225,0.0042
962,0.0088,0.0306,0.0320,0.0042
963,0.0052,0.0252,0.0285,0.0044
964,0.0071,0.0174,0.0208,0.0034
965,0.0078,0.0169,0.0202,0.0032
966,0.0073,0.0169,0.0192,0.0047
967,0.0071,0.0263,0.0283,0.0047
968,0.0067,0.0402,0.0558,0.0041
969,0.0078,0.0208,0.0233,0.0031
970,0.0082,0.0176,0.0205,0.0043
971,0.0086,0.0194,0.0224,0.0033
972,0.0094,0.0214,0.0238,0.0035
973,0.0100,0.0281,0.0298,0.0044
974,0.0090,0.0247,0.0262,0.0038
975,0.0052,0.0319,0.0319,0.0027
976,0.0069,0.0221,0.0254,0.0044
977,0.0064,0.0276,0.0291,0.0030
978,0.0081,0.0330,0.0333,0.0056
979,0.0067,0.0396,0.0529,0.0041
980,0.0056,0.0273,0.0302,0.0043
981,0.0052,0.0338,0.0328,0.0035
982,0.0103,0.0427,0.0547,0.0370
983,0.0089,0.0350,0.0449,0.0311
984,0.0107,0.0382,0.0654,0.0318
985,0.0107,0.0382,0.0654,0.0318
986,0.0107,0.0382,0.0654,0.0318
987,0.0107,0.0382,0.0654,0.0318
988,0.0107,0.0382,0.0654,0.0318
989,0.0107,0.0382,0.0654,0.0318
990,0.0045,0.0335,0.0429,0.0059
991,0.0076,0.0330,0.0378,0.0040
992,0.0076,0.0330,0.0378,0.0040
993,0.0091,0.0255,0.0293,0.0058
994,0.0080,0.0312,0.0362,0.0040
995,0.0112,0.0196,0.0231,0.0045
996,0.0076,0.0304,0.0346,0.0059
997,0.0099,0.0207,0.0256,0.0042
998,0.0102,0.0192,0.0236,0.0045
999,0.0077,0.0214,0.0259,0.0054
1000,0.0092,0.0283,0.0282,0.0042
1001,0.0063,0.0652,0.1226,0.0432
1002,0.0059,0.0352,0.0442,0.0040
1003,0.0067,0.0281,0.0300,0.0036
1004,0.0053,0.0251,0.0277,0.0053
1005,0.0051,0.0352,0.0335,0.0024
1006,0.0050,0.0372,0.0335,0.0024
1007,0.0116,0.0194,0.0223,0.0044
1008,0.0093,0.0390,0.0386,0.0298
1009,0.0114,0.0335,0.0400,0.0309
1010,0.0089,0.0403,0.0425,0.0251
1011,0.0119,0.0301,0.0425,0.0267
1012,0.0080,0.0318,0.0430,0.0168
1013,0.0054,0.0327,0.0392,0.0038
1014,0.0067,0.0551,0.0481,0.0195
1015,0.0060,0.0379,0.0406,0.0100
1016,0.0056,0.0376,0.0398,0.0072
1017,0.0062,0.0377,0.0386,0.0067
1018,0.0104,0.0251,0.0300,0.0050
1019,0.0099,0.0207,0.0256,0.0042
1020,0.0084,0.0231,0.0266,0.0039
1021,0.0062,0.0307,0.0347,0.0037
1022,0.0065,0.0301,0.0364,0.0057
1023,0.0086,0.0182,0.0387,0.0205
1024,0.0059,0.0373,0.0428,0.0038
1025,0.0073,0.0261,0.0396,0.0154
1026,0.0079,0.0226,0.0412,0.0205
1027,0.0076,0.0306,0.0465,0.0140
1028,0.0098,0.0241,0.0442,0.0243
1029,0.0079,0.0466,0.0497,0.0351
1030,0.0130,0.0328,0.0492,0.0148
1031,0.0102,0.0192,0.0236,0.0045
1032,0.0076,0.0330,0.0378,0.0040
1033,0.0091,0.0255,0.0293,0.0058
1034,0.0102,0.0219,0.0258,0.0043
1035,0.0064,0.0453,0.0495,0.0038
1036,0.0076,0.0330,0.0378,0.0040
1037,0.0091,0.0255,0.0293,0.0058
1038,0.0076,0.0330,0.0378,0.0040
1039,0.0076,0.0330,0.0378,0.0040
1040,0.0102,0.0219,0.0258,0.0043
1041,0.0076,0.0330,0.0378,0.0040
1042,0.0076,0.0330,0.0378,0.0040
1043,0.0077,0.0214,0.0259,0.0054
1044,0.0076,0.0330,0.0378,0.0040
1045,0.0102,0.0219,0.0258,0.0043
1046,0.0065,0.0580,0.0633,0.0058
1047,0.0091,0.0255,0.0293,0.0058
1048,0.0076,0.0330,0.0378,0.0040
1049,0.0076,0.0330,0.0378,0.0040
1050,0.0091,0.0255,0.0293,0.0058
1051,0.0102,0.0219,0.0258,0.0043
1052,0.0076,0.0330,0.0378,0.0040
1053,0.0091,0.0255,0.0293,0.0058
1054,0.0076,0.0330,0.0378,0.0040
1055,0.0081,0.0239,0.0270,0.0041
1056,0.0102,0.0219,0.0258,0.0043
1057,0.0065,0.0529,0.0560,0.0039
1058,0.0076,0.0330,0.0378,0.0040
1059,0.0076,0.0330,0.0378,0.0040
1060,0.0091,0.0255,0.0293,0.0058
1061,0.0076,0.0330,0.0378,0.0040
1062,0.0102,0.0219,0.0258,0.0043
1063,0.0091,0.0255,0.0293,0.0058
1064,0.0076,0.0330,0.0378,0.0040
1065,0.0076,0.0330,0.0378,0.0040
1066,0.0091,0.0255,0.0293,0.0058
1067,0.0088,0.0302,0.0287,0.0047
1068,0.0059,0.0532,0.0585,0.0056
1069,0.0076,0.0330,0.0378,0.0040
1070,0.0091,0.0255,0.0293,0.0058
1071,0.0076,0.0330,0.0378,0.0040
1072,0.0076,0.0330,0.0378,0.0040
1073,0.0102,0.0219,0.0258,0.0043
1074,0.0130,0.0446,0.0478,0.0070
1075,0.0097,0.0397,0.0421,0.0063
1076,0.0125,0.0483,0.0531,0.0098
1077,0.0062,0.0307,0.0326,0.0050
1078,0.0092,0.0283,0.0282,0.0042
1079,0.0060,0.0532,0.0564,0.0039
1080,0.0053,0.0251,0.0277,0.0053
1081,0.0073,0.0251,0.0278,0.0042
1082,0.0081,0.0242,0.0272,0.0039
1083,0.0075,0.0267,0.0297,0.0065
1084,0.0076,0.0340,0.0378,0.0042
1085,0.0081,0.0301,0.0344,0.0039
1086,0.0085,0.0278,0.0317,0.0058
1087,0.0093,0.0241,0.0293,0.0039
1088,0.0099,0.0207,0.0256,0.0042
1089,0.0105,0.0229,0.0248,0.0040
1090,0.0056,0.0528,0.0566,0.0041
1091,0.0095,0.0203,0.0241,0.0045
1092,0.0051,0.0352,0.0335,0.0024
1093,0.0073,0.0207,0.0246,0.0056
1094,0.0067,0.0281,0.0300,0.0036
1095,0.0084,0.0314,0.0284,0.0055
1096,0.0053,0.0305,0.0314,0.0048
1097,0.0050,0.0372,0.0335,0.0024
1098,0.0093,0.0390,0.0386,0.0298
1099,0.0081,0.0374,0.0394,0.0229
1100,0.0107,0.0383,0.0458,0.0297
1101,0.0060,0.0612,0.0684,0.0073
1102,0.0107,0.0383,0.0458,0.0297
1103,0.0107,0.0383,0.0458,0.0297
1104,0.0107,0.0383,0.0458,0.0297
1105,0.0107,0.0383,0.0458,0.0297
1106,0.0107,0.0383,0.0458,0.0297
1107,0.0077,0.0395,0.0458,0.0043
1108,0.0077,0.0395,0.0458,0.0043
1109,0.0093,0.0315,0.0374,0.0067
1110,0.0083,0.0361,0.0424,0.0042
1111,0.0114,0.0235,0.0285,0.0041
1112,0.0054,0.0431,0.0538,0.0045
1113,0.0060,0.0467,0.1048,0.0406
1114,0.0059,0.0532,0.0585,0.0056
1115,0.0077,0.0372,0.0433,0.0068
1116,0.0101,0.0262,0.0323,0.0044
1117,0.0104,0.0235,0.0290,0.0047
1118,0.0079,0.0274,0.0335,0.0061
1119,0.0094,0.0333,0.0336,0.0042
1120,0.0069,0.0338,0.0362,0.0039
1121,0.0053,0.0306,0.0342,0.0061
1122,0.0052,0.0409,0.0394,0.0025
1123,0.0049,0.0434,0.0396,0.0023
1124,0.0118,0.0223,0.0268,0.0042
1125,0.0065,0.0538,0.0601,0.0070
1126,0.0090,0.0431,0.0414,0.0323
1127,0.0110,0.0364,0.0431,0.0340
1128,0.0086,0.0470,0.0497,0.0290
1129,0.0119,0.0340,0.0467,0.0295
1130,0.0081,0.0351,0.0448,0.0176
1131,0.0069,0.0608,0.0562,0.0227
1132,0.0061,0.0426,0.0470,0.0109
1133,0.0057,0.0430,0.0471,0.0082
1134,0.0063,0.0435,0.0473,0.0085
1135,0.0106,0.0307,0.0369,0.0052
1136,0.0116,0.0714,0.0971,0.0622
1137,0.0101,0.0262,0.0323,0.0044
1138,0.0085,0.0293,0.0344,0.0042
1139,0.0064,0.0366,0.0426,0.0033
1140,0.0067,0.0358,0.0438,0.0058
1141,0.0087,0.0202,0.0387,0.0220
1142,0.0075,0.0308,0.0445,0.0169
1143,0.0080,0.0270,0.0452,0.0225
1144,0.0076,0.0363,0.0544,0.0160
1145,0.0098,0.0241,0.0480,0.0266
1146,0.0079,0.0527,0.0506,0.0375
1147,0.0113,0.0694,0.0971,0.0546
1148,0.0129,0.0301,0.0569,0.0155
1149,0.0104,0.0235,0.0290,0.0047
1150,0.0077,0.0395,0.0458,0.0043
1151,0.0093,0.0315,0.0374,0.0067
1152,0.0104,0.0273,0.0327,0.0041
1153,0.0077,0.0395,0.0458,0.0043
1154,0.0093,0.0315,0.0374,0.0067
1155,0.0077,0.0395,0.0458,0.0043
1156,0.0077,0.0395,0.0458,0.0043
1157,0.0104,0.0273,0.0327,0.0041
1158,0.0078,0.0606,0.1103,0.0464
1159,0.0077,0.0395,0.0458,0.0043
1160,0.0077,0.0395,0.0458,0.0043
1161,0.0079,0.0274,0.0335,0.0061
1162,0.0077,0.0395,0.0458,0.0043
1163,0.0104,0.0273,0.0327,0.0041
1164,0.0093,0.0315,0.0374,0.0067
1165,0.0077,0.0395,0.0458,0.0043
1166,0.0077,0.0395,0.0458,0.0043
1167,0.0093,0.0315,0.0374,0.0067
1168,0.0104,0.0273,0.0327,0.0041
1169,0.0078,0.0606,0.1103,0.0464
1170,0.0077,0.0395,0.0458,0.0043
1171,0.0093,0.0315,0.0374,0.0067
1172,0.0077,0.0395,0.0458,0.0043
1173,0.0083,0.0294,0.0333,0.0044
1174,0.0104,0.0273,0.0327,0.0041
1175,0.0077,0.0395,0.0458,0.0043
1176,0.0077,0.0395,0.0458,0.0043
1177,0.0093,0.0315,0.0374,0.0067
1178,0.0077,0.0395,0.0458,0.0043
1179,0.0104,0.0273,0.0327,0.0041
1180,0.0078,0.0606,0.1103,0.0464
1181,0.0093,0.0315,0.0374,0.0067
1182,0.0077,0.0395,0.0458,0.0043
1183,0.0077,0.0395,0.0458,0.0043
1184,0.0093,0.0315,0.0374,0.0067
1185,0.0090,0.0350,0.0337,0.0047
1186,0.0077,0.0395,0.0458,0.0043
1187,0.0093,0.0315,0.0374,0.0067
1188,0.0077,0.0395,0.0458,0.0043
1189,0.0077,0.0395,0.0458,0.0043
1190,0.0104,0.0273,0.0327,0.0041
1191,0.0078,0.0606,0.1103,0.0464
1192,0.0130,0.0493,0.0552,0.0072
1193,0.0097,0.0447,0.0496,0.0065
1194,0.0125,0.0533,0.0612,0.0108
1195,0.0062,0.0363,0.0403,0.0053
1196,0.0094,0.0333,0.0336,0.0042
1197,0.0053,0.0306,0.0342,0.0061
1198,0.0074,0.0309,0.0353,0.0045
1199,0.0083,0.0296,0.0342,0.0042
1200,0.0076,0.0327,0.0381,0.0074
1201,0.0079,0.0392,0.0448,0.0040
1202,0.0078,0.0606,0.1103,0.0464
1203,0.0083,0.0360,0.0419,0.0042
1204,0.0088,0.0333,0.0394,0.0066
1205,0.0095,0.0300,0.0365,0.0042
1206,0.0101,0.0262,0.0323,0.0044
1207,0.0107,0.0277,0.0306,0.0039
1208,0.0097,0.0250,0.0298,0.0047
1209,0.0052,0.0409,0.0394,0.0025
1210,0.0074,0.0258,0.0313,0.0062
1211,0.0069,0.0338,0.0362,0.0039
1212,0.0086,0.0365,0.0333,0.0055
1213,0.0078,0.0606,0.1103,0.0464
1214,0.0053,0.0368,0.0385,0.0055
1215,0.0049,0.0434,0.0396,0.0023
1216,0.0090,0.0431,0.0414,0.0323
1217,0.0078,0.0430,0.0461,0.0262
1218,0.0107,0.0423,0.0461,0.0318
1219,0.0107,0.0423,0.0461,0.0318
1220,0.0107,0.0423,0.0461,0.0318
1221,0.0107,0.0423,0.0461,0.0318
1222,0.0107,0.0423,0.0461,0.0318
1223,0.0107,0.0423,0.0461,0.0318
1224,0.0067,0.0424,0.0943,0.0336
1225,0.0059,0.0219,0.0267,0.0038
1226,0.0059,0.0219,0.0267,0.0038
1227,0.0059,0.0219,0.0267,0.0038
1228,0.0058,0.0222,0.0264,0.0039
1229,0.0069,0.0305,0.0319,0.0061
1230,0.0064,0.0232,0.0267,0.0040
1231,0.0071,0.0261,0.0285,0.0041
1232,0.0073,0.0290,0.0308,0.0044
1233,0.0070,0.0306,0.0322,0.0044
1234,0.0065,0.0344,0.0369,0.0056
1235,0.0064,0.0412,0.0813,0.0246
1236,0.0057,0.0297,0.0318,0.0038
1237,0.0055,0.0299,0.0323,0.0037
1238,0.0057,0.0302,0.0329,0.0039
1239,0.0061,0.0309,0.0339,0.0047
1240,0.0074,0.0332,0.0342,0.0061
1241,0.0106,0.0450,0.0540,0.0358
1242,0.0104,0.0445,0.0542,0.0329
1243,0.0102,0.0421,0.0540,0.0300
1244,0.0090,0.0382,0.0531,0.0265
1245,0.0062,0.0387,0.0573,0.0208
1246,0.0053,0.0412,0.0667,0.0153
1247,0.0061,0.0312,0.0458,0.0179
1248,0.0063,0.0298,0.0394,0.0138
1249,0.0061,0.0279,0.0326,0.0095
1250,0.0054,0.0252,0.0271,0.0060
1251,0.0062,0.0266,0.0300,0.0053
1252,0.0071,0.0261,0.0285,0.0041
1253,0.0058,0.0216,0.0244,0.0045
1254,0.0060,0.0224,0.0234,0.0062
1255,0.0065,0.0231,0.0299,0.0083
1256,0.0061,0.0314,0.0580,0.0191
1257,0.0051,0.0518,0.0592,0.0054
1258,0.0079,0.0229,0.0466,0.0151
1259,0.0088,0.0244,0.0519,0.0192
1260,0.0096,0.0289,0.0547,0.0226
1261,0.0103,0.0347,0.0558,0.0252
1262,0.0107,0.0373,0.0666,0.0356
1263,0.0114,0.0395,0.0562,0.0312
1264,0.0073,0.0290,0.0308,0.0044
1265,0.0059,0.0219,0.0267,0.0038
1266,0.0059,0.0219,0.0267,0.0038
1267,0.0059,0.0274,0.0292,0.0059
1268,0.0062,0.0564,0.0630,0.0040
1269,0.0059,0.0219,0.0267,0.0038
1270,0.0059,0.0219,0.0267,0.0038
1271,0.0059,0.0219,0.0267,0.0038
1272,0.0059,0.0219,0.0267,0.0038
1273,0.0059,0.0274,0.0292,0.0059
1274,0.0059,0.0219,0.0267,0.0038
1275,0.0059,0.0219,0.0267,0.0038
1276,0.0070,0.0306,0.0322,0.0044
1277,0.0059,0.0219,0.0267,0.0038
1278,0.0059,0.0274,0.0292,0.0059
1279,0.0056,0.0419,0.0571,0.0047
1280,0.0059,0.0219,0.0267,0.0038
1281,0.0059,0.0219,0.0267,0.0038
1282,0.0059,0.0219,0.0267,0.0038
1283,0.0059,0.0219,0.0267,0.0038
1284,0.0059,0.0274,0.0292,0.0059
1285,0.0059,0.0219,0.0267,0.0038
1286,0.0059,0.0219,0.0267,0.0038
1287,0.0059,0.0219,0.0267,0.0038
1288,0.0063,0.0302,0.0321,0.0042
1289,0.0059,0.0274,0.0292,0.0059
1290,0.0062,0.0398,0.0668,0.0096
1291,0.0059,0.0219,0.0267,0.0038
1292,0.0059,0.0219,0.0267,0.0038
1293,0.0059,0.0219,0.0267,0.0038
1294,0.0059,0.0219,0.0267,0.0038
1295,0.0059,0.0274,0.0292,0.0059
1296,0.0059,0.0219,0.0267,0.0038
1297,0.0059,0.0219,0.0267,0.0038
1298,0.0059,0.0219,0.0267,0.0038
1299,0.0059,0.0219,0.0267,0.0038
1300,0.0065,0.0349,0.0382,0.0061
1301,0.0068,0.0391,0.0824,0.0151
1302,0.0059,0.0219,0.0267,0.0038
1303,0.0059,0.0219,0.0267,0.0038
1304,0.0059,0.0219,0.0267,0.0038
1305,0.0059,0.0219,0.0267,0.0038
1306,0.0059,0.0274,0.0292,0.0059
1307,0.0149,0.0193,0.0321,0.0045
1308,0.0117,0.0186,0.0332,0.0043
1309,0.0093,0.0189,0.0344,0.0041
1310,0.0077,0.0199,0.0355,0.0040
1311,0.0065,0.0344,0.0369,0.0056
1312,0.0059,0.0645,0.1286,0.0282
1313,0.0055,0.0299,0.0323,0.0037
1314,0.0070,0.0222,0.0356,0.0038
1315,0.0070,0.0226,0.0344,0.0038
1316,0.0071,0.0223,0.0319,0.0038
1317,0.0046,0.0254,0.0274,0.0058
1318,0.0064,0.0211,0.0270,0.0038
1319,0.0058,0.0222,0.0264,0.0039
1320,0.0064,0.0232,0.0267,0.0040
1321,0.0071,0.0261,0.0285,0.0041
1322,0.0071,0.0340,0.0355,0.0056
1323,0.0053,0.0421,0.0516,0.0044
1324,0.0081,0.0427,0.1097,0.0263
1325,0.0070,0.0306,0.0322,0.0044
1326,0.0057,0.0302,0.0329,0.0039
1327,0.0063,0.0302,0.0321,0.0042
1328,0.0057,0.0297,0.0318,0.0038
1329,0.0063,0.0353,0.0396,0.0069
1330,0.0057,0.0302,0.0329,0.0039
1331,0.0061,0.0309,0.0339,0.0047
1332,0.0106,0.0450,0.0540,0.0358
1333,0.0104,0.0445,0.0542,0.0329
1334,0.0077,0.0420,0.0650,0.0308
1335,0.0088,0.0507,0.1181,0.0329
1336,0.0077,0.0420,0.0650,0.0308
1337,0.0077,0.0420,0.0650,0.0308
1338,0.0077,0.0420,0.0650,0.0308
1339,0.0077,0.0420,0.0650,0.0308
1340,0.0077,0.0420,0.0650,0.0308
1341,0.0062,0.0306,0.0379,0.0044
1342,0.0062,0.0306,0.0379,0.0044
1343,0.0062,0.0306,0.0379,0.0044
1344,0.0062,0.0303,0.0373,0.0044
1345,0.0073,0.0266,0.0294,0.0057
1346,0.0094,0.0625,0.1226,0.0402
1347,0.0070,0.0271,0.0337,0.0045
1348,0.0075,0.0256,0.0315,0.0047
1349,0.0078,0.0255,0.0304,0.0050
1350,0.0074,0.0261,0.0305,0.0050
1351,0.0068,0.0299,0.0312,0.0056
1352,0.0059,0.0289,0.0320,0.0044
1353,0.0056,0.0300,0.0321,0.0039
1354,0.0056,0.0315,0.0325,0.0037
1355,0.0058,0.0322,0.0322,0.0039
1356,0.0079,0.0270,0.0291,0.0057
1357,0.0102,0.0738,0.1241,0.0483
1358,0.0099,0.0397,0.0358,0.0277
1359,0.0097,0.0372,0.0370,0.0290
1360,0.0098,0.0359,0.0383,0.0283
1361,0.0088,0.0356,0.0389,0.0250
1362,0.0063,0.0378,0.0393,0.0159
1363,0.0063,0.0367,0.0368,0.0137
1364,0.0063,0.0372,0.0352,0.0089
1365,0.0061,0.0361,0.0345,0.0064
1366,0.0056,0.0338,0.0352,0.0062
1367,0.0067,0.0284,0.0350,0.0058
1368,0.0108,0.0639,0.1381,0.0621
1369,0.0075,0.0256,0.0315,0.0047
1370,0.0060,0.0306,0.0353,0.0042
1371,0.0062,0.0308,0.0311,0.0048
1372,0.0066,0.0314,0.0307,0.0063
1373,0.0064,0.0270,0.0342,0.0196
1374,0.0080,0.0296,0.0347,0.0148
1375,0.0089,0.0266,0.0368,0.0195
1376,0.0096,0.0255,0.0385,0.0222
1377,0.0103,0.0261,0.0402,0.0227
1378,0.0107,0.0473,0.0460,0.0329
1379,0.0113,0.0847,0.1223,0.0665
1380,0.0113,0.0286,0.0438,0.0206
1381,0.0078,0.0255,0.0304,0.0050
1382,0.0062,0.0306,0.0379,0.0044
1383,0.0062,0.0306,0.0379,0.0044
1384,0.0065,0.0273,0.0307,0.0056
1385,0.0062,0.0306,0.0379,0.0044
1386,0.0062,0.0306,0.0379,0.0044
1387,0.0062,0.0306,0.0379,0.0044
1388,0.0062,0.0306,0.0379,0.0044
1389,0.0065,0.0273,0.0307,0.0056
1390,0.0065,0.0630,0.0684,0.0040
1391,0.0062,0.0306,0.0379,0.0044
1392,0.0062,0.0306,0.0379,0.0044
1393,0.0074,0.0261,0.0305,0.0050
1394,0.0062,0.0306,0.0379,0.0044
1395,0.0065,0.0273,0.0307,0.0056
1396,0.0062,0.0306,0.0379,0.0044
1397,0.0062,0.0306,0.0379,0.0044
1398,0.0062,0.0306,0.0379,0.0044
1399,0.0062,0.0306,0.0379,0.0044
1400,0.0065,0.0273,0.0307,0.0056
1401,0.0054,0.0431,0.0538,0.0045
1402,0.0062,0.0306,0.0379,0.0044
1403,0.0062,0.0306,0.0379,0.0044
1404,0.0062,0.0306,0.0379,0.0044
1405,0.0066,0.0273,0.0312,0.0048
1406,0.0065,0.0273,0.0307,0.0056
1407,0.0062,0.0306,0.0379,0.0044
1408,0.0062,0.0306,0.0379,0.0044
1409,0.0062,0.0306,0.0379,0.0044
1410,0.0062,0.0306,0.0379,0.0044
1411,0.0065,0.0273,0.0307,0.0056
1412,0.0054,0.0431,0.0538,0.0045
1413,0.0062,0.0306,0.0379,0.0044
1414,0.0062,0.0306,0.0379,0.0044
1415,0.0062,0.0306,0.0379,0.0044
1416,0.0062,0.0306,0.0379,0.0044
1417,0.0067,0.0303,0.0317,0.0061
1418,0.0062,0.0306,0.0379,0.0044
1419,0.0062,0.0306,0.0379,0.0044
1420,0.0062,0.0306,0.0379,0.0044
1421,0.0062,0.0306,0.0379,0.0044
1422,0.0065,0.0273,0.0307,0.0056
1423,0.0049,0.0535,0.0653,0.0062
1424,0.0148,0.0270,0.0376,0.0052
1425,0.0117,0.0247,0.0364,0.0049
1426,0.0093,0.0230,0.0356,0.0046
1427,0.0077,0.0219,0.0350,0.0045
1428,0.0068,0.0299,0.0312,0.0056
1429,0.0056,0.0300,0.0321,0.0039
1430,0.0070,0.0217,0.0341,0.0042
1431,0.0072,0.0224,0.0340,0.0042
1432,0.0073,0.0231,0.0332,0.0041
1433,0.0050,0.0327,0.0371,0.0055
1434,0.0058,0.0625,0.0724,0.0064
1435,0.0054,0.0431,0.0538,0.0045
1436,0.0066,0.0277,0.0356,0.0043
1437,0.0062,0.0303,0.0373,0.0044
1438,0.0070,0.0271,0.0337,0.0045
1439,0.0075,0.0256,0.0315,0.0047
1440,0.0075,0.0284,0.0302,0.0054
1441,0.0074,0.0261,0.0305,0.0050
1442,0.0056,0.0315,0.0325,0.0037
1443,0.0066,0.0273,0.0312,0.0048
1444,0.0059,0.0289,0.0320,0.0044
1445,0.0066,0.0307,0.0322,0.0068
1446,0.0054,0.0431,0.0538,0.0045
1447,0.0056,0.0315,0.0325,0.0037
1448,0.0058,0.0322,0.0322,0.0039
1449,0.0099,0.0397,0.0358,0.0277
1450,0.0097,0.0372,0.0370,0.0290
1451,0.0076,0.0408,0.0431,0.0283
1452,0.0076,0.0408,0.0431,0.0283
1453,0.0076,0.0408,0.0431,0.0283
1454,0.0076,0.0408,0.0431,0.0283
1455,0.0076,0.0408,0.0431,0.0283
1456,0.0076,0.0408,0.0431,0.0283
1457,0.0054,0.0431,0.0538,0.0045
1458,0.0063,0.0372,0.0461,0.0046
1459,0.0063,0.0372,0.0461,0.0046
1460,0.0063,0.0372,0.0461,0.0046
1461,0.0065,0.0359,0.0444,0.0047
1462,0.0075,0.0306,0.0351,0.0055
1463,0.0072,0.0325,0.0405,0.0047
1464,0.0077,0.0305,0.0377,0.0050
1465,0.0080,0.0298,0.0361,0.0053
1466,0.0075,0.0305,0.0360,0.0053
1467,0.0070,0.0343,0.0358,0.0056
1468,0.0054,0.0431,0.0538,0.0045
1469,0.0060,0.0345,0.0381,0.0046
1470,0.0056,0.0364,0.0385,0.0042
1471,0.0055,0.0377,0.0385,0.0039
1472,0.0058,0.0382,0.0376,0.0039
1473,0.0082,0.0298,0.0336,0.0055
1474,0.0096,0.0435,0.0381,0.0302
1475,0.0093,0.0396,0.0398,0.0321
1476,0.0095,0.0382,0.0417,0.0315
1477,0.0088,0.0386,0.0429,0.0279
1478,0.0063,0.0412,0.0409,0.0167
1479,0.0049,0.0535,0.0653,0.0062
1480,0.0064,0.0412,0.0425,0.0153
1481,0.0063,0.0425,0.0423,0.0099
1482,0.0061,0.0416,0.0426,0.0075
1483,0.0057,0.0394,0.0437,0.0075
1484,0.0069,0.0332,0.0411,0.0060
1485,0.0077,0.0305,0.0377,0.0050
1486,0.0060,0.0375,0.0440,0.0041
1487,0.0062,0.0371,0.0403,0.0046
1488,0.0067,0.0375,0.0395,0.0064
1489,0.0064,0.0305,0.0339,0.0211
1490,0.0054,0.0431,0.0538,0.0045
1491,0.0080,0.0349,0.0400,0.0164
1492,0.0089,0.0314,0.0408,0.0215
1493,0.0095,0.0298,0.0421,0.0246
1494,0.0103,0.0287,0.0439,0.0250
1495,0.0107,0.0553,0.0465,0.0353
1496,0.0113,0.0309,0.0483,0.0211
1497,0.0080,0.0298,0.0361,0.0053
1498,0.0063,0.0372,0.0461,0.0046
1499,0.0063,0.0372,0.0461,0.0046
1500,0.0066,0.0319,0.0371,0.0054
1501,0.0054,0.0431,0.0538,0.0045
1502,0.0063,0.0372,0.0461,0.0046
1503,0.0063,0.0372,0.0461,0.0046
1504,0.0063,0.0372,0.0461,0.0046
1505,0.0063,0.0372,0.0461,0.0046
1506,0.0066,0.0319,0.0371,0.0054
1507,0.0063,0.0372,0.0461,0.0046
1508,0.0063,0.0372,0.0461,0.0046
1509,0.0075,0.0305,0.0360,0.0053
1510,0.0063,0.0372,0.0461,0.0046
1511,0.0066,0.0319,0.0371,0.0054
1512,0.0063,0.0664,0.0713,0.0042
1513,0.0063,0.0372,0.0461,0.0046
1514,0.0063,0.0372,0.0461,0.0046
1515,0.0063,0.0372,0.0461,0.0046
1516,0.0063,0.0372,0.0461,0.0046
1517,0.0066,0.0319,0.0371,0.0054
1518,0.0063,0.0372,0.0461,0.0046
1519,0.0063,0.0372,0.0461,0.0046
1520,0.0063,0.0372,0.0461,0.0046
1521,0.0067,0.0324,0.0372,0.0050
1522,0.0066,0.0319,0.0371,0.0054
1523,0.0054,0.0431,0.0538,0.0045
1524,0.0063,0.0372,0.0461,0.0046
1525,0.0063,0.0372,0.0461,0.0046
1526,0.0063,0.0372,0.0461,0.0046
1527,0.0063,0.0372,0.0461,0.0046
1528,0.0066,0.0319,0.0371,0.0054
1529,0.0063,0.0372,0.0461,0.0046
1530,0.0063,0.0372,0.0461,0.0046
1531,0.0063,0.0372,0.0461,0.0046
1532,0.0063,0.0372,0.0461,0.0046
1533,0.0069,0.0344,0.0355,0.0061
1534,0.0049,0.0535,0.0653,0.0062
1535,0.0063,0.0372,0.0461,0.0046
1536,0.0063,0.0372,0.0461,0.0046
1537,0.0063,0.0372,0.0461,0.0046
1538,0.0063,0.0372,0.0461,0.0046
1539,0.0066,0.0319,0.0371,0.0054
1540,0.0148,0.0320,0.0437,0.0055
1541,0.0117,0.0298,0.0420,0.0051
1542,0.0093,0.0280,0.0408,0.0049
1543,0.0077,0.0267,0.0398,0.0047
1544,0.0070,0.0343,0.0358,0.0056
1545,0.0057,0.0469,0.0552,0.0042
1546,0.0054,0.0431,0.0538,0.0045
1547,0.0056,0.0364,0.0385,0.0042
1548,0.0071,0.0260,0.0387,0.0045
1549,0.0073,0.0266,0.0385,0.0044
1550,0.0074,0.0280,0.0389,0.0044
1551,0.0052,0.0383,0.0446,0.0054
1552,0.0068,0.0333,0.0426,0.0045
1553,0.0065,0.0359,0.0444,0.0047
1554,0.0072,0.0325,0.0405,0.0047
1555,0.0077,0.0305,0.0377,0.0050
1556,0.0076,0.0323,0.0351,0.0053
1557,0.0054,0.0431,0.0538,0.0045
1558,0.0075,0.0305,0.0360,0.0053
1559,0.0055,0.0377,0.0385,0.0039
1560,0.0067,0.0324,0.0372,0.0050
1561,0.0060,0.0345,0.0381,0.0046
1562,0.0067,0.0352,0.0358,0.0068
1563,0.0055,0.0377,0.0385,0.0039
1564,0.0058,0.0382,0.0376,0.0039
1565,0.0096,0.0435,0.0381,0.0302
1566,0.0093,0.0396,0.0398,0.0321
1567,0.0076,0.0447,0.0427,0.0305
1568,0.0054,0.0431,0.0538,0.0045
1569,0.0076,0.0447,0.0427,0.0305
1570,0.0076,0.0447,0.0427,0.0305
1571,0.0076,0.0447,0.0427,0.0305
1572,0.0076,0.0447,0.0427,0.0305
1573,0.0076,0.0447,0.0427,0.0305
1574,0.0048,0.0373,0.0469,0.0037
1575,0.0048,0.0373,0.0469,0.0037
1576,0.0077,0.0417,0.0557,0.0081
1577,0.0048,0.0356,0.0446,0.0037
1578,0.0063,0.0484,0.0599,0.0057
1579,0.0054,0.0431,0.0538,0.0045
1580,0.0056,0.0374,0.0511,0.0080
1581,0.0059,0.0443,0.0513,0.0036
1582,0.0062,0.0489,0.0549,0.0038
1583,0.0052,0.0403,0.0529,0.0076
1584,0.0060,0.0592,0.0675,0.0044
1585,0.0049,0.0546,0.0601,0.0043
1586,0.0058,0.0510,0.0629,0.0081
1587,0.0055,0.0575,0.0631,0.0057
1588,0.0063,0.0587,0.0645,0.0071
1589,0.0067,0.0524,0.0629,0.0058
1590,0.0049,0.0535,0.0653,0.0062
1591,0.0118,0.0812,0.1192,0.0767
1592,0.0124,0.0761,0.1193,0.0677
1593,0.0100,0.0564,0.1006,0.0642
1594,0.0097,0.0578,0.1164,0.0529
1595,0.0060,0.0538,0.1205,0.0427
1596,0.0059,0.0402,0.0943,0.0432
1597,0.0053,0.0369,0.0923,0.0329
1598,0.0050,0.0359,0.0786,0.0238
1599,0.0054,0.0355,0.0731,0.0225
1600,0.0059,0.0420,0.0495,0.0047
1601,0.0054,0.0431,0.0538,0.0045
1602,0.0059,0.0443,0.0513,0.0036
1603,0.0065,0.0425,0.0537,0.0038
1604,0.0050,0.0333,0.0620,0.0090
1605,0.0056,0.0332,0.0792,0.0146
1606,0.0052,0.0472,0.1260,0.0283
1607,0.0066,0.0354,0.1079,0.0262
1608,0.0070,0.0401,0.1168,0.0329
1609,0.0080,0.0377,0.0989,0.0322
1610,0.0082,0.0576,0.1234,0.0482
1611,0.0100,0.0650,0.1375,0.0622
1612,0.0054,0.0431,0.0538,0.0045
1613,0.0104,0.0674,0.1045,0.0581
1614,0.0062,0.0489,0.0549,0.0038
1615,0.0048,0.0373,0.0469,0.0037
1616,0.0077,0.0417,0.0557,0.0081
1617,0.0055,0.0418,0.0547,0.0055
1618,0.0048,0.0373,0.0469,0.0037
1619,0.0077,0.0417,0.0557,0.0081
1620,0.0048,0.0373,0.0469,0.0037
1621,0.0048,0.0373,0.0469,0.0037
1622,0.0055,0.0418,0.0547,0.0055
1623,0.0054,0.0431,0.0538,0.0045
1624,0.0048,0.0373,0.0469,0.0037
1625,0.0048,0.0373,0.0469,0.0037
1626,0.0052,0.0403,0.0529,0.0076
1627,0.0048,0.0373,0.0469,0.0037
1628,0.0055,0.0418,0.0547,0.0055
1629,0.0077,0.0417,0.0557,0.0081
1630,0.0048,0.0373,0.0469,0.0037
1631,0.0048,0.0373,0.0469,0.0037
1632,0.0077,0.0417,0.0557,0.0081
1633,0.0055,0.0418,0.0547,0.0055
1634,0.0059,0.0667,0.0717,0.0044
1635,0.0048,0.0373,0.0469,0.0037
1636,0.0077,0.0417,0.0557,0.0081
1637,0.0048,0.0373,0.0469,0.0037
1638,0.0052,0.0532,0.0587,0.0041
1639,0.0055,0.0418,0.0547,0.0055
1640,0.0048,0.0373,0.0469,0.0037
1641,0.0048,0.0373,0.0469,0.0037
1642,0.0077,0.0417,0.0557,0.0081
1643,0.0048,0.0373,0.0469,0.0037
1644,0.0055,0.0418,0.0547,0.0055
1645,0.0049,0.0535,0.0653,0.0062
1646,0.0077,0.0417,0.0557,0.0081
1647,0.0048,0.0373,0.0469,0.0037
1648,0.0048,0.0373,0.0469,0.0037
1649,0.0077,0.0417,0.0557,0.0081
1650,0.0059,0.0609,0.0688,0.0049
1651,0.0048,0.0373,0.0469,0.0037
1652,0.0077,0.0417,0.0557,0.0081
1653,0.0048,0.0373,0.0469,0.0037
1654,0.0048,0.0373,0.0469,0.0037
1655,0.0055,0.0418,0.0547,0.0055
1656,0.0062,0.0564,0.0630,0.0040
1657,0.0054,0.0431,0.0538,0.0045
1658,0.0118,0.0355,0.0565,0.0034
1659,0.0090,0.0380,0.0586,0.0034
1660,0.0109,0.0328,0.0535,0.0073
1661,0.0059,0.0424,0.0611,0.0036
1662,0.0060,0.0592,0.0675,0.0044
1663,0.0058,0.0510,0.0629,0.0081
1664,0.0063,0.0449,0.0604,0.0038
1665,0.0066,0.0445,0.0583,0.0039
1666,0.0074,0.0438,0.0608,0.0082
1667,0.0046,0.0379,0.0519,0.0049
1668,0.0054,0.0431,0.0538,0.0045
1669,0.0055,0.0388,0.0489,0.0038
1670,0.0068,0.0397,0.0535,0.0080
1671,0.0054,0.0372,0.0455,0.0036
1672,0.0059,0.0443,0.0513,0.0036
1673,0.0065,0.0564,0.0656,0.0050
1674,0.0058,0.0519,0.0575,0.0040
1675,0.0055,0.0575,0.0631,0.0057
1676,0.0051,0.0469,0.0585,0.0076
1677,0.0049,0.0546,0.0601,0.0043
1678,0.0058,0.0627,0.0703,0.0060
1679,0.0054,0.0431,0.0538,0.0045
1680,0.0075,0.0514,0.0637,0.0086
1681,0.0063,0.0587,0.0645,0.0071
1682,0.0118,0.0812,0.1192,0.0767
1683,0.0105,0.0686,0.1024,0.0738
1684,0.0084,0.0645,0.1333,0.0564
1685,0.0084,0.0645,0.1333,0.0564
1686,0.0084,0.0645,0.1333,0.0564
1687,0.0084,0.0645,0.1333,0.0564
1688,0.0084,0.0645,0.1333,0.0564
1689,0.0084,0.0645,0.1333,0.0564
1690,0.0054,0.0431,0.0538,0.0045
1691,0.0049,0.0298,0.0369,0.0032
1692,0.0049,0.0298,0.0369,0.0032
1693,0.0080,0.0311,0.0408,0.0060
1694,0.0049,0.0295,0.0361,0.0032
1695,0.0065,0.0386,0.0465,0.0058
1696,0.0058,0.0285,0.0380,0.0059
1697,0.0061,0.0348,0.0399,0.0036
1698,0.0064,0.0380,0.0423,0.0039
1699,0.0052,0.0323,0.0409,0.0058
1700,0.0061,0.0476,0.0528,0.0044
1701,0.0049,0.0535,0.0653,0.0062
1702,0.0048,0.0436,0.0473,0.0038
1703,0.0056,0.0401,0.0483,0.0063
1704,0.0052,0.0468,0.0499,0.0044
1705,0.0059,0.0480,0.0509,0.0055
1706,0.0069,0.0413,0.0485,0.0058
1707,0.0111,0.0659,0.0963,0.0620
1708,0.0120,0.0617,0.0964,0.0546
1709,0.0098,0.0466,0.0798,0.0507
1710,0.0099,0.0475,0.0940,0.0427
1711,0.0059,0.0447,0.0981,0.0346
1712,0.0054,0.0431,0.0538,0.0045
1713,0.0060,0.0372,0.0744,0.0339
1714,0.0051,0.0323,0.0731,0.0261
1715,0.0049,0.0308,0.0611,0.0185
1716,0.0056,0.0280,0.0556,0.0172
1717,0.0061,0.0347,0.0402,0.0046
1718,0.0061,0.0348,0.0399,0.0036
1719,0.0067,0.0312,0.0389,0.0030
1720,0.0048,0.0283,0.0473,0.0079
1721,0.0053,0.0294,0.0610,0.0123
1722,0.0051,0.0375,0.1022,0.0246
1723,0.0054,0.0431,0.0538,0.0045
1724,0.0064,0.0312,0.0861,0.0218
1725,0.0069,0.0334,0.0938,0.0275
1726,0.0079,0.0313,0.0780,0.0259
1727,0.0082,0.0453,0.0995,0.0397
1728,0.0099,0.0599,0.1126,0.0521
1729,0.0105,0.0551,0.0830,0.0470
1730,0.0064,0.0380,0.0423,0.0039
1731,0.0049,0.0298,0.0369,0.0032
1732,0.0080,0.0311,0.0408,0.0060
1733,0.0057,0.0342,0.0429,0.0054
1734,0.0054,0.0431,0.0538,0.0045
1735,0.0049,0.0298,0.0369,0.0032
1736,0.0080,0.0311,0.0408,0.0060
1737,0.0049,0.0298,0.0369,0.0032
1738,0.0049,0.0298,0.0369,0.0032
1739,0.0057,0.0342,0.0429,0.0054
1740,0.0049,0.0298,0.0369,0.0032
1741,0.0049,0.0298,0.0369,0.0032
1742,0.0052,0.0323,0.0409,0.0058
1743,0.0049,0.0298,0.0369,0.0032
1744,0.0057,0.0342,0.0429,0.0054
1745,0.0054,0.0431,0.0538,0.0045
1746,0.0080,0.0311,0.0408,0.0060
1747,0.0049,0.0298,0.0369,0.0032
1748,0.0049,0.0298,0.0369,0.0032
1749,0.0080,0.0311,0.0408,0.0060
1750,0.0057,0.0342,0.0429,0.0054
1751,0.0049,0.0298,0.0369,0.0032
1752,0.0080,0.0311,0.0408,0.0060
1753,0.0049,0.0298,0.0369,0.0032
1754,0.0053,0.0419,0.0458,0.0040
1755,0.0057,0.0342,0.0429,0.0054
1756,0.0060,0.0743,0.0827,0.0064
1757,0.0049,0.0298,0.0369,0.0032
1758,0.0049,0.0298,0.0369,0.0032
1759,0.0080,0.0311,0.0408,0.0060
1760,0.0049,0.0298,0.0369,0.0032
1761,0.0057,0.0342,0.0429,0.0054
1762,0.0080,0.0311,0.0408,0.0060
1763,0.0049,0.0298,0.0369,0.0032
1764,0.0049,0.0298,0.0369,0.0032
1765,0.0080,0.0311,0.0408,0.0060
1766,0.0060,0.0487,0.0535,0.0048
1767,0.0065,0.0630,0.0684,0.0040
1768,0.0054,0.0431,0.0538,0.0045
1769,0.0049,0.0298,0.0369,0.0032
1770,0.0080,0.0311,0.0408,0.0060
1771,0.0049,0.0298,0.0369,0.0032
1772,0.0049,0.0298,0.0369,0.0032
1773,0.0057,0.0342,0.0429,0.0054
1774,0.0118,0.0272,0.0426,0.0032
1775,0.0089,0.0287,0.0441,0.0030
1776,0.0108,0.0250,0.0395,0.0055
1777,0.0060,0.0323,0.0465,0.0030
1778,0.0061,0.0476,0.0528,0.0044
1779,0.0054,0.0431,0.0538,0.0045
1780,0.0056,0.0401,0.0483,0.0063
1781,0.0065,0.0339,0.0455,0.0031
1782,0.0068,0.0333,0.0434,0.0031
1783,0.0076,0.0331,0.0452,0.0060
1784,0.0045,0.0328,0.0416,0.0050
1785,0.0057,0.0295,0.0367,0.0031
1786,0.0070,0.0294,0.0390,0.0059
1787,0.0056,0.0302,0.0363,0.0033
1788,0.0061,0.0348,0.0399,0.0036
1789,0.0066,0.0447,0.0509,0.0051
1790,0.0054,0.0431,0.0538,0.0045
1791,0.0060,0.0402,0.0441,0.0040
1792,0.0052,0.0468,0.0499,0.0044
1793,0.0051,0.0366,0.0447,0.0058
1794,0.0048,0.0436,0.0473,0.0038
1795,0.0058,0.0503,0.0548,0.0057
1796,0.0072,0.0414,0.0495,0.0065
1797,0.0059,0.0480,0.0509,0.0055
1798,0.0111,0.0659,0.0963,0.0620
1799,0.0100,0.0550,0.0811,0.0583
1800,0.0084,0.0537,0.1094,0.0464
1801,0.0054,0.0431,0.0538,0.0045
1802,0.0084,0.0537,0.1094,0.0464
1803,0.0084,0.0537,0.1094,0.0464
1804,0.0084,0.0537,0.1094,0.0464
1805,0.0084,0.0537,0.1094,0.0464
1806,0.0084,0.0537,0.1094,0.0464
1807,0.0053,0.0301,0.0368,0.0035
1808,0.0053,0.0301,0.0368,0.0035
1809,0.0084,0.0184,0.0229,0.0039
1810,0.0053,0.0311,0.0377,0.0037
1811,0.0071,0.0274,0.0313,0.0054
1812,0.0049,0.0535,0.0653,0.0062
1813,0.0063,0.0254,0.0304,0.0045
1814,0.0067,0.0262,0.0320,0.0044
1815,0.0069,0.0259,0.0308,0.0048
1816,0.0055,0.0255,0.0298,0.0049
1817,0.0063,0.0355,0.0349,0.0044
1818,0.0048,0.0341,0.0359,0.0041
1819,0.0053,0.0305,0.0325,0.0053
1820,0.0048,0.0392,0.0375,0.0032
1821,0.0054,0.0410,0.0376,0.0033
1822,0.0075,0.0282,0.0314,0.0055
1823,0.0150,0.0340,0.0608,0.0039
1824,0.0098,0.0436,0.0543,0.0366
1825,0.0110,0.0397,0.0545,0.0339
1826,0.0091,0.0367,0.0452,0.0281
1827,0.0099,0.0328,0.0537,0.0275
1828,0.0060,0.0358,0.0579,0.0211
1829,0.0061,0.0437,0.0447,0.0194
1830,0.0051,0.0353,0.0428,0.0140
1831,0.0048,0.0343,0.0385,0.0096
1832,0.0060,0.0264,0.0316,0.0080
1833,0.0067,0.0302,0.0363,0.0051
1834,0.0118,0.0380,0.0646,0.0040
1835,0.0067,0.0262,0.0320,0.0044
1836,0.0071,0.0176,0.0224,0.0027
1837,0.0046,0.0324,0.0339,0.0055
1838,0.0050,0.0353,0.0375,0.0079
1839,0.0052,0.0293,0.0584,0.0197
1840,0.0062,0.0353,0.0488,0.0155
1841,0.0069,0.0324,0.0532,0.0200
1842,0.0079,0.0334,0.0457,0.0153
1843,0.0083,0.0308,0.0570,0.0261
1844,0.0098,0.0651,0.0676,0.0368
1845,0.0093,0.0412,0.0671,0.0042
1846,0.0106,0.0337,0.0492,0.0254
1847,0.0069,0.0259,0.0308,0.0048
1848,0.0053,0.0301,0.0368,0.0035
1849,0.0084,0.0184,0.0229,0.0039
1850,0.0061,0.0287,0.0328,0.0051
1851,0.0053,0.0301,0.0368,0.0035
1852,0.0084,0.0184,0.0229,0.0039
1853,0.0053,0.0301,0.0368,0.0035
1854,0.0053,0.0301,0.0368,0.0035
1855,0.0061,0.0287,0.0328,0.0051
1856,0.0076,0.0450,0.0698,0.0044
1857,0.0053,0.0301,0.0368,0.0035
1858,0.0053,0.0301,0.0368,0.0035
1859,0.0055,0.0255,0.0298,0.0049
1860,0.0053,0.0301,0.0368,0.0035
1861,0.0061,0.0287,0.0328,0.0051
1862,0.0084,0.0184,0.0229,0.0039
1863,0.0053,0.0301,0.0368,0.0035
1864,0.0053,0.0301,0.0368,0.0035
1865,0.0084,0.0184,0.0229,0.0039
1866,0.0061,0.0287,0.0328,0.0051
1867,0.0060,0.0732,0.0812,0.0057
1868,0.0053,0.0301,0.0368,0.0035
1869,0.0084,0.0184,0.0229,0.0039
1870,0.0053,0.0301,0.0368,0.0035
1871,0.0055,0.0308,0.0339,0.0047
1872,0.0061,0.0287,0.0328,0.0051
1873,0.0053,0.0301,0.0368,0.0035
1874,0.0053,0.0301,0.0368,0.0035
1875,0.0084,0.0184,0.0229,0.0039
1876,0.0053,0.0301,0.0368,0.0035
1877,0.0061,0.0287,0.0328,0.0051
1878,0.0063,0.0664,0.0713,0.0042
1879,0.0058,0.0670,0.0730,0.0057
1880,0.0084,0.0184,0.0229,0.0039
1881,0.0053,0.0301,0.0368,0.0035
1882,0.0053,0.0301,0.0368,0.0035
1883,0.0084,0.0184,0.0229,0.0039
1884,0.0062,0.0367,0.0351,0.0046
1885,0.0053,0.0301,0.0368,0.0035
1886,0.0084,0.0184,0.0229,0.0039
1887,0.0053,0.0301,0.0368,0.0035
1888,0.0053,0.0301,0.0368,0.0035
1889,0.0061,0.0287,0.0328,0.0051
1890,0.0065,0.0501,0.0712,0.0046
1891,0.0117,0.0195,0.0252,0.0037
1892,0.0089,0.0178,0.0243,0.0034
1893,0.0107,0.0188,0.0236,0.0046
1894,0.0062,0.0164,0.0238,0.0030
1895,0.0063,0.0355,0.0349,0.0044
1896,0.0053,0.0305,0.0325,0.0053
1897,0.0068,0.0166,0.0232,0.0028
1898,0.0072,0.0167,0.0228,0.0028
1899,0.0080,0.0172,0.0219,0.0036
1900,0.0046,0.0357,0.0398,0.0048
1901,0.0065,0.0513,0.0702,0.0048
1902,0.0061,0.0244,0.0309,0.0032
1903,0.0075,0.0210,0.0259,0.0041
1904,0.0061,0.0281,0.0345,0.0039
1905,0.0067,0.0262,0.0320,0.0044
1906,0.0070,0.0319,0.0334,0.0049
1907,0.0064,0.0277,0.0318,0.0049
1908,0.0048,0.0392,0.0375,0.0032
1909,0.0054,0.0258,0.0296,0.0052
1910,0.0048,0.0341,0.0359,0.0041
1911,0.0060,0.0375,0.0348,0.0053
1912,0.0065,0.0506,0.0670,0.0047
1913,0.0067,0.0350,0.0352,0.0049
1914,0.0054,0.0410,0.0376,0.0033
1915,0.0098,0.0436,0.0543,0.0366
1916,0.0089,0.0375,0.0447,0.0306
1917,0.0083,0.0420,0.0651,0.0316
1918,0.0083,0.0420,0.0651,0.0316
1919,0.0083,0.0420,0.0651,0.0316
1920,0.0083,0.0420,0.0651,0.0316
1921,0.0083,0.0420,0.0651,0.0316
1922,0.0083,0.0420,0.0651,0.0316
1923,0.0045,0.0426,0.0569,0.0059
1924,0.0056,0.0430,0.0532,0.0042
1925,0.0056,0.0430,0.0532,0.0042
1926,0.0086,0.0277,0.0359,0.0054
1927,0.0057,0.0439,0.0539,0.0044
1928,0.0074,0.0362,0.0419,0.0049
1929,0.0066,0.0385,0.0469,0.0062
1930,0.0070,0.0369,0.0457,0.0051
1931,0.0072,0.0354,0.0432,0.0056
1932,0.0059,0.0363,0.0433,0.0065
1933,0.0065,0.0449,0.0435,0.0044
1934,0.0058,0.0462,0.0583,0.0046
1935,0.0049,0.0455,0.0482,0.0050
1936,0.0052,0.0417,0.0443,0.0069
1937,0.0047,0.0511,0.0490,0.0036
1938,0.0051,0.0526,0.0480,0.0030
1939,0.0079,0.0356,0.0404,0.0050
1940,0.0088,0.0447,0.0378,0.0297
1941,0.0102,0.0390,0.0390,0.0309
1942,0.0085,0.0455,0.0420,0.0248
1943,0.0097,0.0373,0.0413,0.0266
1944,0.0060,0.0435,0.0435,0.0170
1945,0.0053,0.0421,0.0516,0.0044
1946,0.0062,0.0572,0.0472,0.0191
1947,0.0051,0.0467,0.0429,0.0102
1948,0.0049,0.0463,0.0453,0.0079
1949,0.0061,0.0388,0.0404,0.0067
1950,0.0071,0.0408,0.0501,0.0058
1951,0.0070,0.0369,0.0457,0.0051
1952,0.0074,0.0265,0.0351,0.0033
1953,0.0047,0.0450,0.0473,0.0040
1954,0.0050,0.0477,0.0449,0.0060
1955,0.0053,0.0391,0.0395,0.0204
1956,0.0057,0.0469,0.0552,0.0042
1957,0.0062,0.0478,0.0412,0.0156
1958,0.0069,0.0438,0.0412,0.0205
1959,0.0079,0.0473,0.0470,0.0141
1960,0.0083,0.0379,0.0433,0.0242
1961,0.0097,0.0804,0.0487,0.0348
1962,0.0106,0.0307,0.0487,0.0145
1963,0.0072,0.0354,0.0432,0.0056
1964,0.0056,0.0430,0.0532,0.0042
1965,0.0086,0.0277,0.0359,0.0054
1966,0.0066,0.0386,0.0451,0.0047
1967,0.0062,0.0564,0.0630,0.0040
1968,0.0056,0.0430,0.0532,0.0042
1969,0.0086,0.0277,0.0359,0.0054
1970,0.0056,0.0430,0.0532,0.0042
1971,0.0056,0.0430,0.0532,0.0042
1972,0.0066,0.0386,0.0451,0.0047
1973,0.0056,0.0430,0.0532,0.0042
1974,0.0056,0.0430,0.0532,0.0042
1975,0.0059,0.0363,0.0433,0.0065
1976,0.0056,0.0430,0.0532,0.0042
1977,0.0066,0.0386,0.0451,0.0047
1978,0.0063,0.0717,0.0796,0.0057
1979,0.0086,0.0277,0.0359,0.0054
1980,0.0056,0.0430,0.0532,0.0042
1981,0.0056,0.0430,0.0532,0.0042
1982,0.0086,0.0277,0.0359,0.0054
1983,0.0066,0.0386,0.0451,0.0047
1984,0.0056,0.0430,0.0532,0.0042
1985,0.0086,0.0277,0.0359,0.0054
1986,0.0056,0.0430,0.0532,0.0042
1987,0.0057,0.0413,0.0461,0.0055
1988,0.0066,0.0386,0.0451,0.0047
1989,0.0060,0.0732,0.0812,0.0057
1990,0.0063,0.0664,0.0713,0.0042
1991,0.0056,0.0430,0.0532,0.0042
1992,0.0056,0.0430,0.0532,0.0042
1993,0.0086,0.0277,0.0359,0.0054
1994,0.0056,0.0430,0.0532,0.0042
1995,0.0066,0.0386,0.0451,0.0047
1996,0.0086,0.0277,0.0359,0.0054
1997,0.0056,0.0430,0.0532,0.0042
1998,0.0056,0.0430,0.0532,0.0042
1999,0.0086,0.0277,0.0359,0.0054
2000,0.0064,0.0458,0.0427,0.0046
2001,0.0062,0.0674,0.0742,0.0069
2002,0.0056,0.0430,0.0532,0.0042
2003,0.0086,0.0277,0.0359,0.0054
2004,0.0056,0.0430,0.0532,0.0042
2005,0.0056,0.0430,0.0532,0.0042
2006,0.0066,0.0386,0.0451,0.0047
2007,0.0117,0.0268,0.0336,0.0044
2008,0.0089,0.0244,0.0314,0.0041
2009,0.0107,0.0269,0.0348,0.0064
2010,0.0062,0.0208,0.0287,0.0036
2011,0.0065,0.0449,0.0435,0.0044
2012,0.0059,0.0667,0.0717,0.0044
2013,0.0052,0.0417,0.0443,0.0069
2014,0.0070,0.0206,0.0292,0.0034
2015,0.0074,0.0224,0.0313,0.0034
2016,0.0082,0.0213,0.0287,0.0050
2017,0.0049,0.0469,0.0541,0.0045
2018,0.0064,0.0367,0.0469,0.0039
2019,0.0077,0.0327,0.0411,0.0057
2020,0.0066,0.0390,0.0487,0.0047
2021,0.0070,0.0369,0.0457,0.0051
2022,0.0073,0.0403,0.0424,0.0046
2023,0.0057,0.0666,0.0719,0.0049
2024,0.0067,0.0368,0.0433,0.0057
2025,0.0047,0.0511,0.0490,0.0036
2026,0.0055,0.0361,0.0421,0.0069
2027,0.0049,0.0455,0.0482,0.0050
2028,0.0062,0.0465,0.0414,0.0052
2029,0.0065,0.0473,0.0475,0.0063
2030,0.0051,0.0526,0.0480,0.0030
2031,0.0088,0.0447,0.0378,0.0297
2032,0.0081,0.0427,0.0390,0.0225
2033,0.0082,0.0484,0.0449,0.0297
2034,0.0059,0.0760,0.0848,0.0076
2035,0.0082,0.0484,0.0449,0.0297
2036,0.0082,0.0484,0.0449,0.0297
2037,0.0082,0.0484,0.0449,0.0297
2038,0.0082,0.0484,0.0449,0.0297
2039,0.0082,0.0484,0.0449,0.0297
2040,0.0058,0.0501,0.0620,0.0046
2041,0.0058,0.0501,0.0620,0.0046
2042,0.0088,0.0343,0.0449,0.0064
2043,0.0060,0.0500,0.0615,0.0048
2044,0.0076,0.0428,0.0500,0.0046
2045,0.0062,0.0674,0.0742,0.0069
2046,0.0066,0.0455,0.0559,0.0071
2047,0.0072,0.0438,0.0539,0.0054
2048,0.0074,0.0423,0.0512,0.0059
2049,0.0060,0.0438,0.0525,0.0074
2050,0.0066,0.0524,0.0516,0.0043
2051,0.0049,0.0527,0.0561,0.0053
2052,0.0051,0.0490,0.0530,0.0078
2053,0.0046,0.0589,0.0572,0.0039
2054,0.0050,0.0605,0.0561,0.0033
2055,0.0081,0.0419,0.0480,0.0047
2056,0.0068,0.0682,0.0759,0.0085
2057,0.0085,0.0505,0.0405,0.0323
2058,0.0098,0.0442,0.0422,0.0341
2059,0.0081,0.0528,0.0492,0.0289
2060,0.0096,0.0428,0.0455,0.0295
2061,0.0060,0.0490,0.0462,0.0180
2062,0.0063,0.0632,0.0554,0.0224
2063,0.0051,0.0528,0.0502,0.0114
2064,0.0049,0.0527,0.0536,0.0092
2065,0.0062,0.0455,0.0497,0.0086
2066,0.0072,0.0478,0.0584,0.0060
2067,0.0122,0.0874,0.1203,0.0773
2068,0.0072,0.0438,0.0539,0.0054
2069,0.0075,0.0332,0.0438,0.0037
2070,0.0047,0.0518,0.0564,0.0038
2071,0.0051,0.0541,0.0535,0.0063
2072,0.0054,0.0458,0.0410,0.0219
2073,0.0062,0.0540,0.0471,0.0172
2074,0.0069,0.0504,0.0457,0.0226
2075,0.0079,0.0536,0.0552,0.0163
2076,0.0083,0.0442,0.0472,0.0265
2077,0.0097,0.0886,0.0496,0.0372
2078,0.0117,0.0842,0.1204,0.0680
2079,0.0106,0.0351,0.0565,0.0154
2080,0.0074,0.0423,0.0512,0.0059
2081,0.0058,0.0501,0.0620,0.0046
2082,0.0088,0.0343,0.0449,0.0064
2083,0.0067,0.0457,0.0537,0.0045
2084,0.0058,0.0501,0.0620,0.0046
2085,0.0088,0.0343,0.0449,0.0064
2086,0.0058,0.0501,0.0620,0.0046
2087,0.0058,0.0501,0.0620,0.0046
2088,0.0067,0.0457,0.0537,0.0045
2089,0.0078,0.0731,0.1345,0.0567
2090,0.0058,0.0501,0.0620,0.0046
2091,0.0058,0.0501,0.0620,0.0046
2092,0.0060,0.0438,0.0525,0.0074
2093,0.0058,0.0501,0.0620,0.0046
2094,0.0067,0.0457,0.0537,0.0045
2095,0.0088,0.0343,0.0449,0.0064
2096,0.0058,0.0501,0.0620,0.0046
2097,0.0058,0.0501,0.0620,0.0046
2098,0.0088,0.0343,0.0449,0.0064
2099,0.0067,0.0457,0.0537,0.0045
Highest RMSE Cases
Vdc  Max RMSE=  0.0150 at Case 1823; 0 > 0.05
Idc  Max RMSE=  0.0886 at Case 2077; 381 > 0.05
Id   Max RMSE=  0.1381 at Case 1368; 774 > 0.05
Iq   Max RMSE=  0.0773 at Case 557; 80 > 0.05
Total Error Summary
Vdc  RMSE=  0.0076
Idc  RMSE=  0.0407
Id   RMSE=  0.0542
Iq   RMSE=  0.0180
