Read Model from: ./ucf10thev/
Export Model to: ./ucf10thev/ucf10thev_fhf.json
idx_in [0, 1, 2, 3, 4, 5, 6]
idx_out [7, 8, 9, 10]
make_mimo_block stable2ndx
H1s[0][0]  Real Poles: [-1025.3730081 -1025.3730081] Freqs [Hz]: [27.95785715582802]
H1s[0][1]  Real Poles: [-991.55919813 -991.55919813] Freqs [Hz]: [6.854640185216864]
H1s[0][2]  Real Poles: [-1061.7871955 -1061.7871955] Freqs [Hz]: [14.871026625897917]
H1s[0][3]  Real Poles: [-1177.12040602  -913.34563883] Freqs [Hz]: []
H1s[1][0]  Real Poles: [-1228.9313798  -770.4822336] Freqs [Hz]: []
H1s[1][1]  Real Poles: [-1191.19594991 -1191.19594991] Freqs [Hz]: [60.3233255526744]
H1s[1][2]  Real Poles: [-809.56277251 -809.56277251] Freqs [Hz]: [21.47878584979256]
H1s[1][3]  Real Poles: [-1186.01451965  -811.27662456] Freqs [Hz]: []
H1s[2][0]  Real Poles: [-997.52426939 -997.52426939] Freqs [Hz]: [31.489941376878143]
H1s[2][1]  Real Poles: [-816.75811112 -816.75811112] Freqs [Hz]: [32.22870753714223]
H1s[2][2]  Real Poles: [-1094.8298648 -1094.8298648] Freqs [Hz]: [30.007279626773045]
H1s[2][3]  Real Poles: [-847.62868285 -847.62868285] Freqs [Hz]: [37.92007685122269]
H1s[3][0]  Real Poles: [-645.30816674 -645.30816674] Freqs [Hz]: [55.15042217621361]
H1s[3][1]  Real Poles: [-999.60670288 -999.60670288] Freqs [Hz]: [50.28413116826402]
H1s[3][2]  Real Poles: [-906.70800209 -906.70800209] Freqs [Hz]: [51.2437134789052]
H1s[3][3]  Real Poles: [-652.91368961 -652.91368961] Freqs [Hz]: [72.99725178404034]
model_folder = ./ucf10thev/
model_root = ucf10thev
data_path = d:/data/ucf3/ucf9c.hdf5
idx_in [0, 1, 2, 3, 4, 5, 6]
idx_out [7, 8, 9, 10]
read 2100 dataframes
dt=0.001000 data_len=4001 n_io=11 n_case=2100
['G', 'Ud', 'Uq', 'Id', 'Iq', 'GVrms', 'Ctrl'] ['Vdc', 'Idc', 'Vd', 'Vq'] (2100, 4001, 11)
make_mimo_block stable2ndx
prepending initial conditions (2100, 500, 11) (2100, 4001, 11) float32 float32
results in (2100, 4501, 11)
Idx,Vdc,Idc,Vd,Vq
#,RMSE,RMSE,RMSE,RMSE
Total,0.0036,0.0047,0.0031,0.0034
0,0.0034,0.0058,0.0028,0.0009
1,0.0034,0.0058,0.0028,0.0009
2,0.0037,0.0074,0.0031,0.0006
3,0.0042,0.0079,0.0032,0.0084
4,0.0025,0.0027,0.0033,0.0010
5,0.0038,0.0023,0.0029,0.0012
6,0.0025,0.0027,0.0033,0.0010
7,0.0031,0.0024,0.0036,0.0006
8,0.0043,0.0025,0.0028,0.0009
9,0.0025,0.0027,0.0033,0.0010
10,0.0025,0.0027,0.0033,0.0010
11,0.0038,0.0023,0.0029,0.0012
12,0.0025,0.0027,0.0033,0.0010
13,0.0043,0.0025,0.0028,0.0009
14,0.0042,0.0079,0.0032,0.0084
15,0.0038,0.0023,0.0029,0.0012
16,0.0025,0.0027,0.0033,0.0010
17,0.0025,0.0027,0.0033,0.0010
18,0.0038,0.0023,0.0029,0.0012
19,0.0035,0.0027,0.0036,0.0013
20,0.0025,0.0027,0.0033,0.0010
21,0.0038,0.0023,0.0029,0.0012
22,0.0025,0.0027,0.0033,0.0010
23,0.0025,0.0027,0.0033,0.0010
24,0.0043,0.0025,0.0028,0.0009
25,0.0042,0.0079,0.0032,0.0084
26,0.0043,0.0033,0.0052,0.0013
27,0.0050,0.0027,0.0045,0.0012
28,0.0045,0.0038,0.0055,0.0053
29,0.0067,0.0020,0.0036,0.0017
30,0.0032,0.0028,0.0031,0.0011
31,0.0030,0.0024,0.0038,0.0013
32,0.0066,0.0019,0.0033,0.0016
33,0.0061,0.0019,0.0033,0.0013
34,0.0059,0.0022,0.0028,0.0012
35,0.0033,0.0026,0.0029,0.0012
36,0.0042,0.0079,0.0032,0.0084
37,0.0031,0.0023,0.0033,0.0007
38,0.0031,0.0026,0.0031,0.0013
39,0.0038,0.0022,0.0035,0.0011
40,0.0041,0.0022,0.0035,0.0008
41,0.0035,0.0028,0.0029,0.0012
42,0.0037,0.0023,0.0035,0.0008
43,0.0027,0.0026,0.0041,0.0007
44,0.0041,0.0022,0.0038,0.0014
45,0.0028,0.0026,0.0037,0.0006
46,0.0039,0.0028,0.0045,0.0015
47,0.0042,0.0079,0.0032,0.0084
48,0.0027,0.0026,0.0039,0.0015
49,0.0028,0.0025,0.0047,0.0008
50,0.0037,0.0025,0.0030,0.0085
51,0.0039,0.0027,0.0032,0.0077
52,0.0031,0.0031,0.0028,0.0070
53,0.0031,0.0031,0.0028,0.0070
54,0.0031,0.0031,0.0028,0.0070
55,0.0031,0.0031,0.0028,0.0070
56,0.0031,0.0031,0.0028,0.0070
57,0.0031,0.0031,0.0028,0.0070
58,0.0033,0.0050,0.0028,0.0009
59,0.0025,0.0058,0.0029,0.0009
60,0.0025,0.0058,0.0029,0.0009
61,0.0038,0.0050,0.0027,0.0011
62,0.0025,0.0060,0.0030,0.0011
63,0.0039,0.0072,0.0028,0.0013
64,0.0026,0.0055,0.0030,0.0012
65,0.0037,0.0065,0.0030,0.0009
66,0.0039,0.0068,0.0031,0.0009
67,0.0037,0.0060,0.0034,0.0014
68,0.0027,0.0082,0.0030,0.0011
69,0.0033,0.0050,0.0028,0.0009
70,0.0027,0.0074,0.0033,0.0007
71,0.0032,0.0067,0.0036,0.0012
72,0.0031,0.0078,0.0035,0.0013
73,0.0032,0.0080,0.0038,0.0017
74,0.0037,0.0074,0.0028,0.0016
75,0.0034,0.0082,0.0029,0.0084
76,0.0036,0.0073,0.0029,0.0075
77,0.0042,0.0069,0.0038,0.0068
78,0.0045,0.0077,0.0032,0.0059
79,0.0047,0.0075,0.0034,0.0056
80,0.0033,0.0050,0.0028,0.0009
81,0.0031,0.0103,0.0032,0.0044
82,0.0027,0.0078,0.0034,0.0035
83,0.0025,0.0070,0.0033,0.0027
84,0.0027,0.0064,0.0029,0.0021
85,0.0035,0.0068,0.0029,0.0015
86,0.0037,0.0065,0.0030,0.0009
87,0.0045,0.0051,0.0027,0.0014
88,0.0025,0.0058,0.0027,0.0020
89,0.0025,0.0059,0.0027,0.0029
90,0.0050,0.0071,0.0027,0.0040
91,0.0033,0.0052,0.0028,0.0010
92,0.0032,0.0064,0.0029,0.0047
93,0.0037,0.0066,0.0030,0.0055
94,0.0035,0.0058,0.0037,0.0064
95,0.0045,0.0066,0.0037,0.0072
96,0.0060,0.0083,0.0037,0.0074
97,0.0043,0.0063,0.0048,0.0089
98,0.0039,0.0068,0.0031,0.0009
99,0.0025,0.0058,0.0029,0.0009
100,0.0038,0.0050,0.0027,0.0011
101,0.0035,0.0067,0.0027,0.0011
102,0.0045,0.0061,0.0029,0.0017
103,0.0025,0.0058,0.0029,0.0009
104,0.0038,0.0050,0.0027,0.0011
105,0.0025,0.0058,0.0029,0.0009
106,0.0025,0.0058,0.0029,0.0009
107,0.0035,0.0067,0.0027,0.0011
108,0.0025,0.0058,0.0029,0.0009
109,0.0025,0.0058,0.0029,0.0009
110,0.0037,0.0060,0.0034,0.0014
111,0.0025,0.0058,0.0029,0.0009
112,0.0035,0.0067,0.0027,0.0011
113,0.0037,0.0076,0.0032,0.0009
114,0.0038,0.0053,0.0028,0.0009
115,0.0038,0.0050,0.0027,0.0011
116,0.0025,0.0058,0.0029,0.0009
117,0.0025,0.0058,0.0029,0.0009
118,0.0038,0.0050,0.0027,0.0011
119,0.0035,0.0067,0.0027,0.0011
120,0.0025,0.0058,0.0029,0.0009
121,0.0038,0.0050,0.0027,0.0011
122,0.0025,0.0058,0.0029,0.0009
123,0.0029,0.0072,0.0032,0.0007
124,0.0035,0.0067,0.0027,0.0011
125,0.0043,0.0055,0.0028,0.0008
126,0.0025,0.0058,0.0029,0.0009
127,0.0025,0.0058,0.0029,0.0009
128,0.0038,0.0050,0.0027,0.0011
129,0.0025,0.0058,0.0029,0.0009
130,0.0035,0.0067,0.0027,0.0011
131,0.0038,0.0050,0.0027,0.0011
132,0.0025,0.0058,0.0029,0.0009
133,0.0025,0.0058,0.0029,0.0009
134,0.0038,0.0050,0.0027,0.0011
135,0.0028,0.0084,0.0032,0.0011
136,0.0044,0.0057,0.0027,0.0009
137,0.0025,0.0058,0.0029,0.0009
138,0.0038,0.0050,0.0027,0.0011
139,0.0025,0.0058,0.0029,0.0009
140,0.0025,0.0058,0.0029,0.0009
141,0.0035,0.0067,0.0027,0.0011
142,0.0043,0.0046,0.0051,0.0025
143,0.0046,0.0043,0.0044,0.0021
144,0.0051,0.0050,0.0057,0.0050
145,0.0063,0.0045,0.0034,0.0021
146,0.0027,0.0082,0.0030,0.0011
147,0.0041,0.0059,0.0028,0.0010
148,0.0032,0.0067,0.0036,0.0012
149,0.0063,0.0050,0.0030,0.0018
150,0.0057,0.0052,0.0029,0.0014
151,0.0055,0.0046,0.0027,0.0013
152,0.0027,0.0062,0.0027,0.0013
153,0.0030,0.0056,0.0029,0.0006
154,0.0031,0.0053,0.0029,0.0011
155,0.0031,0.0062,0.0030,0.0010
156,0.0037,0.0065,0.0030,0.0009
157,0.0029,0.0078,0.0029,0.0014
158,0.0038,0.0071,0.0031,0.0017
159,0.0036,0.0070,0.0032,0.0009
160,0.0031,0.0078,0.0035,0.0013
161,0.0041,0.0063,0.0035,0.0012
162,0.0027,0.0074,0.0033,0.0007
163,0.0030,0.0087,0.0037,0.0012
164,0.0030,0.0068,0.0037,0.0016
165,0.0032,0.0080,0.0038,0.0017
166,0.0034,0.0082,0.0029,0.0084
167,0.0045,0.0069,0.0038,0.0076
168,0.0032,0.0079,0.0030,0.0073
169,0.0036,0.0064,0.0030,0.0006
170,0.0032,0.0079,0.0030,0.0073
171,0.0032,0.0079,0.0030,0.0073
172,0.0032,0.0079,0.0030,0.0073
173,0.0032,0.0079,0.0030,0.0073
174,0.0032,0.0079,0.0030,0.0073
175,0.0024,0.0051,0.0028,0.0009
176,0.0024,0.0051,0.0028,0.0009
177,0.0039,0.0043,0.0026,0.0011
178,0.0025,0.0053,0.0029,0.0011
179,0.0039,0.0061,0.0027,0.0013
180,0.0037,0.0066,0.0030,0.0008
181,0.0025,0.0049,0.0030,0.0012
182,0.0037,0.0056,0.0031,0.0009
183,0.0038,0.0058,0.0031,0.0009
184,0.0037,0.0051,0.0035,0.0013
185,0.0026,0.0072,0.0029,0.0011
186,0.0027,0.0064,0.0032,0.0007
187,0.0031,0.0057,0.0035,0.0012
188,0.0030,0.0068,0.0035,0.0012
189,0.0032,0.0070,0.0038,0.0015
190,0.0036,0.0063,0.0027,0.0015
191,0.0038,0.0068,0.0031,0.0011
192,0.0033,0.0068,0.0028,0.0084
193,0.0036,0.0063,0.0028,0.0076
194,0.0041,0.0060,0.0038,0.0070
195,0.0047,0.0068,0.0032,0.0059
196,0.0047,0.0066,0.0034,0.0054
197,0.0029,0.0092,0.0032,0.0046
198,0.0026,0.0070,0.0033,0.0035
199,0.0024,0.0064,0.0032,0.0027
200,0.0027,0.0057,0.0028,0.0021
201,0.0036,0.0059,0.0029,0.0015
202,0.0039,0.0069,0.0035,0.0014
203,0.0037,0.0056,0.0031,0.0009
204,0.0044,0.0043,0.0027,0.0014
205,0.0024,0.0051,0.0027,0.0021
206,0.0025,0.0054,0.0026,0.0030
207,0.0046,0.0066,0.0026,0.0039
208,0.0032,0.0060,0.0028,0.0048
209,0.0036,0.0062,0.0030,0.0056
210,0.0035,0.0054,0.0037,0.0065
211,0.0041,0.0059,0.0035,0.0072
212,0.0041,0.0070,0.0029,0.0077
213,0.0044,0.0063,0.0029,0.0020
214,0.0045,0.0055,0.0047,0.0089
215,0.0038,0.0058,0.0031,0.0009
216,0.0024,0.0051,0.0028,0.0009
217,0.0039,0.0043,0.0026,0.0011
218,0.0035,0.0059,0.0027,0.0011
219,0.0024,0.0051,0.0028,0.0009
220,0.0039,0.0043,0.0026,0.0011
221,0.0024,0.0051,0.0028,0.0009
222,0.0024,0.0051,0.0028,0.0009
223,0.0035,0.0059,0.0027,0.0011
224,0.0038,0.0078,0.0032,0.0012
225,0.0040,0.0066,0.0027,0.0088
226,0.0024,0.0051,0.0028,0.0009
227,0.0024,0.0051,0.0028,0.0009
228,0.0037,0.0051,0.0035,0.0013
229,0.0024,0.0051,0.0028,0.0009
230,0.0035,0.0059,0.0027,0.0011
231,0.0039,0.0043,0.0026,0.0011
232,0.0024,0.0051,0.0028,0.0009
233,0.0024,0.0051,0.0028,0.0009
234,0.0039,0.0043,0.0026,0.0011
235,0.0035,0.0059,0.0027,0.0011
236,0.0041,0.0062,0.0026,0.0079
237,0.0024,0.0051,0.0028,0.0009
238,0.0039,0.0043,0.0026,0.0011
239,0.0024,0.0051,0.0028,0.0009
240,0.0028,0.0062,0.0031,0.0008
241,0.0035,0.0059,0.0027,0.0011
242,0.0024,0.0051,0.0028,0.0009
243,0.0024,0.0051,0.0028,0.0009
244,0.0039,0.0043,0.0026,0.0011
245,0.0024,0.0051,0.0028,0.0009
246,0.0035,0.0059,0.0027,0.0011
247,0.0047,0.0064,0.0026,0.0072
248,0.0039,0.0043,0.0026,0.0011
249,0.0024,0.0051,0.0028,0.0009
250,0.0024,0.0051,0.0028,0.0009
251,0.0039,0.0043,0.0026,0.0011
252,0.0027,0.0073,0.0031,0.0011
253,0.0024,0.0051,0.0028,0.0009
254,0.0039,0.0043,0.0026,0.0011
255,0.0024,0.0051,0.0028,0.0009
256,0.0024,0.0051,0.0028,0.0009
257,0.0035,0.0059,0.0027,0.0011
258,0.0049,0.0068,0.0028,0.0064
259,0.0042,0.0043,0.0050,0.0021
260,0.0047,0.0039,0.0044,0.0019
261,0.0047,0.0046,0.0057,0.0048
262,0.0066,0.0039,0.0034,0.0021
263,0.0026,0.0072,0.0029,0.0011
264,0.0031,0.0057,0.0035,0.0012
265,0.0065,0.0043,0.0030,0.0018
266,0.0058,0.0045,0.0028,0.0014
267,0.0056,0.0039,0.0026,0.0012
268,0.0026,0.0055,0.0027,0.0013
269,0.0053,0.0066,0.0034,0.0062
270,0.0029,0.0048,0.0028,0.0006
271,0.0031,0.0046,0.0029,0.0011
272,0.0031,0.0054,0.0030,0.0010
273,0.0037,0.0056,0.0031,0.0009
274,0.0027,0.0068,0.0028,0.0013
275,0.0034,0.0060,0.0031,0.0009
276,0.0030,0.0068,0.0035,0.0012
277,0.0041,0.0053,0.0035,0.0013
278,0.0027,0.0064,0.0032,0.0007
279,0.0029,0.0075,0.0038,0.0012
280,0.0038,0.0074,0.0031,0.0049
281,0.0029,0.0060,0.0036,0.0015
282,0.0032,0.0070,0.0038,0.0015
283,0.0033,0.0068,0.0028,0.0084
284,0.0045,0.0058,0.0039,0.0077
285,0.0031,0.0070,0.0030,0.0069
286,0.0031,0.0070,0.0030,0.0069
287,0.0031,0.0070,0.0030,0.0069
288,0.0031,0.0070,0.0030,0.0069
289,0.0031,0.0070,0.0030,0.0069
290,0.0031,0.0070,0.0030,0.0069
291,0.0035,0.0069,0.0032,0.0040
292,0.0023,0.0038,0.0029,0.0009
293,0.0023,0.0038,0.0029,0.0009
294,0.0040,0.0031,0.0026,0.0012
295,0.0024,0.0039,0.0030,0.0011
296,0.0038,0.0044,0.0027,0.0011
297,0.0024,0.0037,0.0029,0.0012
298,0.0037,0.0038,0.0031,0.0009
299,0.0037,0.0039,0.0031,0.0009
300,0.0038,0.0036,0.0035,0.0014
301,0.0025,0.0053,0.0029,0.0011
302,0.0034,0.0064,0.0031,0.0032
303,0.0025,0.0047,0.0031,0.0007
304,0.0030,0.0040,0.0035,0.0012
305,0.0029,0.0049,0.0035,0.0011
306,0.0030,0.0050,0.0040,0.0012
307,0.0035,0.0046,0.0026,0.0013
308,0.0031,0.0045,0.0027,0.0089
309,0.0035,0.0045,0.0027,0.0081
310,0.0042,0.0041,0.0038,0.0072
311,0.0048,0.0050,0.0031,0.0063
312,0.0046,0.0047,0.0034,0.0055
313,0.0034,0.0057,0.0031,0.0023
314,0.0026,0.0072,0.0030,0.0047
315,0.0025,0.0052,0.0032,0.0037
316,0.0023,0.0048,0.0032,0.0028
317,0.0028,0.0043,0.0027,0.0023
318,0.0036,0.0042,0.0029,0.0015
319,0.0037,0.0038,0.0031,0.0009
320,0.0044,0.0030,0.0026,0.0014
321,0.0024,0.0040,0.0027,0.0021
322,0.0024,0.0044,0.0026,0.0030
323,0.0043,0.0055,0.0025,0.0038
324,0.0042,0.0059,0.0030,0.0017
325,0.0032,0.0049,0.0028,0.0048
326,0.0036,0.0049,0.0029,0.0056
327,0.0032,0.0041,0.0036,0.0062
328,0.0039,0.0044,0.0034,0.0073
329,0.0029,0.0051,0.0025,0.0087
330,0.0040,0.0040,0.0048,0.0088
331,0.0037,0.0039,0.0031,0.0009
332,0.0023,0.0038,0.0029,0.0009
333,0.0040,0.0031,0.0026,0.0012
334,0.0036,0.0043,0.0027,0.0010
335,0.0039,0.0079,0.0035,0.0016
336,0.0043,0.0055,0.0028,0.0008
337,0.0023,0.0038,0.0029,0.0009
338,0.0040,0.0031,0.0026,0.0012
339,0.0023,0.0038,0.0029,0.0009
340,0.0023,0.0038,0.0029,0.0009
341,0.0036,0.0043,0.0027,0.0010
342,0.0023,0.0038,0.0029,0.0009
343,0.0023,0.0038,0.0029,0.0009
344,0.0038,0.0036,0.0035,0.0014
345,0.0023,0.0038,0.0029,0.0009
346,0.0036,0.0043,0.0027,0.0010
347,0.0033,0.0050,0.0027,0.0011
348,0.0040,0.0031,0.0026,0.0012
349,0.0023,0.0038,0.0029,0.0009
350,0.0023,0.0038,0.0029,0.0009
351,0.0040,0.0031,0.0026,0.0012
352,0.0036,0.0043,0.0027,0.0010
353,0.0023,0.0038,0.0029,0.0009
354,0.0040,0.0031,0.0026,0.0012
355,0.0023,0.0038,0.0029,0.0009
356,0.0027,0.0044,0.0031,0.0007
357,0.0036,0.0043,0.0027,0.0010
358,0.0033,0.0050,0.0026,0.0020
359,0.0023,0.0038,0.0029,0.0009
360,0.0023,0.0038,0.0029,0.0009
361,0.0040,0.0031,0.0026,0.0012
362,0.0023,0.0038,0.0029,0.0009
363,0.0036,0.0043,0.0027,0.0010
364,0.0040,0.0031,0.0026,0.0012
365,0.0023,0.0038,0.0029,0.0009
366,0.0023,0.0038,0.0029,0.0009
367,0.0040,0.0031,0.0026,0.0012
368,0.0026,0.0052,0.0032,0.0011
369,0.0033,0.0053,0.0025,0.0030
370,0.0023,0.0038,0.0029,0.0009
371,0.0040,0.0031,0.0026,0.0012
372,0.0023,0.0038,0.0029,0.0009
373,0.0023,0.0038,0.0029,0.0009
374,0.0036,0.0043,0.0027,0.0010
375,0.0043,0.0035,0.0049,0.0015
376,0.0052,0.0030,0.0042,0.0016
377,0.0043,0.0038,0.0054,0.0045
378,0.0070,0.0028,0.0033,0.0022
379,0.0025,0.0053,0.0029,0.0011
380,0.0047,0.0064,0.0030,0.0054
381,0.0030,0.0040,0.0035,0.0012
382,0.0069,0.0030,0.0029,0.0020
383,0.0060,0.0031,0.0028,0.0016
384,0.0060,0.0028,0.0025,0.0013
385,0.0025,0.0043,0.0027,0.0013
386,0.0027,0.0034,0.0028,0.0005
387,0.0030,0.0033,0.0028,0.0011
388,0.0031,0.0038,0.0030,0.0010
389,0.0037,0.0038,0.0031,0.0009
390,0.0026,0.0051,0.0026,0.0011
391,0.0035,0.0060,0.0025,0.0052
392,0.0033,0.0041,0.0031,0.0008
393,0.0029,0.0049,0.0035,0.0011
394,0.0040,0.0036,0.0036,0.0013
395,0.0025,0.0047,0.0031,0.0007
396,0.0027,0.0052,0.0039,0.0011
397,0.0028,0.0043,0.0036,0.0014
398,0.0030,0.0050,0.0040,0.0012
399,0.0031,0.0045,0.0027,0.0089
400,0.0046,0.0038,0.0039,0.0080
401,0.0030,0.0052,0.0029,0.0070
402,0.0035,0.0061,0.0026,0.0063
403,0.0030,0.0052,0.0029,0.0070
404,0.0030,0.0052,0.0029,0.0070
405,0.0030,0.0052,0.0029,0.0070
406,0.0030,0.0052,0.0029,0.0070
407,0.0030,0.0052,0.0029,0.0070
408,0.0022,0.0030,0.0027,0.0009
409,0.0022,0.0030,0.0027,0.0009
410,0.0036,0.0024,0.0023,0.0011
411,0.0024,0.0029,0.0028,0.0012
412,0.0038,0.0032,0.0026,0.0010
413,0.0037,0.0059,0.0027,0.0074
414,0.0022,0.0030,0.0027,0.0012
415,0.0037,0.0027,0.0030,0.0008
416,0.0037,0.0027,0.0030,0.0007
417,0.0038,0.0026,0.0034,0.0014
418,0.0024,0.0037,0.0027,0.0010
419,0.0025,0.0033,0.0031,0.0007
420,0.0030,0.0028,0.0035,0.0012
421,0.0028,0.0034,0.0034,0.0011
422,0.0028,0.0033,0.0040,0.0011
423,0.0035,0.0033,0.0026,0.0011
424,0.0036,0.0058,0.0028,0.0085
425,0.0031,0.0032,0.0027,0.0088
426,0.0035,0.0033,0.0027,0.0080
427,0.0044,0.0030,0.0038,0.0069
428,0.0047,0.0037,0.0030,0.0062
429,0.0043,0.0033,0.0032,0.0055
430,0.0026,0.0060,0.0028,0.0045
431,0.0025,0.0040,0.0030,0.0036
432,0.0023,0.0036,0.0030,0.0027
433,0.0025,0.0036,0.0024,0.0021
434,0.0036,0.0030,0.0028,0.0016
435,0.0049,0.0069,0.0038,0.0076
436,0.0037,0.0027,0.0030,0.0008
437,0.0043,0.0023,0.0025,0.0014
438,0.0024,0.0031,0.0026,0.0021
439,0.0024,0.0034,0.0026,0.0029
440,0.0045,0.0045,0.0025,0.0038
441,0.0033,0.0037,0.0027,0.0046
442,0.0039,0.0035,0.0029,0.0054
443,0.0030,0.0029,0.0037,0.0059
444,0.0040,0.0030,0.0033,0.0072
445,0.0031,0.0036,0.0026,0.0088
446,0.0045,0.0074,0.0030,0.0021
447,0.0041,0.0067,0.0029,0.0096
448,0.0033,0.0036,0.0050,0.0085
449,0.0037,0.0027,0.0030,0.0007
450,0.0022,0.0030,0.0027,0.0009
451,0.0036,0.0024,0.0023,0.0011
452,0.0036,0.0031,0.0026,0.0011
453,0.0022,0.0030,0.0027,0.0009
454,0.0036,0.0024,0.0023,0.0011
455,0.0022,0.0030,0.0027,0.0009
456,0.0022,0.0030,0.0027,0.0009
457,0.0036,0.0031,0.0026,0.0011
458,0.0044,0.0057,0.0027,0.0009
459,0.0022,0.0030,0.0027,0.0009
460,0.0022,0.0030,0.0027,0.0009
461,0.0038,0.0026,0.0034,0.0014
462,0.0022,0.0030,0.0027,0.0009
463,0.0036,0.0031,0.0026,0.0011
464,0.0036,0.0024,0.0023,0.0011
465,0.0022,0.0030,0.0027,0.0009
466,0.0022,0.0030,0.0027,0.0009
467,0.0036,0.0024,0.0023,0.0011
468,0.0036,0.0031,0.0026,0.0011
469,0.0033,0.0050,0.0028,0.0009
470,0.0022,0.0030,0.0027,0.0009
471,0.0036,0.0024,0.0023,0.0011
472,0.0022,0.0030,0.0027,0.0009
473,0.0026,0.0031,0.0030,0.0006
474,0.0036,0.0031,0.0026,0.0011
475,0.0022,0.0030,0.0027,0.0009
476,0.0022,0.0030,0.0027,0.0009
477,0.0036,0.0024,0.0023,0.0011
478,0.0022,0.0030,0.0027,0.0009
479,0.0036,0.0031,0.0026,0.0011
480,0.0033,0.0050,0.0028,0.0009
481,0.0036,0.0024,0.0023,0.0011
482,0.0022,0.0030,0.0027,0.0009
483,0.0022,0.0030,0.0027,0.0009
484,0.0036,0.0024,0.0023,0.0011
485,0.0025,0.0036,0.0031,0.0011
486,0.0022,0.0030,0.0027,0.0009
487,0.0036,0.0024,0.0023,0.0011
488,0.0022,0.0030,0.0027,0.0009
489,0.0022,0.0030,0.0027,0.0009
490,0.0036,0.0031,0.0026,0.0011
491,0.0041,0.0058,0.0029,0.0013
492,0.0044,0.0029,0.0046,0.0013
493,0.0052,0.0025,0.0039,0.0016
494,0.0042,0.0034,0.0050,0.0046
495,0.0070,0.0021,0.0031,0.0023
496,0.0024,0.0037,0.0027,0.0010
497,0.0030,0.0028,0.0035,0.0012
498,0.0067,0.0022,0.0027,0.0021
499,0.0060,0.0022,0.0026,0.0016
500,0.0061,0.0023,0.0024,0.0013
501,0.0025,0.0032,0.0026,0.0014
502,0.0033,0.0050,0.0028,0.0009
503,0.0026,0.0026,0.0026,0.0005
504,0.0027,0.0027,0.0026,0.0011
505,0.0033,0.0027,0.0030,0.0011
506,0.0037,0.0027,0.0030,0.0008
507,0.0026,0.0036,0.0026,0.0010
508,0.0033,0.0028,0.0030,0.0007
509,0.0028,0.0034,0.0034,0.0011
510,0.0039,0.0026,0.0035,0.0012
511,0.0025,0.0033,0.0031,0.0007
512,0.0027,0.0035,0.0039,0.0011
513,0.0033,0.0050,0.0028,0.0009
514,0.0028,0.0030,0.0035,0.0014
515,0.0028,0.0033,0.0040,0.0011
516,0.0031,0.0032,0.0027,0.0088
517,0.0047,0.0026,0.0040,0.0077
518,0.0028,0.0037,0.0028,0.0071
519,0.0028,0.0037,0.0028,0.0071
520,0.0028,0.0037,0.0028,0.0071
521,0.0028,0.0037,0.0028,0.0071
522,0.0028,0.0037,0.0028,0.0071
523,0.0028,0.0037,0.0028,0.0071
524,0.0033,0.0050,0.0028,0.0009
525,0.0022,0.0027,0.0026,0.0010
526,0.0022,0.0027,0.0026,0.0010
527,0.0035,0.0023,0.0023,0.0011
528,0.0024,0.0026,0.0028,0.0012
529,0.0038,0.0027,0.0025,0.0010
530,0.0022,0.0029,0.0026,0.0012
531,0.0037,0.0022,0.0030,0.0008
532,0.0037,0.0023,0.0030,0.0007
533,0.0037,0.0023,0.0033,0.0014
534,0.0024,0.0031,0.0027,0.0010
535,0.0033,0.0050,0.0028,0.0009
536,0.0025,0.0027,0.0031,0.0008
537,0.0029,0.0025,0.0035,0.0012
538,0.0027,0.0028,0.0034,0.0011
539,0.0028,0.0028,0.0039,0.0011
540,0.0036,0.0028,0.0025,0.0011
541,0.0032,0.0029,0.0027,0.0086
542,0.0034,0.0030,0.0027,0.0078
543,0.0043,0.0028,0.0038,0.0068
544,0.0047,0.0033,0.0030,0.0060
545,0.0042,0.0027,0.0031,0.0054
546,0.0041,0.0058,0.0029,0.0013
547,0.0026,0.0057,0.0028,0.0043
548,0.0025,0.0035,0.0029,0.0035
549,0.0023,0.0032,0.0028,0.0027
550,0.0024,0.0035,0.0024,0.0020
551,0.0036,0.0026,0.0027,0.0016
552,0.0037,0.0022,0.0030,0.0008
553,0.0043,0.0021,0.0024,0.0014
554,0.0024,0.0028,0.0025,0.0020
555,0.0025,0.0030,0.0025,0.0028
556,0.0046,0.0039,0.0024,0.0038
557,0.0041,0.0082,0.0028,0.0090
558,0.0033,0.0050,0.0028,0.0009
559,0.0035,0.0031,0.0028,0.0045
560,0.0042,0.0030,0.0029,0.0053
561,0.0032,0.0025,0.0038,0.0058
562,0.0042,0.0024,0.0034,0.0071
563,0.0030,0.0030,0.0026,0.0086
564,0.0032,0.0036,0.0051,0.0085
565,0.0037,0.0023,0.0030,0.0007
566,0.0022,0.0027,0.0026,0.0010
567,0.0035,0.0023,0.0023,0.0011
568,0.0036,0.0027,0.0025,0.0011
569,0.0033,0.0050,0.0028,0.0009
570,0.0022,0.0027,0.0026,0.0010
571,0.0035,0.0023,0.0023,0.0011
572,0.0022,0.0027,0.0026,0.0010
573,0.0022,0.0027,0.0026,0.0010
574,0.0036,0.0027,0.0025,0.0011
575,0.0022,0.0027,0.0026,0.0010
576,0.0022,0.0027,0.0026,0.0010
577,0.0037,0.0023,0.0033,0.0014
578,0.0022,0.0027,0.0026,0.0010
579,0.0036,0.0027,0.0025,0.0011
580,0.0041,0.0059,0.0028,0.0010
581,0.0035,0.0023,0.0023,0.0011
582,0.0022,0.0027,0.0026,0.0010
583,0.0022,0.0027,0.0026,0.0010
584,0.0035,0.0023,0.0023,0.0011
585,0.0036,0.0027,0.0025,0.0011
586,0.0022,0.0027,0.0026,0.0010
587,0.0035,0.0023,0.0023,0.0011
588,0.0022,0.0027,0.0026,0.0010
589,0.0027,0.0026,0.0030,0.0006
590,0.0036,0.0027,0.0025,0.0011
591,0.0033,0.0050,0.0028,0.0009
592,0.0022,0.0027,0.0026,0.0010
593,0.0022,0.0027,0.0026,0.0010
594,0.0035,0.0023,0.0023,0.0011
595,0.0022,0.0027,0.0026,0.0010
596,0.0036,0.0027,0.0025,0.0011
597,0.0035,0.0023,0.0023,0.0011
598,0.0022,0.0027,0.0026,0.0010
599,0.0022,0.0027,0.0026,0.0010
600,0.0035,0.0023,0.0023,0.0011
601,0.0025,0.0030,0.0031,0.0011
602,0.0041,0.0058,0.0029,0.0013
603,0.0022,0.0027,0.0026,0.0010
604,0.0035,0.0023,0.0023,0.0011
605,0.0022,0.0027,0.0026,0.0010
606,0.0022,0.0027,0.0026,0.0010
607,0.0036,0.0027,0.0025,0.0011
608,0.0044,0.0028,0.0044,0.0013
609,0.0053,0.0023,0.0038,0.0016
610,0.0042,0.0032,0.0047,0.0047
611,0.0070,0.0019,0.0030,0.0023
612,0.0024,0.0031,0.0027,0.0010
613,0.0033,0.0050,0.0028,0.0009
614,0.0029,0.0025,0.0035,0.0012
615,0.0067,0.0020,0.0026,0.0021
616,0.0060,0.0020,0.0026,0.0016
617,0.0060,0.0021,0.0023,0.0013
618,0.0025,0.0028,0.0026,0.0014
619,0.0026,0.0023,0.0026,0.0006
620,0.0028,0.0025,0.0025,0.0011
621,0.0033,0.0023,0.0029,0.0011
622,0.0037,0.0022,0.0030,0.0008
623,0.0025,0.0031,0.0026,0.0010
624,0.0033,0.0050,0.0028,0.0009
625,0.0033,0.0024,0.0030,0.0006
626,0.0027,0.0028,0.0034,0.0011
627,0.0039,0.0023,0.0034,0.0012
628,0.0025,0.0027,0.0031,0.0008
629,0.0027,0.0030,0.0038,0.0011
630,0.0027,0.0027,0.0035,0.0015
631,0.0028,0.0028,0.0039,0.0011
632,0.0032,0.0029,0.0027,0.0086
633,0.0047,0.0023,0.0040,0.0076
634,0.0027,0.0033,0.0028,0.0070
635,0.0033,0.0050,0.0028,0.0009
636,0.0027,0.0033,0.0028,0.0070
637,0.0027,0.0033,0.0028,0.0070
638,0.0027,0.0033,0.0028,0.0070
639,0.0027,0.0033,0.0028,0.0070
640,0.0027,0.0033,0.0028,0.0070
641,0.0025,0.0058,0.0026,0.0007
642,0.0025,0.0058,0.0026,0.0007
643,0.0029,0.0051,0.0023,0.0011
644,0.0024,0.0060,0.0028,0.0009
645,0.0042,0.0074,0.0028,0.0023
646,0.0033,0.0050,0.0028,0.0009
647,0.0026,0.0055,0.0027,0.0012
648,0.0040,0.0067,0.0031,0.0015
649,0.0045,0.0070,0.0032,0.0018
650,0.0039,0.0060,0.0035,0.0014
651,0.0034,0.0084,0.0032,0.0019
652,0.0036,0.0075,0.0034,0.0014
653,0.0044,0.0068,0.0038,0.0014
654,0.0035,0.0079,0.0037,0.0011
655,0.0036,0.0081,0.0039,0.0012
656,0.0043,0.0076,0.0029,0.0027
657,0.0041,0.0058,0.0029,0.0013
658,0.0033,0.0077,0.0032,0.0087
659,0.0041,0.0074,0.0033,0.0078
660,0.0043,0.0077,0.0048,0.0071
661,0.0050,0.0082,0.0038,0.0060
662,0.0060,0.0076,0.0042,0.0057
663,0.0035,0.0110,0.0035,0.0044
664,0.0027,0.0080,0.0035,0.0036
665,0.0025,0.0071,0.0033,0.0028
666,0.0024,0.0066,0.0026,0.0021
667,0.0035,0.0069,0.0029,0.0018
668,0.0042,0.0073,0.0027,0.0081
669,0.0033,0.0050,0.0028,0.0009
670,0.0040,0.0067,0.0031,0.0015
671,0.0034,0.0052,0.0023,0.0015
672,0.0025,0.0058,0.0026,0.0018
673,0.0025,0.0058,0.0026,0.0027
674,0.0050,0.0072,0.0027,0.0050
675,0.0030,0.0063,0.0029,0.0045
676,0.0036,0.0065,0.0032,0.0055
677,0.0035,0.0057,0.0038,0.0060
678,0.0052,0.0066,0.0045,0.0076
679,0.0067,0.0082,0.0045,0.0075
680,0.0033,0.0050,0.0028,0.0009
681,0.0038,0.0061,0.0062,0.0088
682,0.0045,0.0070,0.0032,0.0018
683,0.0025,0.0058,0.0026,0.0007
684,0.0029,0.0051,0.0023,0.0011
685,0.0034,0.0069,0.0027,0.0017
686,0.0025,0.0058,0.0026,0.0007
687,0.0029,0.0051,0.0023,0.0011
688,0.0025,0.0058,0.0026,0.0007
689,0.0025,0.0058,0.0026,0.0007
690,0.0034,0.0069,0.0027,0.0017
691,0.0033,0.0050,0.0028,0.0009
692,0.0025,0.0058,0.0026,0.0007
693,0.0025,0.0058,0.0026,0.0007
694,0.0039,0.0060,0.0035,0.0014
695,0.0025,0.0058,0.0026,0.0007
696,0.0034,0.0069,0.0027,0.0017
697,0.0029,0.0051,0.0023,0.0011
698,0.0025,0.0058,0.0026,0.0007
699,0.0025,0.0058,0.0026,0.0007
700,0.0029,0.0051,0.0023,0.0011
701,0.0034,0.0069,0.0027,0.0017
702,0.0038,0.0061,0.0028,0.0008
703,0.0025,0.0058,0.0026,0.0007
704,0.0029,0.0051,0.0023,0.0011
705,0.0025,0.0058,0.0026,0.0007
706,0.0038,0.0074,0.0033,0.0017
707,0.0034,0.0069,0.0027,0.0017
708,0.0025,0.0058,0.0026,0.0007
709,0.0025,0.0058,0.0026,0.0007
710,0.0029,0.0051,0.0023,0.0011
711,0.0025,0.0058,0.0026,0.0007
712,0.0034,0.0069,0.0027,0.0017
713,0.0041,0.0058,0.0029,0.0013
714,0.0029,0.0051,0.0023,0.0011
715,0.0025,0.0058,0.0026,0.0007
716,0.0025,0.0058,0.0026,0.0007
717,0.0029,0.0051,0.0023,0.0011
718,0.0034,0.0087,0.0033,0.0016
719,0.0025,0.0058,0.0026,0.0007
720,0.0029,0.0051,0.0023,0.0011
721,0.0025,0.0058,0.0026,0.0007
722,0.0025,0.0058,0.0026,0.0007
723,0.0034,0.0069,0.0027,0.0017
724,0.0033,0.0050,0.0028,0.0009
725,0.0050,0.0043,0.0039,0.0027
726,0.0044,0.0042,0.0034,0.0024
727,0.0065,0.0047,0.0042,0.0051
728,0.0053,0.0046,0.0029,0.0024
729,0.0034,0.0084,0.0032,0.0019
730,0.0044,0.0068,0.0038,0.0014
731,0.0052,0.0052,0.0026,0.0021
732,0.0046,0.0054,0.0026,0.0017
733,0.0043,0.0046,0.0023,0.0014
734,0.0027,0.0062,0.0026,0.0010
735,0.0033,0.0050,0.0028,0.0009
736,0.0026,0.0056,0.0026,0.0005
737,0.0026,0.0053,0.0025,0.0011
738,0.0030,0.0062,0.0030,0.0011
739,0.0040,0.0067,0.0031,0.0015
740,0.0036,0.0080,0.0030,0.0025
741,0.0045,0.0073,0.0033,0.0019
742,0.0035,0.0079,0.0037,0.0011
743,0.0049,0.0064,0.0037,0.0015
744,0.0036,0.0075,0.0034,0.0014
745,0.0036,0.0090,0.0037,0.0014
746,0.0033,0.0050,0.0028,0.0009
747,0.0039,0.0069,0.0038,0.0014
748,0.0036,0.0081,0.0039,0.0012
749,0.0033,0.0077,0.0032,0.0087
750,0.0047,0.0065,0.0049,0.0080
751,0.0043,0.0080,0.0038,0.0075
752,0.0043,0.0080,0.0038,0.0075
753,0.0043,0.0080,0.0038,0.0075
754,0.0043,0.0080,0.0038,0.0075
755,0.0043,0.0080,0.0038,0.0075
756,0.0043,0.0080,0.0038,0.0075
757,0.0033,0.0050,0.0028,0.0009
758,0.0025,0.0051,0.0025,0.0007
759,0.0025,0.0051,0.0025,0.0007
760,0.0028,0.0043,0.0022,0.0012
761,0.0024,0.0052,0.0026,0.0009
762,0.0037,0.0062,0.0027,0.0021
763,0.0025,0.0049,0.0025,0.0012
764,0.0036,0.0056,0.0030,0.0015
765,0.0040,0.0059,0.0031,0.0017
766,0.0037,0.0052,0.0034,0.0014
767,0.0029,0.0071,0.0031,0.0017
768,0.0041,0.0058,0.0029,0.0013
769,0.0030,0.0064,0.0033,0.0013
770,0.0038,0.0057,0.0037,0.0015
771,0.0033,0.0067,0.0035,0.0011
772,0.0034,0.0069,0.0037,0.0012
773,0.0036,0.0064,0.0027,0.0024
774,0.0033,0.0066,0.0030,0.0084
775,0.0039,0.0066,0.0031,0.0075
776,0.0043,0.0068,0.0046,0.0070
777,0.0050,0.0073,0.0036,0.0059
778,0.0055,0.0067,0.0038,0.0055
779,0.0047,0.0072,0.0026,0.0073
780,0.0033,0.0050,0.0028,0.0009
781,0.0034,0.0099,0.0032,0.0045
782,0.0026,0.0072,0.0032,0.0035
783,0.0026,0.0065,0.0029,0.0027
784,0.0024,0.0058,0.0024,0.0021
785,0.0033,0.0059,0.0028,0.0017
786,0.0036,0.0056,0.0030,0.0015
787,0.0032,0.0044,0.0022,0.0016
788,0.0026,0.0051,0.0025,0.0018
789,0.0027,0.0053,0.0025,0.0027
790,0.0043,0.0065,0.0026,0.0045
791,0.0033,0.0050,0.0028,0.0009
792,0.0031,0.0059,0.0028,0.0045
793,0.0035,0.0061,0.0031,0.0054
794,0.0036,0.0052,0.0037,0.0061
795,0.0045,0.0060,0.0042,0.0074
796,0.0045,0.0070,0.0034,0.0072
797,0.0040,0.0052,0.0060,0.0088
798,0.0040,0.0059,0.0031,0.0017
799,0.0025,0.0051,0.0025,0.0007
800,0.0028,0.0043,0.0022,0.0012
801,0.0032,0.0059,0.0026,0.0015
802,0.0033,0.0050,0.0028,0.0009
803,0.0025,0.0051,0.0025,0.0007
804,0.0028,0.0043,0.0022,0.0012
805,0.0025,0.0051,0.0025,0.0007
806,0.0025,0.0051,0.0025,0.0007
807,0.0032,0.0059,0.0026,0.0015
808,0.0025,0.0051,0.0025,0.0007
809,0.0025,0.0051,0.0025,0.0007
810,0.0037,0.0052,0.0034,0.0014
811,0.0025,0.0051,0.0025,0.0007
812,0.0032,0.0059,0.0026,0.0015
813,0.0033,0.0050,0.0028,0.0009
814,0.0028,0.0043,0.0022,0.0012
815,0.0025,0.0051,0.0025,0.0007
816,0.0025,0.0051,0.0025,0.0007
817,0.0028,0.0043,0.0022,0.0012
818,0.0032,0.0059,0.0026,0.0015
819,0.0025,0.0051,0.0025,0.0007
820,0.0028,0.0043,0.0022,0.0012
821,0.0025,0.0051,0.0025,0.0007
822,0.0032,0.0062,0.0032,0.0016
823,0.0032,0.0059,0.0026,0.0015
824,0.0040,0.0073,0.0031,0.0018
825,0.0025,0.0051,0.0025,0.0007
826,0.0025,0.0051,0.0025,0.0007
827,0.0028,0.0043,0.0022,0.0012
828,0.0025,0.0051,0.0025,0.0007
829,0.0032,0.0059,0.0026,0.0015
830,0.0028,0.0043,0.0022,0.0012
831,0.0025,0.0051,0.0025,0.0007
832,0.0025,0.0051,0.0025,0.0007
833,0.0028,0.0043,0.0022,0.0012
834,0.0029,0.0073,0.0031,0.0014
835,0.0033,0.0050,0.0028,0.0009
836,0.0025,0.0051,0.0025,0.0007
837,0.0028,0.0043,0.0022,0.0012
838,0.0025,0.0051,0.0025,0.0007
839,0.0025,0.0051,0.0025,0.0007
840,0.0032,0.0059,0.0026,0.0015
841,0.0047,0.0039,0.0038,0.0022
842,0.0043,0.0037,0.0034,0.0021
843,0.0061,0.0042,0.0041,0.0048
844,0.0055,0.0040,0.0028,0.0024
845,0.0029,0.0071,0.0031,0.0017
846,0.0033,0.0050,0.0028,0.0009
847,0.0038,0.0057,0.0037,0.0015
848,0.0052,0.0045,0.0026,0.0021
849,0.0045,0.0046,0.0025,0.0018
850,0.0043,0.0040,0.0022,0.0013
851,0.0028,0.0055,0.0025,0.0010
852,0.0024,0.0048,0.0025,0.0006
853,0.0024,0.0046,0.0024,0.0012
854,0.0028,0.0054,0.0028,0.0011
855,0.0036,0.0056,0.0030,0.0015
856,0.0029,0.0068,0.0029,0.0022
857,0.0033,0.0050,0.0028,0.0009
858,0.0037,0.0060,0.0031,0.0018
859,0.0033,0.0067,0.0035,0.0011
860,0.0044,0.0054,0.0035,0.0016
861,0.0030,0.0064,0.0033,0.0013
862,0.0030,0.0076,0.0034,0.0013
863,0.0034,0.0059,0.0037,0.0014
864,0.0034,0.0069,0.0037,0.0012
865,0.0033,0.0066,0.0030,0.0084
866,0.0047,0.0056,0.0048,0.0078
867,0.0038,0.0071,0.0034,0.0071
868,0.0033,0.0050,0.0028,0.0009
869,0.0038,0.0071,0.0034,0.0071
870,0.0038,0.0071,0.0034,0.0071
871,0.0038,0.0071,0.0034,0.0071
872,0.0038,0.0071,0.0034,0.0071
873,0.0038,0.0071,0.0034,0.0071
874,0.0027,0.0037,0.0024,0.0007
875,0.0027,0.0037,0.0024,0.0007
876,0.0026,0.0030,0.0021,0.0013
877,0.0025,0.0038,0.0025,0.0009
878,0.0032,0.0043,0.0025,0.0016
879,0.0041,0.0058,0.0029,0.0013
880,0.0025,0.0036,0.0023,0.0012
881,0.0031,0.0038,0.0028,0.0011
882,0.0033,0.0039,0.0029,0.0014
883,0.0033,0.0035,0.0031,0.0014
884,0.0027,0.0051,0.0029,0.0012
885,0.0027,0.0044,0.0032,0.0010
886,0.0029,0.0038,0.0034,0.0014
887,0.0035,0.0047,0.0033,0.0011
888,0.0037,0.0047,0.0034,0.0012
889,0.0030,0.0045,0.0026,0.0018
890,0.0047,0.0076,0.0028,0.0065
891,0.0046,0.0045,0.0053,0.0018
892,0.0033,0.0047,0.0029,0.0085
893,0.0037,0.0049,0.0029,0.0078
894,0.0042,0.0048,0.0043,0.0070
895,0.0048,0.0053,0.0032,0.0061
896,0.0047,0.0047,0.0033,0.0055
897,0.0035,0.0076,0.0027,0.0046
898,0.0026,0.0052,0.0027,0.0036
899,0.0026,0.0048,0.0026,0.0028
900,0.0023,0.0043,0.0022,0.0022
901,0.0031,0.0042,0.0026,0.0016
902,0.0041,0.0040,0.0047,0.0014
903,0.0031,0.0038,0.0028,0.0011
904,0.0030,0.0030,0.0022,0.0017
905,0.0028,0.0039,0.0025,0.0018
906,0.0028,0.0042,0.0025,0.0027
907,0.0038,0.0055,0.0025,0.0041
908,0.0030,0.0049,0.0028,0.0046
909,0.0035,0.0050,0.0030,0.0054
910,0.0034,0.0041,0.0037,0.0060
911,0.0042,0.0047,0.0040,0.0073
912,0.0029,0.0055,0.0026,0.0078
913,0.0047,0.0037,0.0040,0.0015
914,0.0038,0.0036,0.0061,0.0088
915,0.0033,0.0039,0.0029,0.0014
916,0.0027,0.0037,0.0024,0.0007
917,0.0026,0.0030,0.0021,0.0013
918,0.0030,0.0042,0.0025,0.0012
919,0.0027,0.0037,0.0024,0.0007
920,0.0026,0.0030,0.0021,0.0013
921,0.0027,0.0037,0.0024,0.0007
922,0.0027,0.0037,0.0024,0.0007
923,0.0030,0.0042,0.0025,0.0012
924,0.0057,0.0037,0.0037,0.0017
925,0.0027,0.0037,0.0024,0.0007
926,0.0027,0.0037,0.0024,0.0007
927,0.0033,0.0035,0.0031,0.0014
928,0.0027,0.0037,0.0024,0.0007
929,0.0030,0.0042,0.0025,0.0012
930,0.0026,0.0030,0.0021,0.0013
931,0.0027,0.0037,0.0024,0.0007
932,0.0027,0.0037,0.0024,0.0007
933,0.0026,0.0030,0.0021,0.0013
934,0.0030,0.0042,0.0025,0.0012
935,0.0038,0.0071,0.0031,0.0017
936,0.0027,0.0037,0.0024,0.0007
937,0.0026,0.0030,0.0021,0.0013
938,0.0027,0.0037,0.0024,0.0007
939,0.0026,0.0042,0.0030,0.0011
940,0.0030,0.0042,0.0025,0.0012
941,0.0027,0.0037,0.0024,0.0007
942,0.0027,0.0037,0.0024,0.0007
943,0.0026,0.0030,0.0021,0.0013
944,0.0027,0.0037,0.0024,0.0007
945,0.0030,0.0042,0.0025,0.0012
946,0.0037,0.0066,0.0030,0.0008
947,0.0026,0.0030,0.0021,0.0013
948,0.0027,0.0037,0.0024,0.0007
949,0.0027,0.0037,0.0024,0.0007
950,0.0026,0.0030,0.0021,0.0013
951,0.0028,0.0051,0.0029,0.0012
952,0.0027,0.0037,0.0024,0.0007
953,0.0026,0.0030,0.0021,0.0013
954,0.0027,0.0037,0.0024,0.0007
955,0.0027,0.0037,0.0024,0.0007
956,0.0030,0.0042,0.0025,0.0012
957,0.0059,0.0041,0.0032,0.0015
958,0.0042,0.0031,0.0036,0.0016
959,0.0043,0.0027,0.0032,0.0019
960,0.0054,0.0034,0.0038,0.0043
961,0.0057,0.0029,0.0028,0.0026
962,0.0027,0.0051,0.0029,0.0012
963,0.0029,0.0038,0.0034,0.0014
964,0.0054,0.0032,0.0026,0.0023
965,0.0044,0.0032,0.0025,0.0020
966,0.0045,0.0028,0.0022,0.0014
967,0.0031,0.0041,0.0025,0.0010
968,0.0056,0.0043,0.0030,0.0012
969,0.0024,0.0034,0.0024,0.0006
970,0.0023,0.0032,0.0022,0.0012
971,0.0027,0.0037,0.0027,0.0009
972,0.0031,0.0038,0.0028,0.0011
973,0.0025,0.0049,0.0028,0.0015
974,0.0030,0.0040,0.0029,0.0013
975,0.0035,0.0047,0.0033,0.0011
976,0.0037,0.0036,0.0033,0.0015
977,0.0027,0.0044,0.0032,0.0010
978,0.0028,0.0052,0.0030,0.0012
979,0.0048,0.0044,0.0029,0.0009
980,0.0029,0.0040,0.0035,0.0014
981,0.0037,0.0047,0.0034,0.0012
982,0.0033,0.0047,0.0029,0.0085
983,0.0047,0.0037,0.0047,0.0078
984,0.0032,0.0052,0.0029,0.0070
985,0.0032,0.0052,0.0029,0.0070
986,0.0032,0.0052,0.0029,0.0070
987,0.0032,0.0052,0.0029,0.0070
988,0.0032,0.0052,0.0029,0.0070
989,0.0032,0.0052,0.0029,0.0070
990,0.0036,0.0055,0.0031,0.0013
991,0.0028,0.0028,0.0024,0.0007
992,0.0028,0.0028,0.0024,0.0007
993,0.0025,0.0023,0.0023,0.0013
994,0.0026,0.0028,0.0025,0.0009
995,0.0030,0.0031,0.0025,0.0012
996,0.0028,0.0028,0.0023,0.0012
997,0.0030,0.0026,0.0027,0.0008
998,0.0031,0.0026,0.0028,0.0009
999,0.0031,0.0025,0.0030,0.0013
1000,0.0030,0.0035,0.0030,0.0011
1001,0.0053,0.0075,0.0034,0.0066
1002,0.0036,0.0048,0.0029,0.0006
1003,0.0027,0.0030,0.0032,0.0007
1004,0.0028,0.0026,0.0034,0.0012
1005,0.0038,0.0032,0.0033,0.0012
1006,0.0040,0.0031,0.0033,0.0013
1007,0.0029,0.0031,0.0026,0.0014
1008,0.0032,0.0036,0.0028,0.0085
1009,0.0036,0.0037,0.0028,0.0078
1010,0.0044,0.0036,0.0043,0.0070
1011,0.0046,0.0039,0.0030,0.0061
1012,0.0042,0.0032,0.0029,0.0055
1013,0.0033,0.0052,0.0028,0.0010
1014,0.0035,0.0063,0.0025,0.0044
1015,0.0026,0.0038,0.0026,0.0036
1016,0.0026,0.0035,0.0025,0.0027
1017,0.0025,0.0035,0.0022,0.0021
1018,0.0030,0.0029,0.0025,0.0015
1019,0.0030,0.0026,0.0027,0.0008
1020,0.0029,0.0023,0.0022,0.0017
1021,0.0026,0.0030,0.0024,0.0019
1022,0.0025,0.0033,0.0024,0.0027
1023,0.0038,0.0047,0.0024,0.0040
1024,0.0038,0.0053,0.0028,0.0009
1025,0.0029,0.0039,0.0027,0.0045
1026,0.0036,0.0039,0.0030,0.0054
1027,0.0030,0.0030,0.0037,0.0059
1028,0.0042,0.0035,0.0040,0.0073
1029,0.0032,0.0044,0.0025,0.0081
1030,0.0036,0.0028,0.0065,0.0088
1031,0.0031,0.0026,0.0028,0.0009
1032,0.0028,0.0028,0.0024,0.0007
1033,0.0025,0.0023,0.0023,0.0013
1034,0.0029,0.0030,0.0024,0.0010
1035,0.0043,0.0055,0.0028,0.0008
1036,0.0028,0.0028,0.0024,0.0007
1037,0.0025,0.0023,0.0023,0.0013
1038,0.0028,0.0028,0.0024,0.0007
1039,0.0028,0.0028,0.0024,0.0007
1040,0.0029,0.0030,0.0024,0.0010
1041,0.0028,0.0028,0.0024,0.0007
1042,0.0028,0.0028,0.0024,0.0007
1043,0.0031,0.0025,0.0030,0.0013
1044,0.0028,0.0028,0.0024,0.0007
1045,0.0029,0.0030,0.0024,0.0010
1046,0.0039,0.0067,0.0030,0.0020
1047,0.0025,0.0023,0.0023,0.0013
1048,0.0028,0.0028,0.0024,0.0007
1049,0.0028,0.0028,0.0024,0.0007
1050,0.0025,0.0023,0.0023,0.0013
1051,0.0029,0.0030,0.0024,0.0010
1052,0.0028,0.0028,0.0024,0.0007
1053,0.0025,0.0023,0.0023,0.0013
1054,0.0028,0.0028,0.0024,0.0007
1055,0.0025,0.0028,0.0030,0.0007
1056,0.0029,0.0030,0.0024,0.0010
1057,0.0041,0.0059,0.0028,0.0010
1058,0.0028,0.0028,0.0024,0.0007
1059,0.0028,0.0028,0.0024,0.0007
1060,0.0025,0.0023,0.0023,0.0013
1061,0.0028,0.0028,0.0024,0.0007
1062,0.0029,0.0030,0.0024,0.0010
1063,0.0025,0.0023,0.0023,0.0013
1064,0.0028,0.0028,0.0024,0.0007
1065,0.0028,0.0028,0.0024,0.0007
1066,0.0025,0.0023,0.0023,0.0013
1067,0.0031,0.0035,0.0028,0.0011
1068,0.0038,0.0068,0.0031,0.0011
1069,0.0028,0.0028,0.0024,0.0007
1070,0.0025,0.0023,0.0023,0.0013
1071,0.0028,0.0028,0.0024,0.0007
1072,0.0028,0.0028,0.0024,0.0007
1073,0.0029,0.0030,0.0024,0.0010
1074,0.0041,0.0025,0.0035,0.0014
1075,0.0044,0.0022,0.0031,0.0020
1076,0.0050,0.0029,0.0035,0.0041
1077,0.0057,0.0022,0.0028,0.0028
1078,0.0030,0.0035,0.0030,0.0011
1079,0.0038,0.0061,0.0028,0.0008
1080,0.0028,0.0026,0.0034,0.0012
1081,0.0052,0.0024,0.0027,0.0025
1082,0.0044,0.0024,0.0025,0.0021
1083,0.0045,0.0022,0.0022,0.0015
1084,0.0029,0.0031,0.0024,0.0011
1085,0.0024,0.0024,0.0024,0.0005
1086,0.0024,0.0025,0.0023,0.0011
1087,0.0026,0.0026,0.0026,0.0009
1088,0.0030,0.0026,0.0027,0.0008
1089,0.0024,0.0034,0.0028,0.0011
1090,0.0036,0.0064,0.0030,0.0006
1091,0.0028,0.0027,0.0029,0.0009
1092,0.0038,0.0032,0.0033,0.0012
1093,0.0033,0.0025,0.0031,0.0013
1094,0.0027,0.0030,0.0032,0.0007
1095,0.0030,0.0035,0.0028,0.0011
1096,0.0030,0.0027,0.0035,0.0014
1097,0.0040,0.0031,0.0033,0.0013
1098,0.0032,0.0036,0.0028,0.0085
1099,0.0048,0.0026,0.0047,0.0078
1100,0.0029,0.0037,0.0027,0.0071
1101,0.0043,0.0075,0.0037,0.0019
1102,0.0029,0.0037,0.0027,0.0071
1103,0.0029,0.0037,0.0027,0.0071
1104,0.0029,0.0037,0.0027,0.0071
1105,0.0029,0.0037,0.0027,0.0071
1106,0.0029,0.0037,0.0027,0.0071
1107,0.0029,0.0025,0.0024,0.0007
1108,0.0029,0.0025,0.0024,0.0007
1109,0.0025,0.0021,0.0023,0.0012
1110,0.0025,0.0024,0.0025,0.0010
1111,0.0030,0.0026,0.0025,0.0010
1112,0.0034,0.0058,0.0028,0.0009
1113,0.0038,0.0084,0.0031,0.0050
1114,0.0038,0.0068,0.0031,0.0011
1115,0.0029,0.0027,0.0024,0.0012
1116,0.0029,0.0022,0.0027,0.0007
1117,0.0030,0.0022,0.0028,0.0007
1118,0.0030,0.0022,0.0029,0.0013
1119,0.0031,0.0030,0.0030,0.0011
1120,0.0027,0.0025,0.0032,0.0008
1121,0.0027,0.0023,0.0034,0.0012
1122,0.0038,0.0026,0.0033,0.0013
1123,0.0041,0.0026,0.0033,0.0014
1124,0.0028,0.0027,0.0026,0.0012
1125,0.0039,0.0069,0.0035,0.0014
1126,0.0033,0.0033,0.0028,0.0084
1127,0.0036,0.0033,0.0028,0.0076
1128,0.0044,0.0033,0.0043,0.0070
1129,0.0046,0.0034,0.0030,0.0060
1130,0.0042,0.0026,0.0028,0.0055
1131,0.0033,0.0059,0.0025,0.0044
1132,0.0026,0.0034,0.0025,0.0035
1133,0.0027,0.0030,0.0025,0.0027
1134,0.0025,0.0033,0.0022,0.0021
1135,0.0029,0.0025,0.0024,0.0015
1136,0.0040,0.0066,0.0027,0.0088
1137,0.0029,0.0022,0.0027,0.0007
1138,0.0029,0.0021,0.0022,0.0017
1139,0.0026,0.0027,0.0025,0.0019
1140,0.0024,0.0030,0.0025,0.0027
1141,0.0038,0.0042,0.0024,0.0040
1142,0.0029,0.0034,0.0027,0.0045
1143,0.0037,0.0034,0.0030,0.0054
1144,0.0030,0.0026,0.0038,0.0059
1145,0.0044,0.0029,0.0041,0.0073
1146,0.0032,0.0039,0.0025,0.0081
1147,0.0041,0.0062,0.0026,0.0079
1148,0.0038,0.0027,0.0067,0.0088
1149,0.0030,0.0022,0.0028,0.0007
1150,0.0029,0.0025,0.0024,0.0007
1151,0.0025,0.0021,0.0023,0.0012
1152,0.0029,0.0026,0.0025,0.0010
1153,0.0029,0.0025,0.0024,0.0007
1154,0.0025,0.0021,0.0023,0.0012
1155,0.0029,0.0025,0.0024,0.0007
1156,0.0029,0.0025,0.0024,0.0007
1157,0.0029,0.0026,0.0025,0.0010
1158,0.0041,0.0070,0.0031,0.0079
1159,0.0029,0.0025,0.0024,0.0007
1160,0.0029,0.0025,0.0024,0.0007
1161,0.0030,0.0022,0.0029,0.0013
1162,0.0029,0.0025,0.0024,0.0007
1163,0.0029,0.0026,0.0025,0.0010
1164,0.0025,0.0021,0.0023,0.0012
1165,0.0029,0.0025,0.0024,0.0007
1166,0.0029,0.0025,0.0024,0.0007
1167,0.0025,0.0021,0.0023,0.0012
1168,0.0029,0.0026,0.0025,0.0010
1169,0.0041,0.0070,0.0031,0.0079
1170,0.0029,0.0025,0.0024,0.0007
1171,0.0025,0.0021,0.0023,0.0012
1172,0.0029,0.0025,0.0024,0.0007
1173,0.0025,0.0024,0.0030,0.0006
1174,0.0029,0.0026,0.0025,0.0010
1175,0.0029,0.0025,0.0024,0.0007
1176,0.0029,0.0025,0.0024,0.0007
1177,0.0025,0.0021,0.0023,0.0012
1178,0.0029,0.0025,0.0024,0.0007
1179,0.0029,0.0026,0.0025,0.0010
1180,0.0041,0.0070,0.0031,0.0079
1181,0.0025,0.0021,0.0023,0.0012
1182,0.0029,0.0025,0.0024,0.0007
1183,0.0029,0.0025,0.0024,0.0007
1184,0.0025,0.0021,0.0023,0.0012
1185,0.0031,0.0029,0.0028,0.0011
1186,0.0029,0.0025,0.0024,0.0007
1187,0.0025,0.0021,0.0023,0.0012
1188,0.0029,0.0025,0.0024,0.0007
1189,0.0029,0.0025,0.0024,0.0007
1190,0.0029,0.0026,0.0025,0.0010
1191,0.0041,0.0070,0.0031,0.0079
1192,0.0041,0.0023,0.0034,0.0014
1193,0.0045,0.0020,0.0031,0.0020
1194,0.0050,0.0028,0.0034,0.0042
1195,0.0058,0.0020,0.0029,0.0028
1196,0.0031,0.0030,0.0030,0.0011
1197,0.0027,0.0023,0.0034,0.0012
1198,0.0053,0.0022,0.0027,0.0026
1199,0.0045,0.0022,0.0025,0.0021
1200,0.0045,0.0021,0.0023,0.0015
1201,0.0028,0.0027,0.0025,0.0011
1202,0.0041,0.0070,0.0031,0.0079
1203,0.0024,0.0021,0.0024,0.0005
1204,0.0023,0.0023,0.0023,0.0011
1205,0.0026,0.0022,0.0026,0.0009
1206,0.0029,0.0022,0.0027,0.0007
1207,0.0025,0.0029,0.0029,0.0010
1208,0.0028,0.0022,0.0029,0.0007
1209,0.0038,0.0026,0.0033,0.0013
1210,0.0033,0.0022,0.0031,0.0012
1211,0.0027,0.0025,0.0032,0.0008
1212,0.0031,0.0029,0.0027,0.0012
1213,0.0041,0.0070,0.0031,0.0079
1214,0.0030,0.0024,0.0035,0.0015
1215,0.0041,0.0026,0.0033,0.0014
1216,0.0033,0.0033,0.0028,0.0084
1217,0.0049,0.0023,0.0047,0.0078
1218,0.0028,0.0032,0.0027,0.0070
1219,0.0028,0.0032,0.0027,0.0070
1220,0.0028,0.0032,0.0027,0.0070
1221,0.0028,0.0032,0.0027,0.0070
1222,0.0028,0.0032,0.0027,0.0070
1223,0.0028,0.0032,0.0027,0.0070
1224,0.0036,0.0078,0.0032,0.0041
1225,0.0033,0.0038,0.0029,0.0009
1226,0.0033,0.0038,0.0029,0.0009
1227,0.0033,0.0038,0.0029,0.0009
1228,0.0033,0.0038,0.0028,0.0011
1229,0.0044,0.0043,0.0029,0.0015
1230,0.0038,0.0037,0.0028,0.0009
1231,0.0043,0.0037,0.0028,0.0008
1232,0.0044,0.0038,0.0028,0.0009
1233,0.0041,0.0040,0.0028,0.0009
1234,0.0037,0.0052,0.0030,0.0017
1235,0.0035,0.0070,0.0032,0.0033
1236,0.0035,0.0045,0.0029,0.0006
1237,0.0035,0.0047,0.0030,0.0008
1238,0.0037,0.0048,0.0032,0.0010
1239,0.0037,0.0048,0.0036,0.0011
1240,0.0043,0.0045,0.0028,0.0018
1241,0.0039,0.0042,0.0026,0.0090
1242,0.0041,0.0042,0.0025,0.0081
1243,0.0048,0.0045,0.0025,0.0074
1244,0.0051,0.0048,0.0027,0.0066
1245,0.0052,0.0046,0.0034,0.0062
1246,0.0034,0.0064,0.0030,0.0024
1247,0.0038,0.0054,0.0031,0.0049
1248,0.0035,0.0052,0.0031,0.0040
1249,0.0033,0.0048,0.0031,0.0032
1250,0.0033,0.0042,0.0030,0.0023
1251,0.0043,0.0041,0.0031,0.0017
1252,0.0043,0.0037,0.0028,0.0008
1253,0.0032,0.0038,0.0027,0.0012
1254,0.0032,0.0040,0.0026,0.0020
1255,0.0032,0.0043,0.0025,0.0031
1256,0.0044,0.0054,0.0030,0.0052
1257,0.0042,0.0068,0.0030,0.0017
1258,0.0034,0.0049,0.0025,0.0052
1259,0.0034,0.0048,0.0025,0.0063
1260,0.0036,0.0046,0.0026,0.0074
1261,0.0035,0.0043,0.0026,0.0085
1262,0.0041,0.0049,0.0036,0.0081
1263,0.0045,0.0045,0.0026,0.0096
1264,0.0044,0.0038,0.0028,0.0009
1265,0.0033,0.0038,0.0029,0.0009
1266,0.0033,0.0038,0.0029,0.0009
1267,0.0042,0.0042,0.0029,0.0012
1268,0.0043,0.0065,0.0028,0.0008
1269,0.0033,0.0038,0.0029,0.0009
1270,0.0033,0.0038,0.0029,0.0009
1271,0.0033,0.0038,0.0029,0.0009
1272,0.0033,0.0038,0.0029,0.0009
1273,0.0042,0.0042,0.0029,0.0012
1274,0.0033,0.0038,0.0029,0.0009
1275,0.0033,0.0038,0.0029,0.0009
1276,0.0041,0.0040,0.0028,0.0009
1277,0.0033,0.0038,0.0029,0.0009
1278,0.0042,0.0042,0.0029,0.0012
1279,0.0033,0.0057,0.0027,0.0012
1280,0.0033,0.0038,0.0029,0.0009
1281,0.0033,0.0038,0.0029,0.0009
1282,0.0033,0.0038,0.0029,0.0009
1283,0.0033,0.0038,0.0029,0.0009
1284,0.0042,0.0042,0.0029,0.0012
1285,0.0033,0.0038,0.0029,0.0009
1286,0.0033,0.0038,0.0029,0.0009
1287,0.0033,0.0038,0.0029,0.0009
1288,0.0037,0.0043,0.0028,0.0007
1289,0.0042,0.0042,0.0029,0.0012
1290,0.0033,0.0057,0.0026,0.0020
1291,0.0033,0.0038,0.0029,0.0009
1292,0.0033,0.0038,0.0029,0.0009
1293,0.0033,0.0038,0.0029,0.0009
1294,0.0033,0.0038,0.0029,0.0009
1295,0.0042,0.0042,0.0029,0.0012
1296,0.0033,0.0038,0.0029,0.0009
1297,0.0033,0.0038,0.0029,0.0009
1298,0.0033,0.0038,0.0029,0.0009
1299,0.0033,0.0038,0.0029,0.0009
1300,0.0039,0.0052,0.0032,0.0018
1301,0.0033,0.0058,0.0026,0.0030
1302,0.0033,0.0038,0.0029,0.0009
1303,0.0033,0.0038,0.0029,0.0009
1304,0.0033,0.0038,0.0029,0.0009
1305,0.0033,0.0038,0.0029,0.0009
1306,0.0042,0.0042,0.0029,0.0012
1307,0.0045,0.0038,0.0052,0.0011
1308,0.0045,0.0031,0.0045,0.0012
1309,0.0053,0.0027,0.0039,0.0015
1310,0.0062,0.0026,0.0036,0.0018
1311,0.0037,0.0052,0.0030,0.0017
1312,0.0050,0.0070,0.0031,0.0056
1313,0.0035,0.0047,0.0030,0.0008
1314,0.0064,0.0027,0.0032,0.0017
1315,0.0058,0.0028,0.0030,0.0014
1316,0.0050,0.0029,0.0029,0.0010
1317,0.0035,0.0042,0.0031,0.0013
1318,0.0035,0.0033,0.0028,0.0006
1319,0.0033,0.0038,0.0028,0.0011
1320,0.0038,0.0037,0.0028,0.0009
1321,0.0043,0.0037,0.0028,0.0008
1322,0.0038,0.0050,0.0029,0.0018
1323,0.0034,0.0059,0.0028,0.0011
1324,0.0035,0.0063,0.0026,0.0051
1325,0.0041,0.0040,0.0028,0.0009
1326,0.0037,0.0048,0.0032,0.0010
1327,0.0037,0.0043,0.0028,0.0007
1328,0.0035,0.0045,0.0029,0.0006
1329,0.0042,0.0052,0.0038,0.0019
1330,0.0037,0.0048,0.0032,0.0010
1331,0.0037,0.0048,0.0036,0.0011
1332,0.0039,0.0042,0.0026,0.0090
1333,0.0041,0.0042,0.0025,0.0081
1334,0.0040,0.0051,0.0031,0.0077
1335,0.0035,0.0065,0.0026,0.0062
1336,0.0040,0.0051,0.0031,0.0077
1337,0.0040,0.0051,0.0031,0.0077
1338,0.0040,0.0051,0.0031,0.0077
1339,0.0040,0.0051,0.0031,0.0077
1340,0.0040,0.0051,0.0031,0.0077
1341,0.0032,0.0028,0.0027,0.0009
1342,0.0032,0.0028,0.0027,0.0009
1343,0.0032,0.0028,0.0027,0.0009
1344,0.0033,0.0028,0.0027,0.0011
1345,0.0044,0.0030,0.0028,0.0014
1346,0.0038,0.0064,0.0028,0.0074
1347,0.0040,0.0024,0.0028,0.0010
1348,0.0043,0.0024,0.0028,0.0007
1349,0.0044,0.0025,0.0027,0.0007
1350,0.0041,0.0026,0.0027,0.0007
1351,0.0036,0.0035,0.0029,0.0017
1352,0.0035,0.0030,0.0028,0.0006
1353,0.0035,0.0031,0.0029,0.0008
1354,0.0036,0.0031,0.0031,0.0010
1355,0.0036,0.0031,0.0037,0.0010
1356,0.0043,0.0032,0.0028,0.0017
1357,0.0040,0.0065,0.0030,0.0086
1358,0.0039,0.0027,0.0025,0.0089
1359,0.0040,0.0029,0.0025,0.0081
1360,0.0049,0.0031,0.0025,0.0074
1361,0.0049,0.0034,0.0026,0.0065
1362,0.0049,0.0031,0.0032,0.0062
1363,0.0038,0.0039,0.0029,0.0049
1364,0.0035,0.0038,0.0029,0.0040
1365,0.0033,0.0035,0.0029,0.0032
1366,0.0033,0.0031,0.0028,0.0023
1367,0.0043,0.0028,0.0030,0.0017
1368,0.0065,0.0082,0.0044,0.0076
1369,0.0043,0.0024,0.0028,0.0007
1370,0.0032,0.0029,0.0026,0.0012
1371,0.0032,0.0030,0.0026,0.0020
1372,0.0032,0.0033,0.0025,0.0030
1373,0.0045,0.0043,0.0029,0.0052
1374,0.0034,0.0036,0.0024,0.0051
1375,0.0036,0.0033,0.0025,0.0062
1376,0.0037,0.0031,0.0026,0.0073
1377,0.0035,0.0028,0.0026,0.0084
1378,0.0043,0.0035,0.0036,0.0082
1379,0.0044,0.0081,0.0033,0.0098
1380,0.0044,0.0034,0.0026,0.0096
1381,0.0044,0.0025,0.0027,0.0007
1382,0.0032,0.0028,0.0027,0.0009
1383,0.0032,0.0028,0.0027,0.0009
1384,0.0042,0.0029,0.0029,0.0012
1385,0.0032,0.0028,0.0027,0.0009
1386,0.0032,0.0028,0.0027,0.0009
1387,0.0032,0.0028,0.0027,0.0009
1388,0.0032,0.0028,0.0027,0.0009
1389,0.0042,0.0029,0.0029,0.0012
1390,0.0045,0.0068,0.0028,0.0009
1391,0.0032,0.0028,0.0027,0.0009
1392,0.0032,0.0028,0.0027,0.0009
1393,0.0041,0.0026,0.0027,0.0007
1394,0.0032,0.0028,0.0027,0.0009
1395,0.0042,0.0029,0.0029,0.0012
1396,0.0032,0.0028,0.0027,0.0009
1397,0.0032,0.0028,0.0027,0.0009
1398,0.0032,0.0028,0.0027,0.0009
1399,0.0032,0.0028,0.0027,0.0009
1400,0.0042,0.0029,0.0029,0.0012
1401,0.0034,0.0058,0.0028,0.0009
1402,0.0032,0.0028,0.0027,0.0009
1403,0.0032,0.0028,0.0027,0.0009
1404,0.0032,0.0028,0.0027,0.0009
1405,0.0036,0.0028,0.0027,0.0006
1406,0.0042,0.0029,0.0029,0.0012
1407,0.0032,0.0028,0.0027,0.0009
1408,0.0032,0.0028,0.0027,0.0009
1409,0.0032,0.0028,0.0027,0.0009
1410,0.0032,0.0028,0.0027,0.0009
1411,0.0042,0.0029,0.0029,0.0012
1412,0.0034,0.0058,0.0028,0.0009
1413,0.0032,0.0028,0.0027,0.0009
1414,0.0032,0.0028,0.0027,0.0009
1415,0.0032,0.0028,0.0027,0.0009
1416,0.0032,0.0028,0.0027,0.0009
1417,0.0038,0.0035,0.0031,0.0018
1418,0.0032,0.0028,0.0027,0.0009
1419,0.0032,0.0028,0.0027,0.0009
1420,0.0032,0.0028,0.0027,0.0009
1421,0.0032,0.0028,0.0027,0.0009
1422,0.0042,0.0029,0.0029,0.0012
1423,0.0041,0.0067,0.0030,0.0013
1424,0.0046,0.0033,0.0049,0.0009
1425,0.0046,0.0027,0.0042,0.0012
1426,0.0056,0.0021,0.0037,0.0017
1427,0.0061,0.0018,0.0034,0.0020
1428,0.0036,0.0035,0.0029,0.0017
1429,0.0035,0.0031,0.0029,0.0008
1430,0.0062,0.0018,0.0029,0.0019
1431,0.0058,0.0019,0.0028,0.0015
1432,0.0050,0.0019,0.0028,0.0010
1433,0.0035,0.0031,0.0030,0.0013
1434,0.0045,0.0071,0.0029,0.0017
1435,0.0034,0.0058,0.0028,0.0009
1436,0.0034,0.0024,0.0027,0.0006
1437,0.0033,0.0028,0.0027,0.0011
1438,0.0040,0.0024,0.0028,0.0010
1439,0.0043,0.0024,0.0028,0.0007
1440,0.0038,0.0035,0.0028,0.0017
1441,0.0041,0.0026,0.0027,0.0007
1442,0.0036,0.0031,0.0031,0.0010
1443,0.0036,0.0028,0.0027,0.0006
1444,0.0035,0.0030,0.0028,0.0006
1445,0.0041,0.0035,0.0038,0.0019
1446,0.0034,0.0058,0.0028,0.0009
1447,0.0036,0.0031,0.0031,0.0010
1448,0.0036,0.0031,0.0037,0.0010
1449,0.0039,0.0027,0.0025,0.0089
1450,0.0040,0.0029,0.0025,0.0081
1451,0.0038,0.0036,0.0030,0.0077
1452,0.0038,0.0036,0.0030,0.0077
1453,0.0038,0.0036,0.0030,0.0077
1454,0.0038,0.0036,0.0030,0.0077
1455,0.0038,0.0036,0.0030,0.0077
1456,0.0038,0.0036,0.0030,0.0077
1457,0.0034,0.0058,0.0028,0.0009
1458,0.0032,0.0025,0.0026,0.0010
1459,0.0032,0.0025,0.0026,0.0010
1460,0.0032,0.0025,0.0026,0.0010
1461,0.0033,0.0024,0.0027,0.0012
1462,0.0045,0.0025,0.0028,0.0014
1463,0.0040,0.0020,0.0027,0.0011
1464,0.0043,0.0020,0.0027,0.0007
1465,0.0044,0.0019,0.0027,0.0006
1466,0.0041,0.0021,0.0027,0.0007
1467,0.0036,0.0029,0.0029,0.0017
1468,0.0034,0.0058,0.0028,0.0009
1469,0.0035,0.0024,0.0028,0.0007
1470,0.0035,0.0025,0.0029,0.0008
1471,0.0035,0.0025,0.0031,0.0010
1472,0.0036,0.0024,0.0036,0.0010
1473,0.0044,0.0026,0.0028,0.0017
1474,0.0039,0.0023,0.0025,0.0088
1475,0.0040,0.0024,0.0025,0.0079
1476,0.0048,0.0027,0.0025,0.0072
1477,0.0049,0.0030,0.0026,0.0064
1478,0.0048,0.0025,0.0031,0.0061
1479,0.0041,0.0067,0.0030,0.0013
1480,0.0038,0.0034,0.0028,0.0048
1481,0.0034,0.0034,0.0028,0.0040
1482,0.0033,0.0031,0.0027,0.0032
1483,0.0033,0.0028,0.0028,0.0024
1484,0.0043,0.0023,0.0029,0.0017
1485,0.0043,0.0020,0.0027,0.0007
1486,0.0032,0.0026,0.0025,0.0012
1487,0.0032,0.0026,0.0025,0.0020
1488,0.0032,0.0028,0.0024,0.0029
1489,0.0046,0.0036,0.0029,0.0052
1490,0.0034,0.0058,0.0028,0.0009
1491,0.0036,0.0029,0.0024,0.0050
1492,0.0039,0.0027,0.0025,0.0061
1493,0.0039,0.0024,0.0026,0.0073
1494,0.0036,0.0021,0.0026,0.0085
1495,0.0043,0.0028,0.0036,0.0081
1496,0.0042,0.0031,0.0026,0.0095
1497,0.0044,0.0019,0.0027,0.0006
1498,0.0032,0.0025,0.0026,0.0010
1499,0.0032,0.0025,0.0026,0.0010
1500,0.0042,0.0025,0.0028,0.0012
1501,0.0034,0.0058,0.0028,0.0009
1502,0.0032,0.0025,0.0026,0.0010
1503,0.0032,0.0025,0.0026,0.0010
1504,0.0032,0.0025,0.0026,0.0010
1505,0.0032,0.0025,0.0026,0.0010
1506,0.0042,0.0025,0.0028,0.0012
1507,0.0032,0.0025,0.0026,0.0010
1508,0.0032,0.0025,0.0026,0.0010
1509,0.0041,0.0021,0.0027,0.0007
1510,0.0032,0.0025,0.0026,0.0010
1511,0.0042,0.0025,0.0028,0.0012
1512,0.0043,0.0070,0.0029,0.0009
1513,0.0032,0.0025,0.0026,0.0010
1514,0.0032,0.0025,0.0026,0.0010
1515,0.0032,0.0025,0.0026,0.0010
1516,0.0032,0.0025,0.0026,0.0010
1517,0.0042,0.0025,0.0028,0.0012
1518,0.0032,0.0025,0.0026,0.0010
1519,0.0032,0.0025,0.0026,0.0010
1520,0.0032,0.0025,0.0026,0.0010
1521,0.0037,0.0023,0.0027,0.0006
1522,0.0042,0.0025,0.0028,0.0012
1523,0.0034,0.0058,0.0028,0.0009
1524,0.0032,0.0025,0.0026,0.0010
1525,0.0032,0.0025,0.0026,0.0010
1526,0.0032,0.0025,0.0026,0.0010
1527,0.0032,0.0025,0.0026,0.0010
1528,0.0042,0.0025,0.0028,0.0012
1529,0.0032,0.0025,0.0026,0.0010
1530,0.0032,0.0025,0.0026,0.0010
1531,0.0032,0.0025,0.0026,0.0010
1532,0.0032,0.0025,0.0026,0.0010
1533,0.0038,0.0028,0.0031,0.0018
1534,0.0041,0.0067,0.0030,0.0013
1535,0.0032,0.0025,0.0026,0.0010
1536,0.0032,0.0025,0.0026,0.0010
1537,0.0032,0.0025,0.0026,0.0010
1538,0.0032,0.0025,0.0026,0.0010
1539,0.0042,0.0025,0.0028,0.0012
1540,0.0046,0.0031,0.0048,0.0008
1541,0.0047,0.0024,0.0041,0.0012
1542,0.0055,0.0019,0.0036,0.0017
1543,0.0062,0.0016,0.0033,0.0020
1544,0.0036,0.0029,0.0029,0.0017
1545,0.0038,0.0061,0.0028,0.0009
1546,0.0034,0.0058,0.0028,0.0009
1547,0.0035,0.0025,0.0029,0.0008
1548,0.0062,0.0015,0.0028,0.0019
1549,0.0058,0.0016,0.0028,0.0015
1550,0.0048,0.0016,0.0026,0.0011
1551,0.0035,0.0026,0.0030,0.0013
1552,0.0034,0.0021,0.0027,0.0006
1553,0.0033,0.0024,0.0027,0.0012
1554,0.0040,0.0020,0.0027,0.0011
1555,0.0043,0.0020,0.0027,0.0007
1556,0.0038,0.0029,0.0028,0.0017
1557,0.0034,0.0058,0.0028,0.0009
1558,0.0041,0.0021,0.0027,0.0007
1559,0.0035,0.0025,0.0031,0.0010
1560,0.0037,0.0023,0.0027,0.0006
1561,0.0035,0.0024,0.0028,0.0007
1562,0.0041,0.0028,0.0038,0.0019
1563,0.0035,0.0025,0.0031,0.0010
1564,0.0036,0.0024,0.0036,0.0010
1565,0.0039,0.0023,0.0025,0.0088
1566,0.0040,0.0024,0.0025,0.0079
1567,0.0037,0.0030,0.0029,0.0077
1568,0.0034,0.0058,0.0028,0.0009
1569,0.0037,0.0030,0.0029,0.0077
1570,0.0037,0.0030,0.0029,0.0077
1571,0.0037,0.0030,0.0029,0.0077
1572,0.0037,0.0030,0.0029,0.0077
1573,0.0037,0.0030,0.0029,0.0077
1574,0.0028,0.0058,0.0036,0.0011
1575,0.0028,0.0058,0.0036,0.0011
1576,0.0042,0.0050,0.0033,0.0012
1577,0.0028,0.0060,0.0036,0.0013
1578,0.0044,0.0072,0.0030,0.0011
1579,0.0034,0.0058,0.0028,0.0009
1580,0.0027,0.0055,0.0035,0.0015
1581,0.0039,0.0066,0.0036,0.0008
1582,0.0040,0.0068,0.0036,0.0007
1583,0.0036,0.0060,0.0037,0.0016
1584,0.0034,0.0082,0.0033,0.0011
1585,0.0030,0.0074,0.0040,0.0007
1586,0.0031,0.0067,0.0040,0.0015
1587,0.0033,0.0078,0.0041,0.0014
1588,0.0034,0.0080,0.0044,0.0018
1589,0.0042,0.0074,0.0031,0.0014
1590,0.0041,0.0067,0.0030,0.0013
1591,0.0036,0.0086,0.0034,0.0084
1592,0.0034,0.0074,0.0033,0.0075
1593,0.0037,0.0065,0.0033,0.0070
1594,0.0041,0.0075,0.0033,0.0060
1595,0.0045,0.0074,0.0033,0.0058
1596,0.0031,0.0099,0.0033,0.0045
1597,0.0028,0.0076,0.0037,0.0037
1598,0.0027,0.0070,0.0038,0.0029
1599,0.0028,0.0064,0.0033,0.0022
1600,0.0040,0.0067,0.0031,0.0014
1601,0.0034,0.0058,0.0028,0.0009
1602,0.0039,0.0066,0.0036,0.0008
1603,0.0048,0.0051,0.0034,0.0015
1604,0.0028,0.0058,0.0034,0.0022
1605,0.0028,0.0058,0.0033,0.0031
1606,0.0054,0.0070,0.0029,0.0043
1607,0.0033,0.0064,0.0033,0.0050
1608,0.0036,0.0065,0.0033,0.0058
1609,0.0034,0.0058,0.0037,0.0068
1610,0.0040,0.0066,0.0035,0.0075
1611,0.0062,0.0087,0.0038,0.0072
1612,0.0034,0.0058,0.0028,0.0009
1613,0.0046,0.0067,0.0038,0.0093
1614,0.0040,0.0068,0.0036,0.0007
1615,0.0028,0.0058,0.0036,0.0011
1616,0.0042,0.0050,0.0033,0.0012
1617,0.0041,0.0067,0.0030,0.0009
1618,0.0028,0.0058,0.0036,0.0011
1619,0.0042,0.0050,0.0033,0.0012
1620,0.0028,0.0058,0.0036,0.0011
1621,0.0028,0.0058,0.0036,0.0011
1622,0.0041,0.0067,0.0030,0.0009
1623,0.0034,0.0058,0.0028,0.0009
1624,0.0028,0.0058,0.0036,0.0011
1625,0.0028,0.0058,0.0036,0.0011
1626,0.0036,0.0060,0.0037,0.0016
1627,0.0028,0.0058,0.0036,0.0011
1628,0.0041,0.0067,0.0030,0.0009
1629,0.0042,0.0050,0.0033,0.0012
1630,0.0028,0.0058,0.0036,0.0011
1631,0.0028,0.0058,0.0036,0.0011
1632,0.0042,0.0050,0.0033,0.0012
1633,0.0041,0.0067,0.0030,0.0009
1634,0.0038,0.0072,0.0030,0.0007
1635,0.0028,0.0058,0.0036,0.0011
1636,0.0042,0.0050,0.0033,0.0012
1637,0.0028,0.0058,0.0036,0.0011
1638,0.0031,0.0072,0.0039,0.0006
1639,0.0041,0.0067,0.0030,0.0009
1640,0.0028,0.0058,0.0036,0.0011
1641,0.0028,0.0058,0.0036,0.0011
1642,0.0042,0.0050,0.0033,0.0012
1643,0.0028,0.0058,0.0036,0.0011
1644,0.0041,0.0067,0.0030,0.0009
1645,0.0041,0.0067,0.0030,0.0013
1646,0.0042,0.0050,0.0033,0.0012
1647,0.0028,0.0058,0.0036,0.0011
1648,0.0028,0.0058,0.0036,0.0011
1649,0.0042,0.0050,0.0033,0.0012
1650,0.0036,0.0084,0.0035,0.0012
1651,0.0028,0.0058,0.0036,0.0011
1652,0.0042,0.0050,0.0033,0.0012
1653,0.0028,0.0058,0.0036,0.0011
1654,0.0028,0.0058,0.0036,0.0011
1655,0.0041,0.0067,0.0030,0.0009
1656,0.0043,0.0065,0.0028,0.0008
1657,0.0034,0.0058,0.0028,0.0009
1658,0.0043,0.0050,0.0061,0.0025
1659,0.0044,0.0045,0.0053,0.0019
1660,0.0051,0.0054,0.0067,0.0054
1661,0.0062,0.0044,0.0043,0.0017
1662,0.0034,0.0082,0.0033,0.0011
1663,0.0031,0.0067,0.0040,0.0015
1664,0.0064,0.0049,0.0037,0.0015
1665,0.0060,0.0052,0.0036,0.0012
1666,0.0056,0.0046,0.0033,0.0013
1667,0.0033,0.0062,0.0030,0.0013
1668,0.0034,0.0058,0.0028,0.0009
1669,0.0034,0.0056,0.0036,0.0008
1670,0.0034,0.0053,0.0035,0.0013
1671,0.0034,0.0062,0.0036,0.0011
1672,0.0039,0.0066,0.0036,0.0008
1673,0.0035,0.0078,0.0032,0.0013
1674,0.0037,0.0071,0.0037,0.0007
1675,0.0033,0.0078,0.0041,0.0014
1676,0.0040,0.0063,0.0038,0.0014
1677,0.0030,0.0074,0.0040,0.0007
1678,0.0039,0.0087,0.0041,0.0015
1679,0.0034,0.0058,0.0028,0.0009
1680,0.0030,0.0069,0.0041,0.0018
1681,0.0034,0.0080,0.0044,0.0018
1682,0.0036,0.0086,0.0034,0.0084
1683,0.0039,0.0074,0.0032,0.0078
1684,0.0034,0.0078,0.0030,0.0075
1685,0.0034,0.0078,0.0030,0.0075
1686,0.0034,0.0078,0.0030,0.0075
1687,0.0034,0.0078,0.0030,0.0075
1688,0.0034,0.0078,0.0030,0.0075
1689,0.0034,0.0078,0.0030,0.0075
1690,0.0034,0.0058,0.0028,0.0009
1691,0.0027,0.0051,0.0036,0.0010
1692,0.0027,0.0051,0.0036,0.0010
1693,0.0043,0.0044,0.0033,0.0012
1694,0.0028,0.0053,0.0036,0.0012
1695,0.0044,0.0061,0.0029,0.0011
1696,0.0027,0.0049,0.0036,0.0014
1697,0.0039,0.0056,0.0036,0.0008
1698,0.0040,0.0058,0.0036,0.0008
1699,0.0038,0.0051,0.0038,0.0015
1700,0.0033,0.0071,0.0032,0.0011
1701,0.0041,0.0067,0.0030,0.0013
1702,0.0029,0.0064,0.0038,0.0006
1703,0.0030,0.0057,0.0039,0.0013
1704,0.0031,0.0068,0.0040,0.0011
1705,0.0032,0.0070,0.0045,0.0014
1706,0.0042,0.0063,0.0030,0.0014
1707,0.0034,0.0070,0.0032,0.0084
1708,0.0033,0.0063,0.0032,0.0076
1709,0.0036,0.0056,0.0033,0.0071
1710,0.0042,0.0066,0.0033,0.0060
1711,0.0045,0.0065,0.0033,0.0055
1712,0.0034,0.0058,0.0028,0.0009
1713,0.0028,0.0089,0.0033,0.0047
1714,0.0028,0.0069,0.0038,0.0036
1715,0.0026,0.0063,0.0038,0.0028
1716,0.0029,0.0057,0.0033,0.0022
1717,0.0040,0.0059,0.0031,0.0014
1718,0.0039,0.0056,0.0036,0.0008
1719,0.0048,0.0043,0.0034,0.0015
1720,0.0028,0.0051,0.0034,0.0022
1721,0.0027,0.0053,0.0033,0.0031
1722,0.0051,0.0064,0.0028,0.0043
1723,0.0034,0.0058,0.0028,0.0009
1724,0.0033,0.0059,0.0033,0.0051
1725,0.0035,0.0060,0.0032,0.0059
1726,0.0034,0.0053,0.0037,0.0068
1727,0.0036,0.0058,0.0033,0.0076
1728,0.0046,0.0071,0.0032,0.0076
1729,0.0047,0.0059,0.0037,0.0093
1730,0.0040,0.0058,0.0036,0.0008
1731,0.0027,0.0051,0.0036,0.0010
1732,0.0043,0.0044,0.0033,0.0012
1733,0.0041,0.0058,0.0030,0.0009
1734,0.0034,0.0058,0.0028,0.0009
1735,0.0027,0.0051,0.0036,0.0010
1736,0.0043,0.0044,0.0033,0.0012
1737,0.0027,0.0051,0.0036,0.0010
1738,0.0027,0.0051,0.0036,0.0010
1739,0.0041,0.0058,0.0030,0.0009
1740,0.0027,0.0051,0.0036,0.0010
1741,0.0027,0.0051,0.0036,0.0010
1742,0.0038,0.0051,0.0038,0.0015
1743,0.0027,0.0051,0.0036,0.0010
1744,0.0041,0.0058,0.0030,0.0009
1745,0.0034,0.0058,0.0028,0.0009
1746,0.0043,0.0044,0.0033,0.0012
1747,0.0027,0.0051,0.0036,0.0010
1748,0.0027,0.0051,0.0036,0.0010
1749,0.0043,0.0044,0.0033,0.0012
1750,0.0041,0.0058,0.0030,0.0009
1751,0.0027,0.0051,0.0036,0.0010
1752,0.0043,0.0044,0.0033,0.0012
1753,0.0027,0.0051,0.0036,0.0010
1754,0.0031,0.0062,0.0037,0.0006
1755,0.0041,0.0058,0.0030,0.0009
1756,0.0040,0.0085,0.0032,0.0018
1757,0.0027,0.0051,0.0036,0.0010
1758,0.0027,0.0051,0.0036,0.0010
1759,0.0043,0.0044,0.0033,0.0012
1760,0.0027,0.0051,0.0036,0.0010
1761,0.0041,0.0058,0.0030,0.0009
1762,0.0043,0.0044,0.0033,0.0012
1763,0.0027,0.0051,0.0036,0.0010
1764,0.0027,0.0051,0.0036,0.0010
1765,0.0043,0.0044,0.0033,0.0012
1766,0.0035,0.0073,0.0035,0.0012
1767,0.0045,0.0068,0.0028,0.0009
1768,0.0034,0.0058,0.0028,0.0009
1769,0.0027,0.0051,0.0036,0.0010
1770,0.0043,0.0044,0.0033,0.0012
1771,0.0027,0.0051,0.0036,0.0010
1772,0.0027,0.0051,0.0036,0.0010
1773,0.0041,0.0058,0.0030,0.0009
1774,0.0042,0.0047,0.0061,0.0021
1775,0.0046,0.0041,0.0054,0.0016
1776,0.0048,0.0051,0.0066,0.0052
1777,0.0065,0.0039,0.0043,0.0016
1778,0.0033,0.0071,0.0032,0.0011
1779,0.0034,0.0058,0.0028,0.0009
1780,0.0030,0.0057,0.0039,0.0013
1781,0.0067,0.0042,0.0038,0.0014
1782,0.0061,0.0044,0.0036,0.0011
1783,0.0058,0.0039,0.0033,0.0012
1784,0.0032,0.0055,0.0031,0.0013
1785,0.0033,0.0048,0.0036,0.0007
1786,0.0034,0.0046,0.0035,0.0013
1787,0.0035,0.0054,0.0036,0.0010
1788,0.0039,0.0056,0.0036,0.0008
1789,0.0035,0.0067,0.0031,0.0013
1790,0.0034,0.0058,0.0028,0.0009
1791,0.0036,0.0060,0.0036,0.0008
1792,0.0031,0.0068,0.0040,0.0011
1793,0.0040,0.0053,0.0038,0.0014
1794,0.0029,0.0064,0.0038,0.0006
1795,0.0039,0.0075,0.0042,0.0014
1796,0.0029,0.0060,0.0040,0.0016
1797,0.0032,0.0070,0.0045,0.0014
1798,0.0034,0.0070,0.0032,0.0084
1799,0.0039,0.0062,0.0032,0.0079
1800,0.0034,0.0069,0.0030,0.0071
1801,0.0034,0.0058,0.0028,0.0009
1802,0.0034,0.0069,0.0030,0.0071
1803,0.0034,0.0069,0.0030,0.0071
1804,0.0034,0.0069,0.0030,0.0071
1805,0.0034,0.0069,0.0030,0.0071
1806,0.0034,0.0069,0.0030,0.0071
1807,0.0027,0.0039,0.0036,0.0010
1808,0.0027,0.0039,0.0036,0.0010
1809,0.0044,0.0031,0.0033,0.0012
1810,0.0028,0.0039,0.0037,0.0012
1811,0.0045,0.0043,0.0030,0.0010
1812,0.0041,0.0067,0.0030,0.0013
1813,0.0026,0.0037,0.0036,0.0014
1814,0.0041,0.0038,0.0036,0.0008
1815,0.0041,0.0039,0.0036,0.0009
1816,0.0039,0.0036,0.0039,0.0015
1817,0.0032,0.0051,0.0032,0.0011
1818,0.0028,0.0046,0.0037,0.0006
1819,0.0030,0.0040,0.0039,0.0013
1820,0.0029,0.0048,0.0041,0.0008
1821,0.0029,0.0049,0.0047,0.0009
1822,0.0042,0.0045,0.0029,0.0013
1823,0.0047,0.0049,0.0053,0.0022
1824,0.0033,0.0044,0.0030,0.0088
1825,0.0033,0.0043,0.0030,0.0080
1826,0.0037,0.0037,0.0033,0.0073
1827,0.0044,0.0047,0.0033,0.0063
1828,0.0045,0.0046,0.0034,0.0056
1829,0.0026,0.0069,0.0032,0.0048
1830,0.0027,0.0052,0.0037,0.0037
1831,0.0026,0.0048,0.0038,0.0029
1832,0.0030,0.0044,0.0033,0.0023
1833,0.0043,0.0041,0.0032,0.0014
1834,0.0040,0.0044,0.0047,0.0018
1835,0.0041,0.0038,0.0036,0.0008
1836,0.0048,0.0030,0.0033,0.0015
1837,0.0027,0.0040,0.0034,0.0022
1838,0.0027,0.0043,0.0033,0.0031
1839,0.0049,0.0051,0.0027,0.0042
1840,0.0033,0.0046,0.0032,0.0050
1841,0.0035,0.0045,0.0032,0.0059
1842,0.0030,0.0039,0.0036,0.0064
1843,0.0035,0.0041,0.0032,0.0076
1844,0.0035,0.0049,0.0030,0.0084
1845,0.0045,0.0042,0.0040,0.0016
1846,0.0042,0.0047,0.0037,0.0091
1847,0.0041,0.0039,0.0036,0.0009
1848,0.0027,0.0039,0.0036,0.0010
1849,0.0044,0.0031,0.0033,0.0012
1850,0.0042,0.0042,0.0030,0.0009
1851,0.0027,0.0039,0.0036,0.0010
1852,0.0044,0.0031,0.0033,0.0012
1853,0.0027,0.0039,0.0036,0.0010
1854,0.0027,0.0039,0.0036,0.0010
1855,0.0042,0.0042,0.0030,0.0009
1856,0.0053,0.0044,0.0037,0.0017
1857,0.0027,0.0039,0.0036,0.0010
1858,0.0027,0.0039,0.0036,0.0010
1859,0.0039,0.0036,0.0039,0.0015
1860,0.0027,0.0039,0.0036,0.0010
1861,0.0042,0.0042,0.0030,0.0009
1862,0.0044,0.0031,0.0033,0.0012
1863,0.0027,0.0039,0.0036,0.0010
1864,0.0027,0.0039,0.0036,0.0010
1865,0.0044,0.0031,0.0033,0.0012
1866,0.0042,0.0042,0.0030,0.0009
1867,0.0039,0.0083,0.0032,0.0017
1868,0.0027,0.0039,0.0036,0.0010
1869,0.0044,0.0031,0.0033,0.0012
1870,0.0027,0.0039,0.0036,0.0010
1871,0.0031,0.0044,0.0036,0.0007
1872,0.0042,0.0042,0.0030,0.0009
1873,0.0027,0.0039,0.0036,0.0010
1874,0.0027,0.0039,0.0036,0.0010
1875,0.0044,0.0031,0.0033,0.0012
1876,0.0027,0.0039,0.0036,0.0010
1877,0.0042,0.0042,0.0030,0.0009
1878,0.0043,0.0070,0.0029,0.0009
1879,0.0037,0.0076,0.0032,0.0009
1880,0.0044,0.0031,0.0033,0.0012
1881,0.0027,0.0039,0.0036,0.0010
1882,0.0027,0.0039,0.0036,0.0010
1883,0.0044,0.0031,0.0033,0.0012
1884,0.0034,0.0051,0.0037,0.0012
1885,0.0027,0.0039,0.0036,0.0010
1886,0.0044,0.0031,0.0033,0.0012
1887,0.0027,0.0039,0.0036,0.0010
1888,0.0027,0.0039,0.0036,0.0010
1889,0.0042,0.0042,0.0030,0.0009
1890,0.0057,0.0049,0.0032,0.0015
1891,0.0043,0.0040,0.0059,0.0016
1892,0.0050,0.0033,0.0051,0.0013
1893,0.0045,0.0043,0.0064,0.0051
1894,0.0069,0.0028,0.0041,0.0017
1895,0.0032,0.0051,0.0032,0.0011
1896,0.0030,0.0040,0.0039,0.0013
1897,0.0071,0.0029,0.0037,0.0015
1898,0.0063,0.0030,0.0036,0.0012
1899,0.0062,0.0028,0.0032,0.0012
1900,0.0032,0.0042,0.0031,0.0012
1901,0.0055,0.0051,0.0030,0.0012
1902,0.0033,0.0035,0.0036,0.0006
1903,0.0034,0.0034,0.0034,0.0013
1904,0.0036,0.0038,0.0037,0.0010
1905,0.0041,0.0038,0.0036,0.0008
1906,0.0034,0.0049,0.0029,0.0013
1907,0.0037,0.0041,0.0036,0.0008
1908,0.0029,0.0048,0.0041,0.0008
1909,0.0041,0.0036,0.0039,0.0014
1910,0.0028,0.0046,0.0037,0.0006
1911,0.0038,0.0052,0.0046,0.0014
1912,0.0048,0.0053,0.0029,0.0009
1913,0.0027,0.0042,0.0039,0.0015
1914,0.0029,0.0049,0.0047,0.0009
1915,0.0033,0.0044,0.0030,0.0088
1916,0.0041,0.0042,0.0032,0.0081
1917,0.0032,0.0050,0.0029,0.0071
1918,0.0032,0.0050,0.0029,0.0071
1919,0.0032,0.0050,0.0029,0.0071
1920,0.0032,0.0050,0.0029,0.0071
1921,0.0032,0.0050,0.0029,0.0071
1922,0.0032,0.0050,0.0029,0.0071
1923,0.0036,0.0062,0.0031,0.0013
1924,0.0026,0.0030,0.0034,0.0010
1925,0.0026,0.0030,0.0034,0.0010
1926,0.0039,0.0025,0.0029,0.0012
1927,0.0028,0.0029,0.0035,0.0012
1928,0.0044,0.0030,0.0029,0.0010
1929,0.0024,0.0031,0.0033,0.0014
1930,0.0041,0.0026,0.0036,0.0008
1931,0.0041,0.0027,0.0036,0.0008
1932,0.0040,0.0025,0.0038,0.0015
1933,0.0032,0.0034,0.0031,0.0011
1934,0.0037,0.0056,0.0029,0.0007
1935,0.0027,0.0031,0.0037,0.0006
1936,0.0030,0.0028,0.0039,0.0013
1937,0.0027,0.0032,0.0041,0.0008
1938,0.0028,0.0031,0.0047,0.0008
1939,0.0043,0.0031,0.0028,0.0012
1940,0.0035,0.0029,0.0030,0.0087
1941,0.0031,0.0030,0.0030,0.0079
1942,0.0038,0.0026,0.0033,0.0070
1943,0.0042,0.0035,0.0032,0.0062
1944,0.0042,0.0031,0.0031,0.0056
1945,0.0034,0.0059,0.0028,0.0011
1946,0.0027,0.0058,0.0030,0.0045
1947,0.0027,0.0040,0.0035,0.0036
1948,0.0025,0.0036,0.0036,0.0028
1949,0.0026,0.0037,0.0029,0.0022
1950,0.0043,0.0029,0.0031,0.0014
1951,0.0041,0.0026,0.0036,0.0008
1952,0.0047,0.0023,0.0031,0.0015
1953,0.0028,0.0030,0.0033,0.0021
1954,0.0029,0.0032,0.0032,0.0029
1955,0.0050,0.0038,0.0027,0.0042
1956,0.0038,0.0061,0.0028,0.0009
1957,0.0034,0.0033,0.0031,0.0047
1958,0.0038,0.0031,0.0031,0.0056
1959,0.0028,0.0027,0.0036,0.0060
1960,0.0035,0.0028,0.0031,0.0075
1961,0.0036,0.0034,0.0032,0.0084
1962,0.0032,0.0045,0.0038,0.0089
1963,0.0041,0.0027,0.0036,0.0008
1964,0.0026,0.0030,0.0034,0.0010
1965,0.0039,0.0025,0.0029,0.0012
1966,0.0043,0.0029,0.0029,0.0009
1967,0.0043,0.0065,0.0028,0.0008
1968,0.0026,0.0030,0.0034,0.0010
1969,0.0039,0.0025,0.0029,0.0012
1970,0.0026,0.0030,0.0034,0.0010
1971,0.0026,0.0030,0.0034,0.0010
1972,0.0043,0.0029,0.0029,0.0009
1973,0.0026,0.0030,0.0034,0.0010
1974,0.0026,0.0030,0.0034,0.0010
1975,0.0040,0.0025,0.0038,0.0015
1976,0.0026,0.0030,0.0034,0.0010
1977,0.0043,0.0029,0.0029,0.0009
1978,0.0040,0.0078,0.0032,0.0020
1979,0.0039,0.0025,0.0029,0.0012
1980,0.0026,0.0030,0.0034,0.0010
1981,0.0026,0.0030,0.0034,0.0010
1982,0.0039,0.0025,0.0029,0.0012
1983,0.0043,0.0029,0.0029,0.0009
1984,0.0026,0.0030,0.0034,0.0010
1985,0.0039,0.0025,0.0029,0.0012
1986,0.0026,0.0030,0.0034,0.0010
1987,0.0031,0.0029,0.0036,0.0007
1988,0.0043,0.0029,0.0029,0.0009
1989,0.0039,0.0083,0.0032,0.0017
1990,0.0043,0.0070,0.0029,0.0009
1991,0.0026,0.0030,0.0034,0.0010
1992,0.0026,0.0030,0.0034,0.0010
1993,0.0039,0.0025,0.0029,0.0012
1994,0.0026,0.0030,0.0034,0.0010
1995,0.0043,0.0029,0.0029,0.0009
1996,0.0039,0.0025,0.0029,0.0012
1997,0.0026,0.0030,0.0034,0.0010
1998,0.0026,0.0030,0.0034,0.0010
1999,0.0039,0.0025,0.0029,0.0012
2000,0.0034,0.0034,0.0036,0.0012
2001,0.0038,0.0078,0.0032,0.0012
2002,0.0026,0.0030,0.0034,0.0010
2003,0.0039,0.0025,0.0029,0.0012
2004,0.0026,0.0030,0.0034,0.0010
2005,0.0026,0.0030,0.0034,0.0010
2006,0.0043,0.0029,0.0029,0.0009
2007,0.0044,0.0035,0.0055,0.0014
2008,0.0050,0.0029,0.0047,0.0012
2009,0.0044,0.0039,0.0059,0.0052
2010,0.0067,0.0022,0.0038,0.0017
2011,0.0032,0.0034,0.0031,0.0011
2012,0.0038,0.0072,0.0030,0.0007
2013,0.0030,0.0028,0.0039,0.0013
2014,0.0067,0.0021,0.0034,0.0016
2015,0.0062,0.0022,0.0033,0.0012
2016,0.0061,0.0023,0.0030,0.0012
2017,0.0033,0.0031,0.0030,0.0012
2018,0.0031,0.0026,0.0034,0.0007
2019,0.0031,0.0027,0.0032,0.0013
2020,0.0037,0.0026,0.0036,0.0010
2021,0.0041,0.0026,0.0036,0.0008
2022,0.0035,0.0034,0.0029,0.0012
2023,0.0037,0.0074,0.0031,0.0006
2024,0.0038,0.0028,0.0036,0.0008
2025,0.0027,0.0032,0.0041,0.0008
2026,0.0041,0.0025,0.0038,0.0014
2027,0.0027,0.0031,0.0037,0.0006
2028,0.0039,0.0034,0.0046,0.0015
2029,0.0027,0.0029,0.0039,0.0015
2030,0.0028,0.0031,0.0047,0.0008
2031,0.0035,0.0029,0.0030,0.0087
2032,0.0040,0.0030,0.0032,0.0078
2033,0.0031,0.0036,0.0028,0.0071
2034,0.0044,0.0088,0.0037,0.0020
2035,0.0031,0.0036,0.0028,0.0071
2036,0.0031,0.0036,0.0028,0.0071
2037,0.0031,0.0036,0.0028,0.0071
2038,0.0031,0.0036,0.0028,0.0071
2039,0.0031,0.0036,0.0028,0.0071
2040,0.0025,0.0027,0.0033,0.0010
2041,0.0025,0.0027,0.0033,0.0010
2042,0.0038,0.0023,0.0029,0.0012
2043,0.0028,0.0025,0.0034,0.0012
2044,0.0045,0.0025,0.0028,0.0009
2045,0.0038,0.0078,0.0032,0.0012
2046,0.0023,0.0029,0.0031,0.0015
2047,0.0041,0.0022,0.0035,0.0008
2048,0.0041,0.0022,0.0035,0.0007
2049,0.0039,0.0023,0.0037,0.0015
2050,0.0032,0.0028,0.0031,0.0011
2051,0.0028,0.0026,0.0037,0.0006
2052,0.0030,0.0024,0.0038,0.0013
2053,0.0027,0.0026,0.0041,0.0007
2054,0.0028,0.0025,0.0047,0.0008
2055,0.0043,0.0026,0.0028,0.0013
2056,0.0039,0.0079,0.0035,0.0016
2057,0.0037,0.0025,0.0030,0.0085
2058,0.0031,0.0026,0.0030,0.0077
2059,0.0037,0.0024,0.0032,0.0069
2060,0.0041,0.0031,0.0032,0.0060
2061,0.0042,0.0025,0.0031,0.0055
2062,0.0027,0.0056,0.0030,0.0044
2063,0.0026,0.0036,0.0034,0.0036
2064,0.0025,0.0033,0.0034,0.0028
2065,0.0025,0.0036,0.0029,0.0022
2066,0.0042,0.0024,0.0029,0.0014
2067,0.0041,0.0082,0.0028,0.0090
2068,0.0041,0.0022,0.0035,0.0008
2069,0.0046,0.0021,0.0030,0.0015
2070,0.0028,0.0026,0.0032,0.0020
2071,0.0029,0.0028,0.0031,0.0028
2072,0.0051,0.0032,0.0026,0.0042
2073,0.0037,0.0027,0.0031,0.0046
2074,0.0041,0.0025,0.0031,0.0055
2075,0.0030,0.0023,0.0036,0.0059
2076,0.0038,0.0024,0.0032,0.0074
2077,0.0035,0.0030,0.0032,0.0081
2078,0.0042,0.0073,0.0027,0.0081
2079,0.0029,0.0047,0.0038,0.0088
2080,0.0041,0.0022,0.0035,0.0007
2081,0.0025,0.0027,0.0033,0.0010
2082,0.0038,0.0023,0.0029,0.0012
2083,0.0043,0.0025,0.0028,0.0009
2084,0.0025,0.0027,0.0033,0.0010
2085,0.0038,0.0023,0.0029,0.0012
2086,0.0025,0.0027,0.0033,0.0010
2087,0.0025,0.0027,0.0033,0.0010
2088,0.0043,0.0025,0.0028,0.0009
2089,0.0042,0.0079,0.0032,0.0084
2090,0.0025,0.0027,0.0033,0.0010
2091,0.0025,0.0027,0.0033,0.0010
2092,0.0039,0.0023,0.0037,0.0015
2093,0.0025,0.0027,0.0033,0.0010
2094,0.0043,0.0025,0.0028,0.0009
2095,0.0038,0.0023,0.0029,0.0012
2096,0.0025,0.0027,0.0033,0.0010
2097,0.0025,0.0027,0.0033,0.0010
2098,0.0038,0.0023,0.0029,0.0012
2099,0.0043,0.0025,0.0028,0.0009
Highest RMSE Cases
Vdc  Max RMSE=  0.0071 at Case 1897; 0 > 0.05
Idc  Max RMSE=  0.0110 at Case 663; 0 > 0.05
Vd   Max RMSE=  0.0067 at Case 1148; 0 > 0.05
Vq   Max RMSE=  0.0098 at Case 1379; 0 > 0.05
Total Error Summary
Vdc  RMSE=  0.0036
Idc  RMSE=  0.0047
Vd   RMSE=  0.0031
Vq   RMSE=  0.0034
