Read Model from: ./ucf2t/
Export Model to: ./ucf2t/ucf2t_fhf.json
idx_in [0, 1, 2, 3, 4, 5, 6, 7, 8]
idx_out [9, 10, 11, 12]
make_mimo_block stable2ndx
H1s[0][0]  Real Poles: [-476.90704279 -476.90704279] Freqs [Hz]: [14.997404497539573]
H1s[0][1]  Real Poles: [-552.92550678 -324.10294359] Freqs [Hz]: []
H1s[0][2]  Real Poles: [-392.16712862 -392.16712862] Freqs [Hz]: [14.851007494809867]
H1s[0][3]  Real Poles: [-417.01152176 -417.01152176] Freqs [Hz]: [24.61358808524674]
H1s[1][0]  Real Poles: [-436.54414266 -436.54414266] Freqs [Hz]: [33.174096375500504]
H1s[1][1]  Real Poles: [-499.40505088 -499.40505088] Freqs [Hz]: [2.355871322623686]
H1s[1][2]  Real Poles: [-466.52800962 -466.52800962] Freqs [Hz]: [30.89884815632043]
H1s[1][3]  Real Poles: [-597.07185626 -597.07185626] Freqs [Hz]: [23.754202212619546]
H1s[2][0]  Real Poles: [-599.97075647 -398.74039262] Freqs [Hz]: []
H1s[2][1]  Real Poles: [-493.94671852 -493.94671852] Freqs [Hz]: [13.769393002366193]
H1s[2][2]  Real Poles: [-523.87362346 -523.87362346] Freqs [Hz]: [18.504066541901455]
H1s[2][3]  Real Poles: [-558.39641714 -433.96415752] Freqs [Hz]: []
H1s[3][0]  Real Poles: [-525.71645193 -525.71645193] Freqs [Hz]: [10.751663929302442]
H1s[3][1]  Real Poles: [-556.80101365 -556.80101365] Freqs [Hz]: [28.533520471601488]
H1s[3][2]  Real Poles: [-601.13008476 -389.60581304] Freqs [Hz]: []
H1s[3][3]  Real Poles: [-465.7955952 -465.7955952] Freqs [Hz]: [14.238745886349289]
model_folder = ./ucf2t/
model_root = ucf2t
data_path = /Users/tom/Documents/data/ucf2t.hdf5
idx_in [0, 1, 2, 3, 4, 5, 6, 7, 8]
idx_out [9, 10, 11, 12]
read 1500 dataframes
dt=0.002000 data_len=2500 n_io=13 n_case=1500
['T', 'G', 'Fc', 'Md1', 'Mq1', 'Id', 'Iq', 'GIrms', 'Ctl'] ['Vdc', 'Idc', 'Vod', 'Voq'] (1500, 2500, 13)
make_mimo_block stable2ndx
prepending initial conditions (1500, 500, 13) (1500, 2500, 13) float32 float32
results in (1500, 3000, 13)
Idx,Vdc,Idc,Vod,Voq
#,RMSE,RMSE,RMSE,RMSE
Total,0.0019,0.0024,0.0012,0.0013
0,0.0020,0.0017,0.0016,0.0011
1,0.0019,0.0018,0.0014,0.0010
2,0.0017,0.0022,0.0010,0.0009
3,0.0024,0.0023,0.0012,0.0022
4,0.0015,0.0019,0.0012,0.0006
5,0.0020,0.0017,0.0015,0.0011
6,0.0013,0.0027,0.0011,0.0006
7,0.0015,0.0019,0.0012,0.0007
8,0.0030,0.0016,0.0014,0.0007
9,0.0036,0.0017,0.0015,0.0007
10,0.0031,0.0015,0.0016,0.0007
11,0.0024,0.0018,0.0017,0.0008
12,0.0020,0.0025,0.0018,0.0009
13,0.0020,0.0029,0.0019,0.0011
14,0.0016,0.0033,0.0010,0.0018
15,0.0022,0.0029,0.0021,0.0014
16,0.0024,0.0027,0.0022,0.0017
17,0.0020,0.0017,0.0015,0.0011
18,0.0030,0.0015,0.0012,0.0041
19,0.0021,0.0018,0.0013,0.0037
20,0.0031,0.0025,0.0013,0.0032
21,0.0027,0.0039,0.0013,0.0028
22,0.0016,0.0053,0.0012,0.0024
23,0.0013,0.0058,0.0012,0.0021
24,0.0015,0.0055,0.0012,0.0017
25,0.0021,0.0015,0.0018,0.0014
26,0.0014,0.0045,0.0012,0.0013
27,0.0013,0.0036,0.0011,0.0010
28,0.0012,0.0027,0.0011,0.0007
29,0.0020,0.0017,0.0015,0.0011
30,0.0012,0.0026,0.0011,0.0007
31,0.0012,0.0032,0.0011,0.0010
32,0.0013,0.0041,0.0011,0.0013
33,0.0013,0.0049,0.0011,0.0016
34,0.0013,0.0053,0.0011,0.0020
35,0.0015,0.0049,0.0012,0.0024
36,0.0013,0.0039,0.0009,0.0015
37,0.0023,0.0035,0.0013,0.0028
38,0.0024,0.0024,0.0014,0.0032
39,0.0018,0.0017,0.0015,0.0036
40,0.0016,0.0019,0.0017,0.0039
41,0.0020,0.0017,0.0015,0.0011
42,0.0012,0.0024,0.0011,0.0006
43,0.0012,0.0024,0.0011,0.0006
44,0.0012,0.0024,0.0011,0.0006
45,0.0012,0.0024,0.0011,0.0006
46,0.0012,0.0024,0.0011,0.0006
47,0.0013,0.0037,0.0009,0.0012
48,0.0012,0.0024,0.0011,0.0006
49,0.0012,0.0024,0.0011,0.0006
50,0.0012,0.0024,0.0011,0.0006
51,0.0012,0.0024,0.0011,0.0006
52,0.0012,0.0024,0.0011,0.0006
53,0.0020,0.0017,0.0015,0.0011
54,0.0012,0.0024,0.0011,0.0006
55,0.0012,0.0024,0.0011,0.0006
56,0.0012,0.0024,0.0011,0.0006
57,0.0012,0.0024,0.0011,0.0006
58,0.0013,0.0032,0.0008,0.0010
59,0.0012,0.0024,0.0011,0.0006
60,0.0012,0.0024,0.0011,0.0006
61,0.0012,0.0024,0.0011,0.0006
62,0.0012,0.0024,0.0011,0.0006
63,0.0012,0.0024,0.0011,0.0006
64,0.0012,0.0024,0.0011,0.0006
65,0.0021,0.0017,0.0015,0.0013
66,0.0020,0.0017,0.0015,0.0011
67,0.0012,0.0022,0.0014,0.0006
68,0.0012,0.0023,0.0013,0.0006
69,0.0012,0.0026,0.0008,0.0008
70,0.0012,0.0025,0.0011,0.0005
71,0.0011,0.0025,0.0010,0.0006
72,0.0013,0.0020,0.0014,0.0006
73,0.0012,0.0020,0.0015,0.0006
74,0.0012,0.0021,0.0014,0.0006
75,0.0012,0.0022,0.0013,0.0005
76,0.0012,0.0024,0.0013,0.0005
77,0.0012,0.0024,0.0012,0.0005
78,0.0020,0.0017,0.0015,0.0011
79,0.0012,0.0024,0.0011,0.0006
80,0.0010,0.0020,0.0007,0.0006
81,0.0012,0.0025,0.0011,0.0006
82,0.0012,0.0025,0.0010,0.0006
83,0.0012,0.0027,0.0010,0.0006
84,0.0014,0.0025,0.0010,0.0006
85,0.0048,0.0063,0.0023,0.0006
86,0.0033,0.0050,0.0022,0.0007
87,0.0029,0.0040,0.0022,0.0008
88,0.0030,0.0031,0.0022,0.0008
89,0.0026,0.0018,0.0015,0.0007
90,0.0020,0.0017,0.0015,0.0011
91,0.0009,0.0018,0.0007,0.0006
92,0.0033,0.0020,0.0020,0.0008
93,0.0030,0.0018,0.0019,0.0007
94,0.0027,0.0017,0.0017,0.0006
95,0.0022,0.0017,0.0015,0.0006
96,0.0017,0.0019,0.0013,0.0006
97,0.0012,0.0026,0.0011,0.0006
98,0.0017,0.0019,0.0011,0.0006
99,0.0033,0.0016,0.0012,0.0006
100,0.0038,0.0018,0.0013,0.0006
101,0.0033,0.0015,0.0014,0.0006
102,0.0009,0.0021,0.0007,0.0008
103,0.0020,0.0017,0.0015,0.0011
104,0.0026,0.0018,0.0015,0.0007
105,0.0020,0.0024,0.0016,0.0008
106,0.0019,0.0029,0.0018,0.0010
107,0.0021,0.0030,0.0019,0.0014
108,0.0024,0.0028,0.0021,0.0017
109,0.0027,0.0014,0.0011,0.0040
110,0.0024,0.0017,0.0012,0.0036
111,0.0035,0.0025,0.0013,0.0032
112,0.0030,0.0039,0.0013,0.0028
113,0.0016,0.0024,0.0010,0.0011
114,0.0010,0.0025,0.0007,0.0010
115,0.0017,0.0053,0.0013,0.0024
116,0.0020,0.0017,0.0015,0.0011
117,0.0013,0.0058,0.0013,0.0020
118,0.0014,0.0055,0.0013,0.0017
119,0.0013,0.0046,0.0013,0.0013
120,0.0012,0.0036,0.0013,0.0010
121,0.0012,0.0028,0.0012,0.0007
122,0.0012,0.0026,0.0011,0.0007
123,0.0012,0.0032,0.0011,0.0009
124,0.0012,0.0040,0.0010,0.0013
125,0.0011,0.0029,0.0007,0.0013
126,0.0012,0.0047,0.0010,0.0016
127,0.0013,0.0051,0.0010,0.0019
128,0.0020,0.0017,0.0015,0.0011
129,0.0016,0.0048,0.0010,0.0023
130,0.0025,0.0034,0.0011,0.0027
131,0.0026,0.0023,0.0012,0.0031
132,0.0019,0.0017,0.0013,0.0035
133,0.0015,0.0018,0.0016,0.0038
134,0.0012,0.0024,0.0012,0.0005
135,0.0012,0.0024,0.0012,0.0005
136,0.0013,0.0031,0.0007,0.0016
137,0.0012,0.0024,0.0012,0.0005
138,0.0012,0.0024,0.0012,0.0005
139,0.0012,0.0024,0.0012,0.0005
140,0.0020,0.0017,0.0015,0.0011
141,0.0012,0.0024,0.0012,0.0005
142,0.0012,0.0024,0.0012,0.0005
143,0.0012,0.0024,0.0012,0.0005
144,0.0012,0.0024,0.0012,0.0005
145,0.0012,0.0024,0.0012,0.0005
146,0.0012,0.0024,0.0012,0.0005
147,0.0022,0.0019,0.0016,0.0010
148,0.0012,0.0024,0.0012,0.0005
149,0.0012,0.0024,0.0012,0.0005
150,0.0012,0.0024,0.0012,0.0005
151,0.0012,0.0024,0.0012,0.0005
152,0.0020,0.0017,0.0015,0.0011
153,0.0012,0.0024,0.0012,0.0005
154,0.0012,0.0024,0.0012,0.0005
155,0.0012,0.0024,0.0012,0.0005
156,0.0012,0.0024,0.0012,0.0005
157,0.0012,0.0024,0.0012,0.0005
158,0.0024,0.0012,0.0011,0.0016
159,0.0012,0.0025,0.0012,0.0006
160,0.0012,0.0026,0.0010,0.0006
161,0.0012,0.0025,0.0009,0.0006
162,0.0012,0.0022,0.0009,0.0006
163,0.0013,0.0020,0.0015,0.0006
164,0.0020,0.0017,0.0015,0.0011
165,0.0014,0.0018,0.0018,0.0008
166,0.0013,0.0019,0.0017,0.0007
167,0.0013,0.0021,0.0016,0.0007
168,0.0013,0.0022,0.0016,0.0006
169,0.0020,0.0025,0.0008,0.0019
170,0.0012,0.0022,0.0015,0.0006
171,0.0013,0.0022,0.0013,0.0006
172,0.0013,0.0022,0.0012,0.0006
173,0.0013,0.0023,0.0012,0.0006
174,0.0013,0.0024,0.0011,0.0006
175,0.0016,0.0023,0.0010,0.0006
176,0.0020,0.0017,0.0015,0.0011
177,0.0048,0.0067,0.0026,0.0006
178,0.0034,0.0053,0.0026,0.0006
179,0.0028,0.0042,0.0027,0.0007
180,0.0027,0.0019,0.0008,0.0023
181,0.0029,0.0033,0.0027,0.0008
182,0.0028,0.0016,0.0014,0.0006
183,0.0032,0.0021,0.0025,0.0008
184,0.0030,0.0018,0.0023,0.0008
185,0.0027,0.0017,0.0021,0.0007
186,0.0023,0.0017,0.0019,0.0007
187,0.0018,0.0018,0.0016,0.0006
188,0.0020,0.0016,0.0015,0.0012
189,0.0020,0.0017,0.0015,0.0011
190,0.0012,0.0023,0.0012,0.0006
191,0.0023,0.0017,0.0009,0.0026
192,0.0019,0.0016,0.0011,0.0006
193,0.0036,0.0018,0.0012,0.0006
194,0.0040,0.0021,0.0012,0.0006
195,0.0036,0.0017,0.0013,0.0006
196,0.0028,0.0016,0.0014,0.0006
197,0.0021,0.0021,0.0015,0.0007
198,0.0019,0.0026,0.0016,0.0008
199,0.0021,0.0027,0.0018,0.0011
200,0.0024,0.0027,0.0020,0.0016
201,0.0020,0.0017,0.0015,0.0011
202,0.0013,0.0018,0.0010,0.0030
203,0.0026,0.0013,0.0012,0.0041
204,0.0024,0.0015,0.0014,0.0036
205,0.0034,0.0022,0.0016,0.0032
206,0.0030,0.0035,0.0016,0.0028
207,0.0017,0.0050,0.0017,0.0024
208,0.0013,0.0056,0.0017,0.0020
209,0.0013,0.0052,0.0017,0.0017
210,0.0013,0.0044,0.0016,0.0013
211,0.0012,0.0035,0.0016,0.0010
212,0.0012,0.0026,0.0015,0.0007
213,0.0017,0.0021,0.0012,0.0033
214,0.0020,0.0017,0.0015,0.0011
215,0.0013,0.0023,0.0013,0.0008
216,0.0012,0.0029,0.0012,0.0011
217,0.0012,0.0036,0.0011,0.0014
218,0.0012,0.0042,0.0010,0.0017
219,0.0014,0.0045,0.0010,0.0020
220,0.0018,0.0041,0.0009,0.0023
221,0.0027,0.0028,0.0009,0.0027
222,0.0028,0.0018,0.0010,0.0031
223,0.0021,0.0016,0.0011,0.0034
224,0.0018,0.0022,0.0013,0.0012
225,0.0009,0.0018,0.0007,0.0005
226,0.0014,0.0021,0.0014,0.0038
227,0.0020,0.0017,0.0015,0.0011
228,0.0013,0.0022,0.0014,0.0006
229,0.0013,0.0022,0.0014,0.0006
230,0.0013,0.0022,0.0014,0.0006
231,0.0013,0.0022,0.0014,0.0006
232,0.0013,0.0022,0.0014,0.0006
233,0.0013,0.0022,0.0014,0.0006
234,0.0013,0.0022,0.0014,0.0006
235,0.0013,0.0022,0.0014,0.0006
236,0.0009,0.0018,0.0007,0.0005
237,0.0013,0.0022,0.0014,0.0006
238,0.0013,0.0022,0.0014,0.0006
239,0.0020,0.0017,0.0015,0.0011
240,0.0013,0.0022,0.0014,0.0006
241,0.0013,0.0022,0.0014,0.0006
242,0.0013,0.0022,0.0014,0.0006
243,0.0013,0.0022,0.0014,0.0006
244,0.0013,0.0022,0.0014,0.0006
245,0.0013,0.0022,0.0014,0.0006
246,0.0013,0.0022,0.0014,0.0006
247,0.0009,0.0018,0.0007,0.0005
248,0.0013,0.0022,0.0014,0.0006
249,0.0013,0.0022,0.0014,0.0006
250,0.0013,0.0022,0.0014,0.0006
251,0.0017,0.0027,0.0011,0.0008
252,0.0015,0.0014,0.0013,0.0011
253,0.0014,0.0016,0.0011,0.0009
254,0.0014,0.0018,0.0010,0.0009
255,0.0014,0.0020,0.0010,0.0008
256,0.0017,0.0016,0.0013,0.0011
257,0.0016,0.0013,0.0012,0.0010
258,0.0009,0.0018,0.0007,0.0005
259,0.0015,0.0013,0.0011,0.0010
260,0.0014,0.0013,0.0011,0.0010
261,0.0014,0.0013,0.0011,0.0010
262,0.0014,0.0014,0.0011,0.0010
263,0.0018,0.0026,0.0010,0.0008
264,0.0015,0.0015,0.0012,0.0011
265,0.0017,0.0016,0.0014,0.0012
266,0.0019,0.0018,0.0016,0.0013
267,0.0022,0.0020,0.0018,0.0014
268,0.0026,0.0023,0.0022,0.0016
269,0.0009,0.0018,0.0007,0.0005
270,0.0036,0.0012,0.0010,0.0007
271,0.0022,0.0015,0.0010,0.0007
272,0.0016,0.0019,0.0010,0.0007
273,0.0018,0.0022,0.0011,0.0007
274,0.0018,0.0025,0.0010,0.0017
275,0.0018,0.0022,0.0010,0.0009
276,0.0023,0.0024,0.0011,0.0008
277,0.0023,0.0024,0.0012,0.0008
278,0.0020,0.0023,0.0012,0.0008
279,0.0017,0.0023,0.0012,0.0009
280,0.0015,0.0012,0.0010,0.0016
281,0.0013,0.0021,0.0012,0.0010
282,0.0024,0.0011,0.0011,0.0011
283,0.0027,0.0011,0.0011,0.0012
284,0.0027,0.0013,0.0010,0.0013
285,0.0025,0.0016,0.0010,0.0014
286,0.0021,0.0020,0.0010,0.0015
287,0.0018,0.0019,0.0011,0.0009
288,0.0018,0.0025,0.0010,0.0017
289,0.0015,0.0029,0.0011,0.0018
290,0.0013,0.0031,0.0013,0.0019
291,0.0009,0.0018,0.0007,0.0005
292,0.0013,0.0031,0.0016,0.0019
293,0.0013,0.0030,0.0021,0.0019
294,0.0016,0.0020,0.0027,0.0015
295,0.0017,0.0017,0.0023,0.0012
296,0.0019,0.0014,0.0019,0.0010
297,0.0020,0.0013,0.0016,0.0009
298,0.0021,0.0012,0.0014,0.0009
299,0.0016,0.0023,0.0010,0.0008
300,0.0021,0.0012,0.0013,0.0009
301,0.0020,0.0012,0.0012,0.0009
302,0.0009,0.0018,0.0007,0.0005
303,0.0018,0.0013,0.0011,0.0009
304,0.0015,0.0014,0.0011,0.0010
305,0.0014,0.0015,0.0011,0.0010
306,0.0016,0.0013,0.0012,0.0011
307,0.0018,0.0012,0.0013,0.0011
308,0.0021,0.0011,0.0015,0.0011
309,0.0024,0.0010,0.0016,0.0011
310,0.0025,0.0010,0.0018,0.0012
311,0.0020,0.0016,0.0014,0.0012
312,0.0019,0.0023,0.0010,0.0010
313,0.0009,0.0018,0.0007,0.0005
314,0.0025,0.0011,0.0021,0.0012
315,0.0023,0.0011,0.0024,0.0013
316,0.0020,0.0010,0.0027,0.0014
317,0.0016,0.0011,0.0031,0.0014
318,0.0013,0.0013,0.0035,0.0016
319,0.0014,0.0014,0.0012,0.0010
320,0.0014,0.0014,0.0012,0.0010
321,0.0014,0.0014,0.0012,0.0010
322,0.0014,0.0014,0.0012,0.0010
323,0.0014,0.0014,0.0012,0.0010
324,0.0009,0.0018,0.0007,0.0005
325,0.0019,0.0023,0.0010,0.0010
326,0.0014,0.0014,0.0012,0.0010
327,0.0014,0.0014,0.0012,0.0010
328,0.0014,0.0014,0.0012,0.0010
329,0.0014,0.0014,0.0012,0.0010
330,0.0014,0.0014,0.0012,0.0010
331,0.0014,0.0014,0.0012,0.0010
332,0.0014,0.0014,0.0012,0.0010
333,0.0014,0.0014,0.0012,0.0010
334,0.0014,0.0014,0.0012,0.0010
335,0.0025,0.0022,0.0019,0.0013
336,0.0009,0.0018,0.0007,0.0005
337,0.0014,0.0014,0.0012,0.0010
338,0.0018,0.0023,0.0010,0.0009
339,0.0014,0.0014,0.0012,0.0010
340,0.0014,0.0014,0.0012,0.0010
341,0.0014,0.0014,0.0012,0.0010
342,0.0014,0.0014,0.0012,0.0010
343,0.0014,0.0014,0.0012,0.0010
344,0.0013,0.0024,0.0009,0.0007
345,0.0013,0.0023,0.0008,0.0007
346,0.0014,0.0020,0.0008,0.0008
347,0.0009,0.0018,0.0007,0.0005
348,0.0014,0.0018,0.0009,0.0008
349,0.0016,0.0024,0.0008,0.0008
350,0.0018,0.0024,0.0010,0.0009
351,0.0015,0.0020,0.0008,0.0007
352,0.0014,0.0020,0.0008,0.0007
353,0.0013,0.0020,0.0008,0.0007
354,0.0013,0.0021,0.0008,0.0007
355,0.0013,0.0021,0.0008,0.0007
356,0.0014,0.0023,0.0008,0.0007
357,0.0015,0.0024,0.0008,0.0008
358,0.0009,0.0018,0.0007,0.0005
359,0.0017,0.0025,0.0009,0.0008
360,0.0019,0.0027,0.0010,0.0009
361,0.0022,0.0029,0.0012,0.0010
362,0.0018,0.0024,0.0010,0.0009
363,0.0019,0.0017,0.0008,0.0008
364,0.0014,0.0020,0.0008,0.0008
365,0.0014,0.0023,0.0008,0.0008
366,0.0015,0.0025,0.0008,0.0007
367,0.0024,0.0016,0.0008,0.0011
368,0.0017,0.0029,0.0008,0.0006
369,0.0009,0.0018,0.0007,0.0005
370,0.0016,0.0030,0.0008,0.0006
371,0.0015,0.0030,0.0008,0.0006
372,0.0013,0.0030,0.0008,0.0007
373,0.0011,0.0029,0.0008,0.0007
374,0.0018,0.0025,0.0010,0.0008
375,0.0029,0.0013,0.0008,0.0008
376,0.0037,0.0010,0.0008,0.0008
377,0.0038,0.0010,0.0009,0.0008
378,0.0035,0.0011,0.0009,0.0009
379,0.0030,0.0013,0.0008,0.0010
380,0.0009,0.0018,0.0007,0.0005
381,0.0024,0.0016,0.0008,0.0011
382,0.0020,0.0017,0.0009,0.0011
383,0.0018,0.0016,0.0010,0.0012
384,0.0019,0.0014,0.0013,0.0013
385,0.0022,0.0014,0.0018,0.0013
386,0.0019,0.0026,0.0010,0.0008
387,0.0026,0.0012,0.0012,0.0016
388,0.0013,0.0012,0.0010,0.0016
389,0.0016,0.0012,0.0009,0.0015
390,0.0022,0.0011,0.0008,0.0015
391,0.0009,0.0018,0.0007,0.0005
392,0.0025,0.0011,0.0008,0.0014
393,0.0025,0.0012,0.0008,0.0013
394,0.0021,0.0015,0.0008,0.0012
395,0.0017,0.0019,0.0008,0.0011
396,0.0015,0.0021,0.0008,0.0009
397,0.0013,0.0023,0.0008,0.0008
398,0.0021,0.0026,0.0010,0.0008
399,0.0015,0.0021,0.0008,0.0007
400,0.0018,0.0018,0.0008,0.0007
401,0.0022,0.0014,0.0009,0.0008
402,0.0020,0.0012,0.0010,0.0015
403,0.0027,0.0011,0.0010,0.0008
404,0.0030,0.0011,0.0010,0.0010
405,0.0029,0.0012,0.0012,0.0011
406,0.0025,0.0012,0.0013,0.0011
407,0.0018,0.0012,0.0015,0.0012
408,0.0011,0.0011,0.0017,0.0013
409,0.0016,0.0011,0.0020,0.0013
410,0.0023,0.0027,0.0011,0.0009
411,0.0014,0.0022,0.0008,0.0007
412,0.0014,0.0022,0.0008,0.0007
413,0.0009,0.0018,0.0007,0.0005
414,0.0014,0.0022,0.0008,0.0007
415,0.0014,0.0022,0.0008,0.0007
416,0.0014,0.0022,0.0008,0.0007
417,0.0014,0.0022,0.0008,0.0007
418,0.0014,0.0022,0.0008,0.0007
419,0.0014,0.0022,0.0008,0.0007
420,0.0014,0.0022,0.0008,0.0007
421,0.0014,0.0022,0.0008,0.0007
422,0.0025,0.0029,0.0012,0.0009
423,0.0014,0.0022,0.0008,0.0007
424,0.0009,0.0018,0.0007,0.0005
425,0.0014,0.0022,0.0008,0.0007
426,0.0014,0.0022,0.0008,0.0007
427,0.0014,0.0022,0.0008,0.0007
428,0.0014,0.0022,0.0008,0.0007
429,0.0014,0.0022,0.0008,0.0007
430,0.0014,0.0022,0.0008,0.0007
431,0.0014,0.0022,0.0008,0.0007
432,0.0014,0.0022,0.0008,0.0007
433,0.0014,0.0022,0.0008,0.0007
434,0.0019,0.0016,0.0014,0.0011
435,0.0009,0.0018,0.0007,0.0005
436,0.0024,0.0021,0.0012,0.0008
437,0.0010,0.0019,0.0007,0.0006
438,0.0011,0.0021,0.0007,0.0006
439,0.0014,0.0027,0.0008,0.0006
440,0.0014,0.0024,0.0007,0.0007
441,0.0014,0.0030,0.0009,0.0006
442,0.0013,0.0021,0.0010,0.0006
443,0.0012,0.0022,0.0010,0.0006
444,0.0012,0.0023,0.0010,0.0006
445,0.0012,0.0024,0.0009,0.0006
446,0.0039,0.0012,0.0010,0.0009
447,0.0009,0.0018,0.0007,0.0005
448,0.0012,0.0025,0.0009,0.0006
449,0.0018,0.0023,0.0011,0.0008
450,0.0013,0.0026,0.0008,0.0006
451,0.0013,0.0028,0.0008,0.0006
452,0.0014,0.0029,0.0008,0.0006
453,0.0016,0.0030,0.0007,0.0006
454,0.0017,0.0032,0.0007,0.0007
455,0.0034,0.0016,0.0011,0.0011
456,0.0022,0.0017,0.0010,0.0011
457,0.0015,0.0018,0.0010,0.0011
458,0.0009,0.0018,0.0007,0.0005
459,0.0014,0.0019,0.0009,0.0010
460,0.0025,0.0018,0.0012,0.0009
461,0.0016,0.0026,0.0011,0.0008
462,0.0017,0.0020,0.0008,0.0008
463,0.0016,0.0021,0.0007,0.0007
464,0.0015,0.0023,0.0007,0.0006
465,0.0013,0.0024,0.0007,0.0006
466,0.0012,0.0026,0.0008,0.0006
467,0.0024,0.0017,0.0010,0.0006
468,0.0037,0.0012,0.0012,0.0007
469,0.0009,0.0019,0.0009,0.0005
470,0.0041,0.0012,0.0013,0.0007
471,0.0038,0.0012,0.0014,0.0007
472,0.0031,0.0014,0.0013,0.0008
473,0.0015,0.0028,0.0010,0.0008
474,0.0025,0.0018,0.0012,0.0009
475,0.0020,0.0020,0.0010,0.0010
476,0.0018,0.0020,0.0009,0.0011
477,0.0020,0.0017,0.0012,0.0012
478,0.0026,0.0019,0.0017,0.0012
479,0.0029,0.0013,0.0008,0.0018
480,0.0009,0.0018,0.0008,0.0005
481,0.0014,0.0013,0.0007,0.0016
482,0.0026,0.0013,0.0007,0.0015
483,0.0032,0.0014,0.0008,0.0014
484,0.0031,0.0017,0.0008,0.0012
485,0.0025,0.0018,0.0010,0.0012
486,0.0026,0.0022,0.0008,0.0011
487,0.0019,0.0027,0.0008,0.0010
488,0.0014,0.0029,0.0008,0.0009
489,0.0013,0.0028,0.0008,0.0007
490,0.0012,0.0027,0.0009,0.0006
491,0.0009,0.0017,0.0008,0.0005
492,0.0013,0.0024,0.0009,0.0006
493,0.0015,0.0023,0.0009,0.0007
494,0.0018,0.0021,0.0010,0.0008
495,0.0023,0.0018,0.0010,0.0009
496,0.0028,0.0015,0.0011,0.0010
497,0.0016,0.0031,0.0010,0.0007
498,0.0029,0.0013,0.0011,0.0012
499,0.0026,0.0012,0.0011,0.0013
500,0.0018,0.0012,0.0010,0.0015
501,0.0010,0.0014,0.0010,0.0017
502,0.0009,0.0015,0.0008,0.0005
503,0.0023,0.0019,0.0011,0.0019
504,0.0012,0.0026,0.0009,0.0006
505,0.0012,0.0026,0.0009,0.0006
506,0.0012,0.0026,0.0009,0.0006
507,0.0012,0.0026,0.0009,0.0006
508,0.0012,0.0026,0.0009,0.0006
509,0.0016,0.0032,0.0010,0.0007
510,0.0012,0.0026,0.0009,0.0006
511,0.0012,0.0026,0.0009,0.0006
512,0.0012,0.0026,0.0009,0.0006
513,0.0011,0.0018,0.0013,0.0006
514,0.0012,0.0026,0.0009,0.0006
515,0.0012,0.0026,0.0009,0.0006
516,0.0012,0.0026,0.0009,0.0006
517,0.0012,0.0026,0.0009,0.0006
518,0.0012,0.0026,0.0009,0.0006
519,0.0012,0.0026,0.0009,0.0006
520,0.0012,0.0026,0.0009,0.0006
521,0.0015,0.0032,0.0010,0.0007
522,0.0012,0.0026,0.0009,0.0006
523,0.0012,0.0026,0.0009,0.0006
524,0.0027,0.0012,0.0010,0.0015
525,0.0012,0.0026,0.0009,0.0006
526,0.0012,0.0026,0.0009,0.0006
527,0.0012,0.0026,0.0009,0.0006
528,0.0010,0.0019,0.0008,0.0006
529,0.0010,0.0019,0.0007,0.0006
530,0.0014,0.0028,0.0010,0.0005
531,0.0015,0.0027,0.0008,0.0006
532,0.0011,0.0024,0.0008,0.0006
533,0.0014,0.0032,0.0010,0.0008
534,0.0011,0.0016,0.0009,0.0005
535,0.0009,0.0014,0.0009,0.0005
536,0.0010,0.0017,0.0008,0.0006
537,0.0010,0.0017,0.0008,0.0006
538,0.0010,0.0018,0.0008,0.0006
539,0.0010,0.0019,0.0008,0.0006
540,0.0010,0.0020,0.0007,0.0006
541,0.0011,0.0021,0.0007,0.0006
542,0.0011,0.0022,0.0007,0.0006
543,0.0011,0.0023,0.0007,0.0006
544,0.0012,0.0025,0.0007,0.0006
545,0.0014,0.0032,0.0010,0.0008
546,0.0009,0.0015,0.0009,0.0005
547,0.0045,0.0020,0.0015,0.0012
548,0.0029,0.0016,0.0013,0.0013
549,0.0020,0.0015,0.0012,0.0012
550,0.0020,0.0015,0.0011,0.0012
551,0.0022,0.0017,0.0011,0.0008
552,0.0022,0.0017,0.0009,0.0009
553,0.0021,0.0017,0.0008,0.0008
554,0.0019,0.0017,0.0007,0.0007
555,0.0016,0.0017,0.0007,0.0006
556,0.0012,0.0018,0.0007,0.0006
557,0.0032,0.0014,0.0009,0.0025
558,0.0009,0.0016,0.0009,0.0005
559,0.0010,0.0016,0.0008,0.0006
560,0.0009,0.0017,0.0008,0.0005
561,0.0009,0.0019,0.0008,0.0005
562,0.0009,0.0020,0.0007,0.0005
563,0.0009,0.0020,0.0007,0.0006
564,0.0009,0.0021,0.0007,0.0006
565,0.0010,0.0022,0.0007,0.0006
566,0.0029,0.0013,0.0010,0.0014
567,0.0047,0.0036,0.0016,0.0011
568,0.0015,0.0014,0.0010,0.0022
569,0.0032,0.0028,0.0014,0.0012
570,0.0026,0.0022,0.0012,0.0012
571,0.0026,0.0018,0.0011,0.0012
572,0.0021,0.0015,0.0014,0.0007
573,0.0028,0.0016,0.0009,0.0009
574,0.0027,0.0015,0.0008,0.0008
575,0.0023,0.0014,0.0008,0.0007
576,0.0018,0.0014,0.0008,0.0006
577,0.0012,0.0014,0.0008,0.0005
578,0.0029,0.0015,0.0010,0.0014
579,0.0027,0.0015,0.0010,0.0019
580,0.0010,0.0019,0.0008,0.0006
581,0.0013,0.0015,0.0010,0.0006
582,0.0029,0.0019,0.0011,0.0006
583,0.0033,0.0019,0.0012,0.0007
584,0.0028,0.0015,0.0013,0.0007
585,0.0021,0.0015,0.0014,0.0007
586,0.0016,0.0021,0.0015,0.0008
587,0.0016,0.0024,0.0016,0.0009
588,0.0018,0.0024,0.0018,0.0011
589,0.0020,0.0025,0.0020,0.0013
590,0.0030,0.0018,0.0010,0.0017
591,0.0026,0.0018,0.0010,0.0013
592,0.0038,0.0014,0.0012,0.0039
593,0.0016,0.0015,0.0012,0.0035
594,0.0024,0.0019,0.0012,0.0030
595,0.0023,0.0028,0.0011,0.0026
596,0.0013,0.0040,0.0010,0.0022
597,0.0013,0.0047,0.0009,0.0018
598,0.0013,0.0042,0.0009,0.0015
599,0.0013,0.0035,0.0008,0.0012
600,0.0012,0.0028,0.0008,0.0009
601,0.0023,0.0025,0.0009,0.0014
602,0.0010,0.0021,0.0008,0.0006
603,0.0021,0.0022,0.0010,0.0012
604,0.0009,0.0019,0.0008,0.0006
605,0.0010,0.0025,0.0008,0.0009
606,0.0009,0.0029,0.0008,0.0012
607,0.0010,0.0035,0.0008,0.0015
608,0.0011,0.0039,0.0008,0.0018
609,0.0017,0.0033,0.0009,0.0022
610,0.0025,0.0023,0.0010,0.0026
611,0.0024,0.0016,0.0011,0.0030
612,0.0020,0.0018,0.0015,0.0010
613,0.0016,0.0032,0.0009,0.0012
614,0.0015,0.0015,0.0012,0.0033
615,0.0016,0.0018,0.0014,0.0037
616,0.0019,0.0024,0.0010,0.0011
617,0.0009,0.0018,0.0008,0.0005
618,0.0009,0.0018,0.0008,0.0005
619,0.0009,0.0018,0.0008,0.0005
620,0.0009,0.0018,0.0008,0.0005
621,0.0009,0.0018,0.0008,0.0005
622,0.0009,0.0018,0.0008,0.0005
623,0.0009,0.0018,0.0008,0.0005
624,0.0013,0.0033,0.0008,0.0010
625,0.0009,0.0018,0.0008,0.0005
626,0.0009,0.0018,0.0008,0.0005
627,0.0009,0.0018,0.0008,0.0005
628,0.0018,0.0025,0.0010,0.0010
629,0.0009,0.0018,0.0008,0.0005
630,0.0009,0.0018,0.0008,0.0005
631,0.0009,0.0018,0.0008,0.0005
632,0.0009,0.0018,0.0008,0.0005
633,0.0009,0.0018,0.0008,0.0005
634,0.0009,0.0018,0.0008,0.0005
635,0.0012,0.0030,0.0008,0.0008
636,0.0009,0.0018,0.0008,0.0005
637,0.0009,0.0018,0.0008,0.0005
638,0.0009,0.0018,0.0008,0.0005
639,0.0009,0.0018,0.0008,0.0005
640,0.0023,0.0020,0.0018,0.0011
641,0.0019,0.0022,0.0010,0.0008
642,0.0009,0.0018,0.0011,0.0006
643,0.0009,0.0018,0.0010,0.0005
644,0.0009,0.0018,0.0009,0.0005
645,0.0009,0.0017,0.0009,0.0005
646,0.0011,0.0026,0.0008,0.0007
647,0.0011,0.0022,0.0013,0.0006
648,0.0009,0.0014,0.0011,0.0005
649,0.0009,0.0015,0.0011,0.0005
650,0.0009,0.0017,0.0010,0.0005
651,0.0010,0.0018,0.0010,0.0005
652,0.0009,0.0018,0.0009,0.0005
653,0.0022,0.0020,0.0011,0.0008
654,0.0009,0.0020,0.0009,0.0005
655,0.0009,0.0021,0.0008,0.0005
656,0.0009,0.0022,0.0008,0.0005
657,0.0010,0.0021,0.0007,0.0006
658,0.0009,0.0023,0.0008,0.0005
659,0.0010,0.0023,0.0008,0.0006
660,0.0057,0.0039,0.0020,0.0010
661,0.0032,0.0032,0.0017,0.0011
662,0.0027,0.0025,0.0015,0.0011
663,0.0028,0.0019,0.0014,0.0011
664,0.0022,0.0016,0.0014,0.0007
665,0.0026,0.0016,0.0011,0.0008
666,0.0030,0.0015,0.0013,0.0009
667,0.0028,0.0013,0.0012,0.0008
668,0.0039,0.0012,0.0010,0.0010
669,0.0024,0.0013,0.0011,0.0007
670,0.0018,0.0013,0.0010,0.0006
671,0.0013,0.0015,0.0009,0.0005
672,0.0010,0.0020,0.0009,0.0006
673,0.0013,0.0016,0.0010,0.0006
674,0.0029,0.0018,0.0011,0.0006
675,0.0033,0.0018,0.0012,0.0006
676,0.0029,0.0015,0.0013,0.0007
677,0.0031,0.0013,0.0012,0.0009
678,0.0022,0.0016,0.0014,0.0007
679,0.0010,0.0019,0.0007,0.0006
680,0.0017,0.0022,0.0015,0.0008
681,0.0017,0.0027,0.0016,0.0010
682,0.0019,0.0027,0.0018,0.0012
683,0.0022,0.0026,0.0020,0.0014
684,0.0035,0.0014,0.0010,0.0040
685,0.0016,0.0015,0.0010,0.0037
686,0.0026,0.0021,0.0011,0.0032
687,0.0024,0.0032,0.0011,0.0028
688,0.0013,0.0045,0.0010,0.0023
689,0.0034,0.0012,0.0013,0.0010
690,0.0011,0.0021,0.0007,0.0007
691,0.0012,0.0051,0.0010,0.0019
692,0.0013,0.0046,0.0010,0.0016
693,0.0012,0.0038,0.0009,0.0012
694,0.0012,0.0030,0.0009,0.0009
695,0.0009,0.0022,0.0009,0.0006
696,0.0009,0.0020,0.0009,0.0006
697,0.0010,0.0026,0.0009,0.0009
698,0.0010,0.0032,0.0008,0.0012
699,0.0010,0.0039,0.0008,0.0016
700,0.0010,0.0044,0.0008,0.0019
701,0.0012,0.0022,0.0007,0.0009
702,0.0034,0.0012,0.0015,0.0010
703,0.0015,0.0039,0.0008,0.0023
704,0.0024,0.0027,0.0009,0.0027
705,0.0023,0.0019,0.0010,0.0031
706,0.0015,0.0015,0.0011,0.0034
707,0.0015,0.0018,0.0013,0.0038
708,0.0009,0.0018,0.0009,0.0005
709,0.0009,0.0018,0.0009,0.0005
710,0.0009,0.0018,0.0009,0.0005
711,0.0009,0.0018,0.0009,0.0005
712,0.0015,0.0024,0.0007,0.0011
713,0.0009,0.0018,0.0009,0.0005
714,0.0030,0.0012,0.0017,0.0011
715,0.0009,0.0018,0.0009,0.0005
716,0.0009,0.0018,0.0009,0.0005
717,0.0009,0.0018,0.0009,0.0005
718,0.0009,0.0018,0.0009,0.0005
719,0.0009,0.0018,0.0009,0.0005
720,0.0009,0.0018,0.0009,0.0005
721,0.0009,0.0018,0.0009,0.0005
722,0.0009,0.0018,0.0009,0.0005
723,0.0032,0.0015,0.0010,0.0009
724,0.0020,0.0022,0.0007,0.0013
725,0.0009,0.0018,0.0009,0.0005
726,0.0009,0.0018,0.0009,0.0005
727,0.0023,0.0012,0.0019,0.0012
728,0.0009,0.0018,0.0009,0.0005
729,0.0009,0.0018,0.0009,0.0005
730,0.0009,0.0018,0.0009,0.0005
731,0.0009,0.0018,0.0009,0.0005
732,0.0009,0.0018,0.0009,0.0005
733,0.0010,0.0017,0.0014,0.0006
734,0.0009,0.0018,0.0012,0.0005
735,0.0026,0.0018,0.0007,0.0015
736,0.0010,0.0015,0.0010,0.0005
737,0.0010,0.0013,0.0010,0.0005
738,0.0011,0.0025,0.0013,0.0006
739,0.0016,0.0012,0.0022,0.0013
740,0.0010,0.0014,0.0013,0.0005
741,0.0009,0.0015,0.0012,0.0005
742,0.0009,0.0015,0.0012,0.0005
743,0.0010,0.0017,0.0012,0.0005
744,0.0009,0.0017,0.0011,0.0005
745,0.0009,0.0017,0.0010,0.0005
746,0.0028,0.0016,0.0007,0.0018
747,0.0010,0.0019,0.0010,0.0006
748,0.0009,0.0019,0.0010,0.0006
749,0.0009,0.0021,0.0010,0.0006
750,0.0010,0.0021,0.0010,0.0006
751,0.0016,0.0013,0.0026,0.0013
752,0.0053,0.0049,0.0021,0.0008
753,0.0036,0.0037,0.0019,0.0009
754,0.0027,0.0029,0.0019,0.0010
755,0.0027,0.0024,0.0018,0.0010
756,0.0024,0.0015,0.0016,0.0006
757,0.0021,0.0016,0.0007,0.0021
758,0.0029,0.0019,0.0016,0.0009
759,0.0027,0.0018,0.0015,0.0008
760,0.0023,0.0017,0.0014,0.0007
761,0.0018,0.0015,0.0013,0.0006
762,0.0013,0.0015,0.0011,0.0006
763,0.0026,0.0022,0.0020,0.0011
764,0.0018,0.0024,0.0010,0.0009
765,0.0011,0.0019,0.0011,0.0005
766,0.0014,0.0014,0.0011,0.0006
767,0.0029,0.0021,0.0013,0.0006
768,0.0011,0.0017,0.0008,0.0025
769,0.0035,0.0024,0.0014,0.0006
770,0.0030,0.0019,0.0015,0.0006
771,0.0024,0.0015,0.0016,0.0006
772,0.0019,0.0017,0.0017,0.0007
773,0.0019,0.0022,0.0018,0.0008
774,0.0021,0.0023,0.0020,0.0010
775,0.0023,0.0027,0.0022,0.0012
776,0.0018,0.0024,0.0010,0.0009
777,0.0036,0.0016,0.0011,0.0041
778,0.0016,0.0015,0.0012,0.0037
779,0.0021,0.0021,0.0009,0.0029
780,0.0025,0.0019,0.0012,0.0033
781,0.0021,0.0031,0.0012,0.0029
782,0.0012,0.0045,0.0011,0.0025
783,0.0013,0.0050,0.0011,0.0021
784,0.0015,0.0046,0.0011,0.0017
785,0.0014,0.0037,0.0011,0.0013
786,0.0012,0.0028,0.0011,0.0010
787,0.0010,0.0020,0.0011,0.0007
788,0.0018,0.0024,0.0010,0.0009
789,0.0010,0.0018,0.0011,0.0007
790,0.0035,0.0014,0.0010,0.0010
791,0.0010,0.0023,0.0011,0.0009
792,0.0011,0.0030,0.0010,0.0013
793,0.0011,0.0036,0.0010,0.0016
794,0.0011,0.0039,0.0010,0.0020
795,0.0014,0.0034,0.0011,0.0023
796,0.0022,0.0021,0.0011,0.0027
797,0.0023,0.0016,0.0011,0.0031
798,0.0015,0.0022,0.0012,0.0035
799,0.0016,0.0031,0.0014,0.0039
800,0.0018,0.0024,0.0010,0.0009
801,0.0010,0.0019,0.0007,0.0006
802,0.0009,0.0017,0.0011,0.0005
803,0.0009,0.0017,0.0011,0.0005
804,0.0009,0.0017,0.0011,0.0005
805,0.0009,0.0017,0.0011,0.0005
806,0.0009,0.0017,0.0011,0.0005
807,0.0009,0.0017,0.0011,0.0005
808,0.0009,0.0017,0.0011,0.0005
809,0.0009,0.0017,0.0011,0.0005
810,0.0009,0.0017,0.0011,0.0005
811,0.0009,0.0017,0.0011,0.0005
812,0.0010,0.0019,0.0007,0.0006
813,0.0018,0.0024,0.0010,0.0009
814,0.0009,0.0017,0.0011,0.0005
815,0.0009,0.0017,0.0011,0.0005
816,0.0009,0.0017,0.0011,0.0005
817,0.0009,0.0017,0.0011,0.0005
818,0.0009,0.0017,0.0011,0.0005
819,0.0009,0.0017,0.0011,0.0005
820,0.0009,0.0017,0.0011,0.0005
821,0.0009,0.0017,0.0011,0.0005
822,0.0009,0.0017,0.0011,0.0005
823,0.0010,0.0019,0.0007,0.0006
824,0.0009,0.0017,0.0011,0.0005
825,0.0018,0.0024,0.0010,0.0009
826,0.0010,0.0018,0.0015,0.0006
827,0.0010,0.0018,0.0013,0.0006
828,0.0010,0.0018,0.0012,0.0005
829,0.0010,0.0018,0.0011,0.0005
830,0.0012,0.0025,0.0013,0.0006
831,0.0010,0.0015,0.0015,0.0006
832,0.0010,0.0016,0.0014,0.0006
833,0.0010,0.0017,0.0014,0.0005
834,0.0014,0.0017,0.0008,0.0006
835,0.0010,0.0019,0.0007,0.0006
836,0.0010,0.0018,0.0014,0.0005
837,0.0010,0.0018,0.0013,0.0005
838,0.0018,0.0024,0.0010,0.0009
839,0.0010,0.0019,0.0012,0.0006
840,0.0010,0.0020,0.0011,0.0006
841,0.0010,0.0020,0.0010,0.0006
842,0.0010,0.0022,0.0010,0.0006
843,0.0012,0.0022,0.0009,0.0006
844,0.0049,0.0053,0.0023,0.0007
845,0.0034,0.0041,0.0022,0.0008
846,0.0010,0.0019,0.0007,0.0006
847,0.0027,0.0032,0.0022,0.0009
848,0.0027,0.0025,0.0022,0.0009
849,0.0025,0.0015,0.0015,0.0006
850,0.0018,0.0024,0.0010,0.0009
851,0.0030,0.0017,0.0020,0.0009
852,0.0028,0.0015,0.0019,0.0008
853,0.0024,0.0015,0.0017,0.0007
854,0.0019,0.0014,0.0016,0.0006
855,0.0014,0.0015,0.0014,0.0006
856,0.0010,0.0020,0.0011,0.0005
857,0.0010,0.0019,0.0007,0.0006
858,0.0015,0.0015,0.0011,0.0006
859,0.0031,0.0019,0.0012,0.0006
860,0.0036,0.0022,0.0013,0.0006
861,0.0032,0.0017,0.0014,0.0006
862,0.0018,0.0024,0.0010,0.0009
863,0.0025,0.0015,0.0015,0.0006
864,0.0019,0.0019,0.0016,0.0007
865,0.0018,0.0024,0.0017,0.0008
866,0.0020,0.0025,0.0019,0.0011
867,0.0023,0.0027,0.0021,0.0014
868,0.0010,0.0019,0.0007,0.0006
869,0.0031,0.0014,0.0010,0.0040
870,0.0018,0.0014,0.0011,0.0036
871,0.0028,0.0020,0.0011,0.0032
872,0.0024,0.0033,0.0012,0.0028
873,0.0013,0.0047,0.0012,0.0024
874,0.0018,0.0024,0.0010,0.0009
875,0.0012,0.0052,0.0012,0.0020
876,0.0014,0.0049,0.0013,0.0016
877,0.0013,0.0040,0.0013,0.0013
878,0.0011,0.0031,0.0013,0.0009
879,0.0010,0.0019,0.0007,0.0006
880,0.0010,0.0022,0.0013,0.0007
881,0.0010,0.0019,0.0012,0.0007
882,0.0010,0.0025,0.0012,0.0010
883,0.0010,0.0032,0.0011,0.0013
884,0.0011,0.0038,0.0011,0.0016
885,0.0011,0.0040,0.0010,0.0020
886,0.0029,0.0024,0.0023,0.0012
887,0.0018,0.0024,0.0010,0.0009
888,0.0015,0.0036,0.0010,0.0023
889,0.0023,0.0023,0.0010,0.0027
890,0.0010,0.0019,0.0007,0.0006
891,0.0024,0.0016,0.0011,0.0031
892,0.0016,0.0019,0.0011,0.0035
893,0.0015,0.0025,0.0013,0.0038
894,0.0010,0.0019,0.0012,0.0005
895,0.0010,0.0019,0.0012,0.0005
896,0.0010,0.0019,0.0012,0.0005
897,0.0010,0.0019,0.0012,0.0005
898,0.0010,0.0019,0.0012,0.0005
899,0.0018,0.0024,0.0010,0.0009
900,0.0010,0.0019,0.0012,0.0005
901,0.0010,0.0019,0.0007,0.0006
902,0.0010,0.0019,0.0012,0.0005
903,0.0010,0.0019,0.0012,0.0005
904,0.0010,0.0019,0.0012,0.0005
905,0.0010,0.0019,0.0012,0.0005
906,0.0010,0.0019,0.0012,0.0005
907,0.0010,0.0019,0.0012,0.0005
908,0.0010,0.0019,0.0012,0.0005
909,0.0010,0.0019,0.0012,0.0005
910,0.0010,0.0019,0.0012,0.0005
911,0.0018,0.0024,0.0010,0.0009
912,0.0030,0.0016,0.0010,0.0011
913,0.0010,0.0019,0.0012,0.0005
914,0.0010,0.0019,0.0012,0.0005
915,0.0010,0.0019,0.0012,0.0005
916,0.0010,0.0019,0.0012,0.0005
917,0.0010,0.0019,0.0012,0.0005
918,0.0010,0.0019,0.0013,0.0006
919,0.0010,0.0019,0.0011,0.0005
920,0.0010,0.0017,0.0010,0.0005
921,0.0010,0.0015,0.0010,0.0005
922,0.0013,0.0023,0.0015,0.0006
923,0.0010,0.0019,0.0007,0.0006
924,0.0018,0.0024,0.0010,0.0009
925,0.0011,0.0015,0.0017,0.0007
926,0.0011,0.0016,0.0017,0.0007
927,0.0010,0.0017,0.0017,0.0006
928,0.0011,0.0019,0.0016,0.0006
929,0.0010,0.0019,0.0016,0.0006
930,0.0011,0.0019,0.0014,0.0006
931,0.0011,0.0020,0.0013,0.0006
932,0.0011,0.0020,0.0012,0.0006
933,0.0011,0.0022,0.0011,0.0006
934,0.0010,0.0019,0.0007,0.0006
935,0.0014,0.0022,0.0010,0.0006
936,0.0018,0.0024,0.0010,0.0009
937,0.0049,0.0058,0.0025,0.0006
938,0.0034,0.0045,0.0026,0.0006
939,0.0027,0.0035,0.0026,0.0008
940,0.0027,0.0027,0.0026,0.0008
941,0.0026,0.0016,0.0014,0.0006
942,0.0030,0.0017,0.0025,0.0008
943,0.0028,0.0015,0.0023,0.0008
944,0.0024,0.0014,0.0022,0.0007
945,0.0026,0.0015,0.0010,0.0006
946,0.0010,0.0019,0.0007,0.0006
947,0.0020,0.0014,0.0019,0.0007
948,0.0015,0.0015,0.0017,0.0006
949,0.0018,0.0024,0.0010,0.0009
950,0.0011,0.0020,0.0013,0.0006
951,0.0016,0.0015,0.0012,0.0006
952,0.0033,0.0020,0.0012,0.0006
953,0.0038,0.0023,0.0013,0.0006
954,0.0033,0.0018,0.0013,0.0006
955,0.0026,0.0016,0.0014,0.0006
956,0.0020,0.0019,0.0015,0.0006
957,0.0010,0.0019,0.0007,0.0006
958,0.0018,0.0024,0.0017,0.0008
959,0.0020,0.0025,0.0018,0.0010
960,0.0023,0.0027,0.0020,0.0014
961,0.0018,0.0024,0.0010,0.0009
962,0.0030,0.0014,0.0009,0.0040
963,0.0019,0.0014,0.0011,0.0036
964,0.0028,0.0020,0.0012,0.0031
965,0.0024,0.0032,0.0013,0.0028
966,0.0013,0.0047,0.0014,0.0024
967,0.0012,0.0052,0.0015,0.0020
968,0.0010,0.0019,0.0007,0.0006
969,0.0013,0.0048,0.0015,0.0016
970,0.0013,0.0040,0.0016,0.0013
971,0.0012,0.0031,0.0016,0.0009
972,0.0010,0.0022,0.0015,0.0007
973,0.0018,0.0024,0.0010,0.0009
974,0.0010,0.0019,0.0014,0.0008
975,0.0010,0.0024,0.0014,0.0010
976,0.0010,0.0030,0.0013,0.0014
977,0.0011,0.0036,0.0012,0.0017
978,0.0012,0.0038,0.0011,0.0020
979,0.0010,0.0019,0.0007,0.0006
980,0.0016,0.0034,0.0011,0.0023
981,0.0025,0.0022,0.0010,0.0027
982,0.0025,0.0016,0.0010,0.0031
983,0.0018,0.0020,0.0010,0.0035
984,0.0014,0.0027,0.0012,0.0038
985,0.0018,0.0024,0.0010,0.0009
986,0.0010,0.0019,0.0015,0.0006
987,0.0010,0.0019,0.0015,0.0006
988,0.0010,0.0019,0.0015,0.0006
989,0.0010,0.0019,0.0015,0.0006
990,0.0010,0.0019,0.0007,0.0006
991,0.0010,0.0019,0.0015,0.0006
992,0.0010,0.0019,0.0015,0.0006
993,0.0010,0.0019,0.0015,0.0006
994,0.0010,0.0019,0.0015,0.0006
995,0.0010,0.0019,0.0015,0.0006
996,0.0010,0.0019,0.0015,0.0006
997,0.0018,0.0024,0.0010,0.0009
998,0.0010,0.0019,0.0015,0.0006
999,0.0010,0.0019,0.0015,0.0006
1000,0.0010,0.0019,0.0015,0.0006
1001,0.0010,0.0019,0.0007,0.0006
1002,0.0010,0.0019,0.0015,0.0006
1003,0.0010,0.0019,0.0015,0.0006
1004,0.0010,0.0019,0.0015,0.0006
1005,0.0010,0.0019,0.0015,0.0006
1006,0.0010,0.0019,0.0015,0.0006
1007,0.0010,0.0019,0.0015,0.0006
1008,0.0010,0.0019,0.0015,0.0006
1009,0.0046,0.0014,0.0013,0.0008
1010,0.0014,0.0022,0.0010,0.0008
1011,0.0014,0.0026,0.0009,0.0007
1012,0.0010,0.0019,0.0007,0.0006
1013,0.0018,0.0030,0.0010,0.0007
1014,0.0018,0.0025,0.0009,0.0008
1015,0.0015,0.0027,0.0010,0.0007
1016,0.0016,0.0028,0.0011,0.0007
1017,0.0016,0.0029,0.0011,0.0008
1018,0.0016,0.0029,0.0011,0.0008
1019,0.0016,0.0030,0.0010,0.0008
1020,0.0016,0.0030,0.0010,0.0007
1021,0.0030,0.0018,0.0013,0.0008
1022,0.0016,0.0031,0.0010,0.0007
1023,0.0010,0.0019,0.0007,0.0006
1024,0.0017,0.0031,0.0009,0.0007
1025,0.0018,0.0032,0.0009,0.0007
1026,0.0020,0.0033,0.0009,0.0007
1027,0.0021,0.0034,0.0009,0.0007
1028,0.0035,0.0020,0.0012,0.0013
1029,0.0024,0.0020,0.0011,0.0013
1030,0.0020,0.0021,0.0010,0.0013
1031,0.0021,0.0022,0.0010,0.0012
1032,0.0024,0.0023,0.0013,0.0011
1033,0.0020,0.0022,0.0013,0.0008
1034,0.0025,0.0018,0.0010,0.0012
1035,0.0022,0.0024,0.0009,0.0010
1036,0.0021,0.0025,0.0009,0.0009
1037,0.0019,0.0027,0.0009,0.0008
1038,0.0017,0.0029,0.0009,0.0007
1039,0.0015,0.0031,0.0009,0.0007
1040,0.0027,0.0022,0.0011,0.0008
1041,0.0038,0.0015,0.0013,0.0008
1042,0.0041,0.0014,0.0014,0.0009
1043,0.0038,0.0015,0.0014,0.0009
1044,0.0031,0.0019,0.0014,0.0010
1045,0.0009,0.0019,0.0008,0.0006
1046,0.0018,0.0024,0.0013,0.0008
1047,0.0024,0.0023,0.0013,0.0011
1048,0.0020,0.0025,0.0011,0.0012
1049,0.0019,0.0023,0.0010,0.0013
1050,0.0020,0.0020,0.0012,0.0014
1051,0.0025,0.0019,0.0017,0.0015
1052,0.0026,0.0020,0.0009,0.0018
1053,0.0019,0.0019,0.0009,0.0016
1054,0.0032,0.0018,0.0009,0.0015
1055,0.0038,0.0021,0.0009,0.0014
1056,0.0036,0.0019,0.0011,0.0007
1057,0.0009,0.0018,0.0007,0.0006
1058,0.0036,0.0024,0.0010,0.0013
1059,0.0021,0.0027,0.0013,0.0016
1060,0.0030,0.0029,0.0010,0.0012
1061,0.0023,0.0034,0.0010,0.0011
1062,0.0019,0.0035,0.0010,0.0010
1063,0.0017,0.0034,0.0010,0.0009
1064,0.0016,0.0032,0.0010,0.0008
1065,0.0017,0.0029,0.0010,0.0007
1066,0.0019,0.0027,0.0010,0.0008
1067,0.0021,0.0026,0.0010,0.0009
1068,0.0009,0.0016,0.0007,0.0005
1069,0.0026,0.0023,0.0010,0.0010
1070,0.0031,0.0019,0.0011,0.0011
1071,0.0019,0.0020,0.0013,0.0010
1072,0.0021,0.0027,0.0014,0.0008
1073,0.0033,0.0017,0.0011,0.0013
1074,0.0029,0.0015,0.0011,0.0014
1075,0.0022,0.0016,0.0011,0.0016
1076,0.0014,0.0019,0.0012,0.0018
1077,0.0022,0.0025,0.0014,0.0021
1078,0.0016,0.0030,0.0010,0.0007
1079,0.0011,0.0019,0.0008,0.0006
1080,0.0016,0.0030,0.0010,0.0007
1081,0.0016,0.0030,0.0010,0.0007
1082,0.0016,0.0030,0.0010,0.0007
1083,0.0016,0.0030,0.0010,0.0007
1084,0.0021,0.0027,0.0014,0.0009
1085,0.0016,0.0030,0.0010,0.0007
1086,0.0016,0.0030,0.0010,0.0007
1087,0.0016,0.0030,0.0010,0.0007
1088,0.0016,0.0030,0.0010,0.0007
1089,0.0016,0.0030,0.0010,0.0007
1090,0.0010,0.0019,0.0010,0.0006
1091,0.0016,0.0030,0.0010,0.0007
1092,0.0016,0.0030,0.0010,0.0007
1093,0.0016,0.0030,0.0010,0.0007
1094,0.0016,0.0030,0.0010,0.0007
1095,0.0016,0.0030,0.0010,0.0007
1096,0.0019,0.0026,0.0015,0.0009
1097,0.0016,0.0030,0.0010,0.0007
1098,0.0016,0.0030,0.0010,0.0007
1099,0.0016,0.0030,0.0010,0.0007
1100,0.0016,0.0030,0.0010,0.0007
1101,0.0009,0.0014,0.0009,0.0005
1102,0.0016,0.0030,0.0010,0.0007
1103,0.0013,0.0021,0.0011,0.0007
1104,0.0013,0.0022,0.0010,0.0007
1105,0.0017,0.0033,0.0011,0.0007
1106,0.0018,0.0030,0.0009,0.0007
1107,0.0014,0.0022,0.0009,0.0007
1108,0.0017,0.0025,0.0015,0.0009
1109,0.0013,0.0022,0.0008,0.0007
1110,0.0013,0.0022,0.0008,0.0007
1111,0.0013,0.0023,0.0008,0.0007
1112,0.0009,0.0015,0.0008,0.0006
1113,0.0013,0.0023,0.0008,0.0007
1114,0.0013,0.0024,0.0008,0.0007
1115,0.0013,0.0024,0.0009,0.0007
1116,0.0014,0.0025,0.0009,0.0007
1117,0.0014,0.0025,0.0009,0.0007
1118,0.0015,0.0026,0.0009,0.0007
1119,0.0016,0.0027,0.0009,0.0007
1120,0.0015,0.0023,0.0015,0.0010
1121,0.0054,0.0023,0.0016,0.0014
1122,0.0035,0.0018,0.0014,0.0015
1123,0.0009,0.0015,0.0008,0.0006
1124,0.0026,0.0017,0.0013,0.0015
1125,0.0024,0.0019,0.0013,0.0014
1126,0.0022,0.0025,0.0011,0.0011
1127,0.0026,0.0021,0.0011,0.0011
1128,0.0025,0.0021,0.0010,0.0010
1129,0.0023,0.0021,0.0010,0.0009
1130,0.0019,0.0021,0.0009,0.0008
1131,0.0015,0.0022,0.0009,0.0007
1132,0.0028,0.0014,0.0014,0.0011
1133,0.0016,0.0022,0.0009,0.0007
1134,0.0010,0.0016,0.0008,0.0006
1135,0.0026,0.0017,0.0010,0.0008
1136,0.0036,0.0017,0.0011,0.0008
1137,0.0035,0.0016,0.0011,0.0009
1138,0.0029,0.0019,0.0011,0.0010
1139,0.0022,0.0025,0.0011,0.0011
1140,0.0018,0.0031,0.0010,0.0012
1141,0.0017,0.0031,0.0011,0.0014
1142,0.0019,0.0028,0.0014,0.0015
1143,0.0026,0.0024,0.0020,0.0017
1144,0.0031,0.0014,0.0014,0.0012
1145,0.0009,0.0017,0.0007,0.0005
1146,0.0027,0.0024,0.0009,0.0024
1147,0.0021,0.0023,0.0009,0.0022
1148,0.0033,0.0024,0.0009,0.0019
1149,0.0035,0.0028,0.0009,0.0017
1150,0.0028,0.0035,0.0009,0.0014
1151,0.0021,0.0040,0.0009,0.0012
1152,0.0017,0.0040,0.0008,0.0010
1153,0.0015,0.0036,0.0008,0.0009
1154,0.0014,0.0031,0.0008,0.0008
1155,0.0013,0.0026,0.0008,0.0007
1156,0.0021,0.0019,0.0010,0.0012
1157,0.0031,0.0015,0.0014,0.0013
1158,0.0013,0.0024,0.0009,0.0008
1159,0.0014,0.0026,0.0009,0.0009
1160,0.0015,0.0028,0.0009,0.0010
1161,0.0017,0.0030,0.0009,0.0012
1162,0.0022,0.0030,0.0009,0.0014
1163,0.0027,0.0026,0.0009,0.0017
1164,0.0030,0.0023,0.0009,0.0021
1165,0.0024,0.0022,0.0010,0.0025
1166,0.0014,0.0024,0.0011,0.0029
1167,0.0036,0.0016,0.0012,0.0007
1168,0.0009,0.0018,0.0007,0.0006
1169,0.0020,0.0030,0.0013,0.0034
1170,0.0028,0.0019,0.0013,0.0014
1171,0.0013,0.0024,0.0009,0.0007
1172,0.0013,0.0024,0.0009,0.0007
1173,0.0013,0.0024,0.0009,0.0007
1174,0.0013,0.0024,0.0009,0.0007
1175,0.0013,0.0024,0.0009,0.0007
1176,0.0013,0.0024,0.0009,0.0007
1177,0.0013,0.0024,0.0009,0.0007
1178,0.0013,0.0024,0.0009,0.0007
1179,0.0009,0.0019,0.0007,0.0006
1180,0.0013,0.0024,0.0009,0.0007
1181,0.0013,0.0024,0.0009,0.0007
1182,0.0024,0.0023,0.0013,0.0015
1183,0.0013,0.0024,0.0009,0.0007
1184,0.0013,0.0024,0.0009,0.0007
1185,0.0013,0.0024,0.0009,0.0007
1186,0.0013,0.0024,0.0009,0.0007
1187,0.0013,0.0024,0.0009,0.0007
1188,0.0013,0.0024,0.0009,0.0007
1189,0.0013,0.0024,0.0009,0.0007
1190,0.0009,0.0019,0.0007,0.0006
1191,0.0013,0.0024,0.0009,0.0007
1192,0.0013,0.0024,0.0009,0.0007
1193,0.0013,0.0024,0.0009,0.0007
1194,0.0019,0.0023,0.0013,0.0009
1195,0.0021,0.0027,0.0013,0.0016
1196,0.0013,0.0021,0.0013,0.0007
1197,0.0013,0.0019,0.0012,0.0007
1198,0.0012,0.0020,0.0008,0.0007
1199,0.0013,0.0025,0.0008,0.0007
1200,0.0013,0.0021,0.0009,0.0007
1201,0.0009,0.0021,0.0007,0.0006
1202,0.0012,0.0017,0.0008,0.0007
1203,0.0012,0.0018,0.0008,0.0007
1204,0.0012,0.0018,0.0009,0.0007
1205,0.0013,0.0019,0.0009,0.0007
1206,0.0013,0.0019,0.0009,0.0007
1207,0.0018,0.0031,0.0014,0.0017
1208,0.0012,0.0019,0.0010,0.0007
1209,0.0013,0.0020,0.0010,0.0007
1210,0.0012,0.0020,0.0011,0.0007
1211,0.0013,0.0021,0.0011,0.0007
1212,0.0010,0.0022,0.0007,0.0006
1213,0.0013,0.0021,0.0012,0.0007
1214,0.0065,0.0029,0.0018,0.0013
1215,0.0042,0.0021,0.0017,0.0014
1216,0.0029,0.0018,0.0015,0.0014
1217,0.0025,0.0019,0.0014,0.0013
1218,0.0020,0.0020,0.0010,0.0009
1219,0.0016,0.0033,0.0016,0.0017
1220,0.0028,0.0020,0.0012,0.0011
1221,0.0026,0.0020,0.0011,0.0009
1222,0.0023,0.0019,0.0011,0.0008
1223,0.0047,0.0027,0.0016,0.0012
1224,0.0019,0.0018,0.0010,0.0007
1225,0.0014,0.0017,0.0010,0.0007
1226,0.0013,0.0020,0.0010,0.0007
1227,0.0016,0.0017,0.0010,0.0007
1228,0.0029,0.0021,0.0010,0.0008
1229,0.0032,0.0022,0.0010,0.0008
1230,0.0028,0.0019,0.0010,0.0009
1231,0.0016,0.0034,0.0018,0.0018
1232,0.0020,0.0020,0.0010,0.0009
1233,0.0016,0.0025,0.0012,0.0010
1234,0.0031,0.0021,0.0014,0.0013
1235,0.0016,0.0028,0.0014,0.0012
1236,0.0018,0.0027,0.0017,0.0014
1237,0.0022,0.0026,0.0021,0.0015
1238,0.0042,0.0018,0.0015,0.0031
1239,0.0020,0.0018,0.0014,0.0028
1240,0.0026,0.0021,0.0012,0.0024
1241,0.0025,0.0029,0.0011,0.0021
1242,0.0019,0.0040,0.0009,0.0018
1243,0.0016,0.0031,0.0022,0.0018
1244,0.0018,0.0045,0.0009,0.0015
1245,0.0024,0.0016,0.0013,0.0013
1246,0.0019,0.0042,0.0008,0.0012
1247,0.0018,0.0035,0.0008,0.0010
1248,0.0016,0.0027,0.0009,0.0008
1249,0.0013,0.0021,0.0009,0.0007
1250,0.0012,0.0020,0.0010,0.0008
1251,0.0013,0.0024,0.0011,0.0009
1252,0.0013,0.0029,0.0011,0.0012
1253,0.0013,0.0035,0.0012,0.0014
1254,0.0015,0.0037,0.0013,0.0017
1255,0.0021,0.0026,0.0026,0.0015
1256,0.0024,0.0015,0.0012,0.0012
1257,0.0019,0.0033,0.0013,0.0021
1258,0.0026,0.0024,0.0014,0.0024
1259,0.0025,0.0022,0.0015,0.0028
1260,0.0016,0.0024,0.0016,0.0032
1261,0.0017,0.0029,0.0018,0.0036
1262,0.0012,0.0019,0.0010,0.0007
1263,0.0012,0.0019,0.0010,0.0007
1264,0.0012,0.0019,0.0010,0.0007
1265,0.0012,0.0019,0.0010,0.0007
1266,0.0012,0.0019,0.0010,0.0007
1267,0.0021,0.0016,0.0011,0.0008
1268,0.0023,0.0022,0.0022,0.0012
1269,0.0012,0.0019,0.0010,0.0007
1270,0.0012,0.0019,0.0010,0.0007
1271,0.0012,0.0019,0.0010,0.0007
1272,0.0012,0.0019,0.0010,0.0007
1273,0.0012,0.0019,0.0010,0.0007
1274,0.0012,0.0019,0.0010,0.0007
1275,0.0012,0.0019,0.0010,0.0007
1276,0.0012,0.0019,0.0010,0.0007
1277,0.0012,0.0019,0.0010,0.0007
1278,0.0030,0.0014,0.0012,0.0008
1279,0.0019,0.0018,0.0011,0.0013
1280,0.0012,0.0019,0.0010,0.0007
1281,0.0024,0.0019,0.0019,0.0010
1282,0.0012,0.0019,0.0010,0.0007
1283,0.0012,0.0019,0.0010,0.0007
1284,0.0012,0.0019,0.0010,0.0007
1285,0.0012,0.0019,0.0010,0.0007
1286,0.0012,0.0019,0.0010,0.0007
1287,0.0012,0.0022,0.0012,0.0007
1288,0.0012,0.0021,0.0012,0.0007
1289,0.0012,0.0017,0.0010,0.0006
1290,0.0026,0.0015,0.0009,0.0010
1291,0.0012,0.0016,0.0009,0.0007
1292,0.0013,0.0021,0.0011,0.0007
1293,0.0025,0.0017,0.0017,0.0009
1294,0.0013,0.0017,0.0010,0.0006
1295,0.0012,0.0017,0.0010,0.0007
1296,0.0012,0.0017,0.0010,0.0007
1297,0.0013,0.0017,0.0011,0.0007
1298,0.0013,0.0018,0.0011,0.0007
1299,0.0012,0.0018,0.0012,0.0007
1300,0.0012,0.0019,0.0013,0.0007
1301,0.0024,0.0015,0.0009,0.0008
1302,0.0012,0.0018,0.0013,0.0007
1303,0.0012,0.0019,0.0014,0.0007
1304,0.0012,0.0020,0.0014,0.0007
1305,0.0026,0.0016,0.0016,0.0009
1306,0.0064,0.0041,0.0018,0.0010
1307,0.0044,0.0031,0.0016,0.0012
1308,0.0031,0.0025,0.0015,0.0012
1309,0.0027,0.0022,0.0013,0.0012
1310,0.0021,0.0017,0.0014,0.0008
1311,0.0028,0.0023,0.0012,0.0010
1312,0.0022,0.0015,0.0008,0.0007
1313,0.0026,0.0022,0.0011,0.0008
1314,0.0023,0.0021,0.0011,0.0007
1315,0.0018,0.0019,0.0011,0.0007
1316,0.0014,0.0017,0.0011,0.0006
1317,0.0017,0.0016,0.0014,0.0010
1318,0.0025,0.0015,0.0015,0.0009
1319,0.0015,0.0020,0.0012,0.0007
1320,0.0013,0.0017,0.0013,0.0007
1321,0.0026,0.0024,0.0014,0.0007
1322,0.0032,0.0026,0.0014,0.0008
1323,0.0017,0.0014,0.0007,0.0006
1324,0.0028,0.0019,0.0014,0.0008
1325,0.0021,0.0017,0.0014,0.0008
1326,0.0017,0.0021,0.0016,0.0009
1327,0.0018,0.0025,0.0017,0.0010
1328,0.0019,0.0025,0.0019,0.0012
1329,0.0021,0.0027,0.0021,0.0014
1330,0.0024,0.0015,0.0014,0.0009
1331,0.0044,0.0017,0.0015,0.0037
1332,0.0018,0.0016,0.0014,0.0033
1333,0.0022,0.0019,0.0012,0.0029
1334,0.0012,0.0015,0.0007,0.0005
1335,0.0019,0.0029,0.0011,0.0025
1336,0.0016,0.0042,0.0010,0.0022
1337,0.0019,0.0047,0.0010,0.0018
1338,0.0022,0.0044,0.0010,0.0015
1339,0.0019,0.0035,0.0010,0.0012
1340,0.0016,0.0025,0.0011,0.0009
1341,0.0014,0.0020,0.0011,0.0007
1342,0.0023,0.0016,0.0014,0.0010
1343,0.0012,0.0019,0.0012,0.0008
1344,0.0013,0.0023,0.0013,0.0010
1345,0.0010,0.0017,0.0007,0.0006
1346,0.0014,0.0030,0.0014,0.0013
1347,0.0014,0.0038,0.0014,0.0016
1348,0.0013,0.0041,0.0015,0.0019
1349,0.0015,0.0036,0.0016,0.0023
1350,0.0022,0.0024,0.0017,0.0027
1351,0.0023,0.0019,0.0018,0.0031
1352,0.0016,0.0022,0.0018,0.0035
1353,0.0017,0.0030,0.0020,0.0038
1354,0.0020,0.0017,0.0014,0.0010
1355,0.0013,0.0018,0.0012,0.0007
1356,0.0017,0.0015,0.0008,0.0006
1357,0.0013,0.0018,0.0012,0.0007
1358,0.0013,0.0018,0.0012,0.0007
1359,0.0013,0.0018,0.0012,0.0007
1360,0.0013,0.0018,0.0012,0.0007
1361,0.0013,0.0018,0.0012,0.0007
1362,0.0013,0.0018,0.0012,0.0007
1363,0.0013,0.0018,0.0012,0.0007
1364,0.0013,0.0018,0.0012,0.0007
1365,0.0013,0.0018,0.0012,0.0007
1366,0.0019,0.0017,0.0014,0.0010
1367,0.0032,0.0022,0.0010,0.0006
1368,0.0013,0.0018,0.0012,0.0007
1369,0.0013,0.0018,0.0012,0.0007
1370,0.0013,0.0018,0.0012,0.0007
1371,0.0013,0.0018,0.0012,0.0007
1372,0.0013,0.0018,0.0012,0.0007
1373,0.0013,0.0018,0.0012,0.0007
1374,0.0013,0.0018,0.0012,0.0007
1375,0.0013,0.0018,0.0012,0.0007
1376,0.0013,0.0018,0.0012,0.0007
1377,0.0013,0.0018,0.0012,0.0007
1378,0.0034,0.0021,0.0010,0.0007
1379,0.0021,0.0016,0.0016,0.0011
1380,0.0012,0.0022,0.0013,0.0006
1381,0.0012,0.0023,0.0012,0.0006
1382,0.0012,0.0020,0.0012,0.0006
1383,0.0012,0.0016,0.0012,0.0006
1384,0.0013,0.0021,0.0013,0.0006
1385,0.0012,0.0019,0.0012,0.0006
1386,0.0012,0.0020,0.0011,0.0006
1387,0.0012,0.0020,0.0011,0.0006
1388,0.0012,0.0022,0.0012,0.0006
1389,0.0022,0.0017,0.0011,0.0008
1390,0.0028,0.0016,0.0011,0.0007
1391,0.0012,0.0022,0.0012,0.0006
1392,0.0023,0.0015,0.0017,0.0011
1393,0.0012,0.0022,0.0012,0.0006
1394,0.0012,0.0023,0.0012,0.0006
1395,0.0012,0.0023,0.0013,0.0006
1396,0.0012,0.0024,0.0013,0.0006
1397,0.0012,0.0024,0.0013,0.0007
1398,0.0057,0.0051,0.0018,0.0008
1399,0.0040,0.0040,0.0016,0.0010
1400,0.0030,0.0032,0.0015,0.0010
1401,0.0019,0.0015,0.0014,0.0014
1402,0.0028,0.0027,0.0014,0.0010
1403,0.0023,0.0017,0.0018,0.0008
1404,0.0027,0.0013,0.0019,0.0011
1405,0.0030,0.0022,0.0012,0.0008
1406,0.0028,0.0021,0.0011,0.0007
1407,0.0024,0.0020,0.0011,0.0007
1408,0.0019,0.0019,0.0011,0.0006
1409,0.0014,0.0019,0.0011,0.0006
1410,0.0014,0.0024,0.0013,0.0007
1411,0.0014,0.0018,0.0014,0.0007
1412,0.0021,0.0016,0.0011,0.0008
1413,0.0027,0.0019,0.0016,0.0007
1414,0.0033,0.0022,0.0017,0.0007
1415,0.0029,0.0018,0.0017,0.0008
1416,0.0029,0.0013,0.0021,0.0011
1417,0.0023,0.0017,0.0018,0.0008
1418,0.0019,0.0021,0.0019,0.0009
1419,0.0020,0.0025,0.0020,0.0010
1420,0.0022,0.0025,0.0022,0.0013
1421,0.0023,0.0027,0.0023,0.0015
1422,0.0039,0.0019,0.0014,0.0041
1423,0.0015,0.0020,0.0011,0.0008
1424,0.0018,0.0018,0.0014,0.0037
1425,0.0026,0.0023,0.0013,0.0032
1426,0.0022,0.0036,0.0013,0.0028
1427,0.0014,0.0050,0.0012,0.0024
1428,0.0031,0.0012,0.0023,0.0011
1429,0.0016,0.0055,0.0011,0.0020
1430,0.0018,0.0051,0.0011,0.0017
1431,0.0017,0.0041,0.0011,0.0013
1432,0.0015,0.0032,0.0011,0.0010
1433,0.0012,0.0025,0.0012,0.0008
1434,0.0014,0.0023,0.0013,0.0009
1435,0.0012,0.0024,0.0012,0.0007
1436,0.0013,0.0029,0.0012,0.0010
1437,0.0014,0.0037,0.0013,0.0013
1438,0.0014,0.0045,0.0013,0.0017
1439,0.0014,0.0049,0.0014,0.0021
1440,0.0022,0.0017,0.0016,0.0014
1441,0.0031,0.0012,0.0026,0.0011
1442,0.0015,0.0045,0.0015,0.0024
1443,0.0022,0.0031,0.0016,0.0029
1444,0.0023,0.0021,0.0016,0.0033
1445,0.0016,0.0023,0.0015,0.0011
1446,0.0017,0.0021,0.0017,0.0036
1447,0.0018,0.0030,0.0019,0.0040
1448,0.0012,0.0022,0.0012,0.0006
1449,0.0012,0.0022,0.0012,0.0006
1450,0.0012,0.0022,0.0012,0.0006
1451,0.0012,0.0022,0.0012,0.0006
1452,0.0012,0.0022,0.0012,0.0006
1453,0.0030,0.0013,0.0030,0.0012
1454,0.0012,0.0022,0.0012,0.0006
1455,0.0012,0.0022,0.0012,0.0006
1456,0.0021,0.0025,0.0019,0.0012
1457,0.0012,0.0022,0.0012,0.0006
1458,0.0012,0.0022,0.0012,0.0006
1459,0.0012,0.0022,0.0012,0.0006
1460,0.0012,0.0022,0.0012,0.0006
1461,0.0012,0.0022,0.0012,0.0006
1462,0.0012,0.0022,0.0012,0.0006
1463,0.0012,0.0022,0.0012,0.0006
1464,0.0012,0.0022,0.0012,0.0006
1465,0.0027,0.0013,0.0034,0.0012
1466,0.0012,0.0022,0.0012,0.0006
1467,0.0039,0.0014,0.0014,0.0033
1468,0.0012,0.0022,0.0012,0.0006
1469,0.0012,0.0022,0.0012,0.0006
1470,0.0012,0.0022,0.0012,0.0006
1471,0.0012,0.0022,0.0012,0.0006
1472,0.0012,0.0021,0.0014,0.0006
1473,0.0012,0.0023,0.0012,0.0006
1474,0.0012,0.0023,0.0011,0.0006
1475,0.0012,0.0021,0.0011,0.0006
1476,0.0013,0.0018,0.0014,0.0006
1477,0.0024,0.0014,0.0038,0.0013
1478,0.0016,0.0014,0.0013,0.0029
1479,0.0012,0.0020,0.0013,0.0006
1480,0.0012,0.0021,0.0012,0.0006
1481,0.0012,0.0022,0.0012,0.0006
1482,0.0012,0.0024,0.0012,0.0006
1483,0.0012,0.0024,0.0011,0.0006
1484,0.0012,0.0024,0.0011,0.0006
1485,0.0012,0.0025,0.0011,0.0006
1486,0.0012,0.0025,0.0011,0.0006
1487,0.0012,0.0026,0.0011,0.0006
1488,0.0013,0.0025,0.0011,0.0006
1489,0.0023,0.0017,0.0012,0.0026
1490,0.0020,0.0017,0.0043,0.0014
1491,0.0050,0.0058,0.0021,0.0007
1492,0.0035,0.0045,0.0020,0.0008
1493,0.0029,0.0036,0.0019,0.0009
1494,0.0029,0.0028,0.0018,0.0009
1495,0.0024,0.0018,0.0017,0.0008
1496,0.0032,0.0020,0.0016,0.0008
1497,0.0029,0.0018,0.0015,0.0007
1498,0.0026,0.0017,0.0014,0.0006
1499,0.0020,0.0017,0.0013,0.0006
Highest RMSE Cases
Vdc  Max RMSE=  0.0065 at Case 1214; 0 > 0.05
Idc  Max RMSE=  0.0067 at Case 177; 0 > 0.05
Vod  Max RMSE=  0.0043 at Case 1490; 0 > 0.05
Voq  Max RMSE=  0.0041 at Case 777; 0 > 0.05
Total Error Summary
Vdc  RMSE=  0.0019
Idc  RMSE=  0.0024
Vod  RMSE=  0.0012
Voq  RMSE=  0.0013
