model_folder = flatbal
model_root = flatbal
data_path = ./data/flatbalanced.hdf5
idx_in [0, 1, 2, 3, 4, 5, 6, 7]
idx_out [8, 9, 10, 11]
read 1500 dataframes
dt=0.002000 data_len=2500 n_io=12 n_case=1500
['T', 'G', 'Fc', 'Md', 'Mq', 'Vrms', 'GVrms', 'Ctl'] ['Vdc', 'Idc', 'Id', 'Iq'] (1500, 2500, 12)
make_mimo_block iir
Idx,Vdc,Idc,Id,Iq,Vdc,Idc,Id,Iq
,RMSE,RMSE,RMSE,RMSE,MAE,MAE,MAE,MAE
Total,0.0274,0.0237,0.0221,0.0266,0.0145,0.0130,0.0132,0.0125
0,0.0370,0.0180,0.0109,0.0197,0.0257,0.0129,0.0058,0.0132
1,0.0279,0.0162,0.0186,0.0111,0.0171,0.0110,0.0130,0.0077
2,0.0247,0.0096,0.0191,0.0080,0.0126,0.0045,0.0138,0.0060
3,0.0247,0.0188,0.0128,0.0142,0.0127,0.0132,0.0098,0.0112
4,0.0251,0.0115,0.0130,0.0097,0.0133,0.0076,0.0099,0.0053
5,0.0250,0.0144,0.0125,0.0090,0.0134,0.0072,0.0086,0.0062
6,0.0246,0.0092,0.0113,0.0094,0.0116,0.0045,0.0071,0.0041
7,0.0245,0.0107,0.0111,0.0096,0.0106,0.0067,0.0065,0.0049
8,0.0244,0.0121,0.0127,0.0101,0.0102,0.0082,0.0095,0.0062
9,0.0245,0.0129,0.0166,0.0114,0.0113,0.0088,0.0132,0.0079
10,0.0248,0.0127,0.0224,0.0133,0.0123,0.0086,0.0177,0.0098
11,0.0250,0.0120,0.0296,0.0158,0.0130,0.0079,0.0226,0.0118
12,0.0250,0.0111,0.0375,0.0186,0.0131,0.0067,0.0278,0.0139
13,0.0249,0.0104,0.0457,0.0212,0.0126,0.0055,0.0331,0.0157
14,0.0241,0.0159,0.0102,0.0124,0.0115,0.0111,0.0072,0.0099
15,0.0247,0.0101,0.0535,0.0233,0.0112,0.0045,0.0380,0.0171
16,0.0249,0.0102,0.0607,0.0247,0.0119,0.0040,0.0426,0.0181
17,0.0247,0.0144,0.0120,0.0088,0.0128,0.0075,0.0081,0.0059
18,0.0332,0.0445,0.0496,0.0514,0.0239,0.0303,0.0356,0.0358
19,0.0311,0.0384,0.0392,0.0505,0.0219,0.0264,0.0290,0.0352
20,0.0290,0.0320,0.0304,0.0483,0.0196,0.0222,0.0232,0.0338
21,0.0272,0.0254,0.0233,0.0447,0.0173,0.0179,0.0184,0.0315
22,0.0258,0.0193,0.0179,0.0402,0.0151,0.0137,0.0144,0.0286
23,0.0250,0.0141,0.0141,0.0350,0.0130,0.0098,0.0111,0.0251
24,0.0245,0.0106,0.0120,0.0293,0.0112,0.0066,0.0085,0.0214
25,0.0457,0.0185,0.0205,0.0111,0.0316,0.0147,0.0152,0.0079
26,0.0244,0.0090,0.0112,0.0234,0.0100,0.0040,0.0064,0.0174
27,0.0245,0.0089,0.0112,0.0176,0.0112,0.0037,0.0068,0.0133
28,0.0247,0.0091,0.0117,0.0125,0.0120,0.0044,0.0080,0.0091
29,0.0245,0.0145,0.0116,0.0085,0.0122,0.0079,0.0075,0.0056
30,0.0248,0.0088,0.0124,0.0108,0.0127,0.0031,0.0092,0.0073
31,0.0248,0.0094,0.0125,0.0154,0.0123,0.0051,0.0092,0.0116
32,0.0246,0.0120,0.0122,0.0213,0.0115,0.0080,0.0088,0.0160
33,0.0245,0.0165,0.0116,0.0278,0.0101,0.0116,0.0079,0.0204
34,0.0247,0.0225,0.0112,0.0345,0.0120,0.0158,0.0065,0.0248
35,0.0256,0.0293,0.0116,0.0413,0.0147,0.0203,0.0075,0.0293
36,0.0237,0.0132,0.0091,0.0110,0.0104,0.0091,0.0053,0.0088
37,0.0279,0.0363,0.0140,0.0482,0.0183,0.0248,0.0109,0.0337
38,0.0321,0.0427,0.0192,0.0549,0.0228,0.0289,0.0154,0.0380
39,0.0385,0.0480,0.0272,0.0611,0.0283,0.0323,0.0212,0.0420
40,0.0473,0.0516,0.0380,0.0667,0.0350,0.0345,0.0283,0.0455
41,0.0243,0.0145,0.0113,0.0082,0.0116,0.0082,0.0070,0.0052
42,0.0345,0.0605,0.0572,0.0151,0.0252,0.0407,0.0410,0.0114
43,0.0333,0.0539,0.0503,0.0145,0.0241,0.0365,0.0366,0.0109
44,0.0321,0.0476,0.0438,0.0138,0.0230,0.0325,0.0324,0.0103
45,0.0310,0.0414,0.0374,0.0132,0.0218,0.0285,0.0281,0.0097
46,0.0298,0.0354,0.0313,0.0125,0.0206,0.0246,0.0241,0.0091
47,0.0235,0.0111,0.0089,0.0098,0.0094,0.0073,0.0046,0.0078
48,0.0287,0.0297,0.0255,0.0119,0.0194,0.0208,0.0201,0.0085
49,0.0277,0.0242,0.0202,0.0113,0.0181,0.0172,0.0162,0.0078
50,0.0268,0.0193,0.0156,0.0107,0.0168,0.0137,0.0126,0.0072
51,0.0260,0.0147,0.0123,0.0102,0.0154,0.0104,0.0090,0.0064
52,0.0253,0.0111,0.0110,0.0098,0.0140,0.0072,0.0056,0.0057
53,0.0241,0.0146,0.0109,0.0080,0.0110,0.0085,0.0065,0.0049
54,0.0245,0.0091,0.0149,0.0094,0.0110,0.0045,0.0119,0.0040
55,0.0244,0.0111,0.0184,0.0095,0.0102,0.0072,0.0148,0.0047
56,0.0246,0.0138,0.0220,0.0098,0.0118,0.0096,0.0176,0.0057
57,0.0251,0.0167,0.0255,0.0103,0.0135,0.0119,0.0201,0.0066
58,0.0233,0.0097,0.0092,0.0088,0.0086,0.0059,0.0057,0.0069
59,0.0259,0.0196,0.0289,0.0111,0.0152,0.0140,0.0225,0.0077
60,0.0270,0.0223,0.0321,0.0121,0.0170,0.0158,0.0246,0.0087
61,0.0284,0.0246,0.0349,0.0133,0.0189,0.0175,0.0265,0.0098
62,0.0300,0.0267,0.0374,0.0146,0.0208,0.0188,0.0282,0.0110
63,0.0319,0.0285,0.0397,0.0161,0.0227,0.0200,0.0297,0.0122
64,0.0340,0.0299,0.0417,0.0178,0.0247,0.0210,0.0309,0.0135
65,0.0241,0.0147,0.0103,0.0073,0.0108,0.0087,0.0051,0.0035
66,0.0240,0.0147,0.0107,0.0078,0.0104,0.0088,0.0061,0.0046
67,0.0292,0.0312,0.0263,0.0136,0.0197,0.0210,0.0195,0.0100
68,0.0271,0.0183,0.0152,0.0121,0.0169,0.0129,0.0114,0.0085
69,0.0233,0.0088,0.0095,0.0080,0.0080,0.0047,0.0063,0.0061
70,0.0251,0.0128,0.0209,0.0107,0.0119,0.0085,0.0167,0.0058
71,0.0268,0.0198,0.0291,0.0122,0.0158,0.0136,0.0223,0.0082
72,0.0251,0.0099,0.0136,0.0108,0.0120,0.0053,0.0099,0.0063
73,0.0255,0.0102,0.0132,0.0140,0.0139,0.0059,0.0093,0.0071
74,0.0255,0.0101,0.0133,0.0129,0.0138,0.0058,0.0094,0.0070
75,0.0255,0.0100,0.0133,0.0120,0.0137,0.0057,0.0095,0.0069
76,0.0255,0.0100,0.0134,0.0113,0.0137,0.0055,0.0096,0.0068
77,0.0255,0.0099,0.0135,0.0110,0.0137,0.0054,0.0097,0.0066
78,0.0239,0.0148,0.0105,0.0076,0.0097,0.0090,0.0056,0.0042
79,0.0255,0.0098,0.0136,0.0113,0.0138,0.0053,0.0099,0.0069
80,0.0233,0.0084,0.0097,0.0074,0.0077,0.0040,0.0066,0.0052
81,0.0256,0.0098,0.0136,0.0119,0.0140,0.0052,0.0100,0.0072
82,0.0256,0.0098,0.0137,0.0127,0.0141,0.0052,0.0100,0.0075
83,0.0257,0.0098,0.0137,0.0138,0.0144,0.0052,0.0101,0.0077
84,0.0258,0.0098,0.0137,0.0150,0.0146,0.0052,0.0101,0.0079
85,0.0280,0.0866,0.0131,0.0108,0.0185,0.0575,0.0091,0.0061
86,0.0279,0.0775,0.0126,0.0106,0.0183,0.0518,0.0073,0.0052
87,0.0278,0.0685,0.0126,0.0106,0.0181,0.0461,0.0075,0.0054
88,0.0276,0.0596,0.0130,0.0108,0.0178,0.0404,0.0089,0.0061
89,0.0256,0.0153,0.0316,0.0166,0.0141,0.0110,0.0244,0.0127
90,0.0239,0.0149,0.0103,0.0074,0.0090,0.0093,0.0051,0.0039
91,0.0233,0.0084,0.0094,0.0068,0.0076,0.0039,0.0061,0.0035
92,0.0271,0.0421,0.0143,0.0112,0.0171,0.0293,0.0109,0.0071
93,0.0268,0.0339,0.0148,0.0114,0.0166,0.0239,0.0115,0.0074
94,0.0265,0.0261,0.0150,0.0114,0.0160,0.0188,0.0117,0.0076
95,0.0262,0.0190,0.0149,0.0114,0.0154,0.0139,0.0116,0.0075
96,0.0258,0.0133,0.0144,0.0112,0.0146,0.0094,0.0110,0.0072
97,0.0252,0.0098,0.0127,0.0107,0.0127,0.0053,0.0081,0.0058
98,0.0250,0.0119,0.0125,0.0106,0.0115,0.0081,0.0074,0.0051
99,0.0250,0.0140,0.0141,0.0109,0.0107,0.0100,0.0105,0.0065
100,0.0251,0.0154,0.0180,0.0120,0.0119,0.0112,0.0145,0.0084
101,0.0253,0.0158,0.0240,0.0140,0.0131,0.0114,0.0192,0.0105
102,0.0233,0.0087,0.0090,0.0070,0.0081,0.0046,0.0054,0.0045
103,0.0239,0.0150,0.0103,0.0073,0.0092,0.0095,0.0047,0.0035
104,0.0256,0.0153,0.0316,0.0166,0.0141,0.0110,0.0244,0.0127
105,0.0258,0.0143,0.0401,0.0196,0.0146,0.0101,0.0301,0.0150
106,0.0258,0.0134,0.0488,0.0225,0.0144,0.0091,0.0357,0.0171
107,0.0256,0.0128,0.0572,0.0251,0.0134,0.0084,0.0411,0.0189
108,0.0253,0.0127,0.0650,0.0269,0.0116,0.0081,0.0460,0.0201
109,0.0348,0.0510,0.0565,0.0776,0.0256,0.0349,0.0407,0.0532
110,0.0323,0.0435,0.0451,0.0750,0.0232,0.0301,0.0334,0.0516
111,0.0299,0.0357,0.0354,0.0707,0.0207,0.0251,0.0271,0.0488
112,0.0278,0.0279,0.0275,0.0650,0.0181,0.0200,0.0217,0.0451
113,0.0265,0.0100,0.0231,0.0081,0.0153,0.0058,0.0164,0.0061
114,0.0234,0.0095,0.0087,0.0075,0.0089,0.0056,0.0044,0.0054
115,0.0263,0.0208,0.0213,0.0580,0.0156,0.0151,0.0172,0.0407
116,0.0240,0.0151,0.0102,0.0072,0.0099,0.0097,0.0043,0.0031
117,0.0254,0.0148,0.0168,0.0502,0.0134,0.0107,0.0135,0.0357
118,0.0250,0.0109,0.0140,0.0418,0.0115,0.0069,0.0105,0.0302
119,0.0250,0.0095,0.0127,0.0331,0.0110,0.0040,0.0081,0.0245
120,0.0251,0.0097,0.0125,0.0245,0.0123,0.0050,0.0071,0.0187
121,0.0253,0.0101,0.0129,0.0164,0.0132,0.0057,0.0087,0.0127
122,0.0255,0.0095,0.0140,0.0125,0.0138,0.0038,0.0105,0.0090
123,0.0254,0.0103,0.0142,0.0196,0.0134,0.0061,0.0108,0.0152
124,0.0252,0.0136,0.0141,0.0284,0.0125,0.0096,0.0105,0.0213
125,0.0236,0.0108,0.0089,0.0081,0.0102,0.0070,0.0051,0.0062
126,0.0250,0.0194,0.0136,0.0378,0.0110,0.0141,0.0098,0.0276
127,0.0252,0.0268,0.0129,0.0474,0.0124,0.0191,0.0085,0.0338
128,0.0242,0.0153,0.0102,0.0072,0.0114,0.0100,0.0046,0.0031
129,0.0261,0.0352,0.0126,0.0571,0.0153,0.0246,0.0070,0.0400
130,0.0285,0.0439,0.0141,0.0667,0.0190,0.0301,0.0104,0.0462
131,0.0327,0.0520,0.0186,0.0759,0.0236,0.0353,0.0150,0.0521
132,0.0393,0.0589,0.0265,0.0846,0.0293,0.0396,0.0211,0.0576
133,0.0483,0.0639,0.0377,0.0923,0.0361,0.0428,0.0287,0.0625
134,0.0359,0.0688,0.0646,0.0167,0.0267,0.0466,0.0465,0.0129
135,0.0346,0.0614,0.0570,0.0161,0.0255,0.0419,0.0416,0.0124
136,0.0243,0.0126,0.0101,0.0089,0.0120,0.0086,0.0071,0.0070
137,0.0334,0.0542,0.0496,0.0154,0.0244,0.0373,0.0368,0.0119
138,0.0321,0.0472,0.0425,0.0148,0.0232,0.0328,0.0321,0.0113
139,0.0309,0.0405,0.0356,0.0142,0.0220,0.0284,0.0275,0.0107
140,0.0245,0.0153,0.0103,0.0073,0.0122,0.0102,0.0050,0.0035
141,0.0298,0.0339,0.0290,0.0135,0.0207,0.0241,0.0230,0.0101
142,0.0287,0.0279,0.0231,0.0129,0.0194,0.0201,0.0188,0.0095
143,0.0277,0.0220,0.0179,0.0123,0.0180,0.0161,0.0145,0.0088
144,0.0268,0.0169,0.0141,0.0118,0.0167,0.0124,0.0106,0.0081
145,0.0261,0.0125,0.0124,0.0113,0.0152,0.0087,0.0067,0.0074
146,0.0251,0.0097,0.0165,0.0107,0.0122,0.0050,0.0133,0.0058
147,0.0240,0.0150,0.0102,0.0072,0.0102,0.0096,0.0041,0.0032
148,0.0249,0.0118,0.0203,0.0105,0.0106,0.0080,0.0166,0.0049
149,0.0251,0.0150,0.0244,0.0106,0.0119,0.0109,0.0197,0.0055
150,0.0255,0.0184,0.0285,0.0109,0.0136,0.0135,0.0226,0.0065
151,0.0262,0.0218,0.0323,0.0114,0.0154,0.0159,0.0253,0.0075
152,0.0248,0.0154,0.0104,0.0074,0.0129,0.0102,0.0054,0.0039
153,0.0272,0.0248,0.0359,0.0121,0.0172,0.0180,0.0277,0.0085
154,0.0285,0.0276,0.0391,0.0131,0.0191,0.0199,0.0299,0.0096
155,0.0301,0.0301,0.0421,0.0142,0.0210,0.0216,0.0318,0.0108
156,0.0320,0.0323,0.0447,0.0156,0.0231,0.0230,0.0336,0.0120
157,0.0341,0.0341,0.0470,0.0171,0.0251,0.0242,0.0351,0.0132
158,0.0243,0.0187,0.0102,0.0914,0.0113,0.0148,0.0064,0.0594
159,0.0266,0.0204,0.0307,0.0125,0.0153,0.0142,0.0240,0.0081
160,0.0358,0.0287,0.0408,0.0197,0.0250,0.0200,0.0308,0.0144
161,0.0519,0.0273,0.0413,0.0321,0.0365,0.0194,0.0315,0.0222
162,0.0647,0.0241,0.0391,0.0419,0.0450,0.0172,0.0301,0.0282
163,0.0257,0.0103,0.0159,0.0126,0.0131,0.0052,0.0121,0.0086
164,0.0252,0.0154,0.0105,0.0077,0.0138,0.0103,0.0057,0.0044
165,0.0263,0.0107,0.0152,0.0163,0.0151,0.0062,0.0110,0.0091
166,0.0263,0.0107,0.0153,0.0149,0.0150,0.0061,0.0111,0.0090
167,0.0263,0.0106,0.0153,0.0138,0.0149,0.0060,0.0112,0.0089
168,0.0262,0.0106,0.0154,0.0130,0.0149,0.0059,0.0113,0.0088
169,0.0257,0.0148,0.0126,0.0096,0.0143,0.0102,0.0096,0.0077
170,0.0262,0.0105,0.0155,0.0126,0.0149,0.0057,0.0114,0.0086
171,0.0263,0.0104,0.0156,0.0132,0.0150,0.0055,0.0117,0.0092
172,0.0263,0.0104,0.0157,0.0141,0.0151,0.0053,0.0119,0.0097
173,0.0264,0.0103,0.0159,0.0153,0.0152,0.0052,0.0120,0.0101
174,0.0265,0.0103,0.0160,0.0167,0.0154,0.0051,0.0122,0.0104
175,0.0266,0.0103,0.0161,0.0182,0.0157,0.0050,0.0123,0.0108
176,0.0256,0.0154,0.0107,0.0080,0.0146,0.0103,0.0060,0.0049
177,0.0294,0.0980,0.0153,0.0119,0.0202,0.0651,0.0111,0.0064
178,0.0292,0.0878,0.0145,0.0121,0.0200,0.0587,0.0091,0.0073
179,0.0290,0.0777,0.0143,0.0124,0.0197,0.0523,0.0083,0.0081
180,0.0281,0.0169,0.0165,0.0104,0.0174,0.0118,0.0127,0.0084
181,0.0288,0.0675,0.0147,0.0127,0.0194,0.0459,0.0099,0.0088
182,0.0263,0.0205,0.0324,0.0169,0.0150,0.0152,0.0257,0.0133
183,0.0282,0.0477,0.0160,0.0133,0.0186,0.0333,0.0122,0.0097
184,0.0278,0.0383,0.0165,0.0135,0.0180,0.0272,0.0129,0.0099
185,0.0275,0.0293,0.0168,0.0136,0.0174,0.0213,0.0133,0.0100
186,0.0271,0.0211,0.0168,0.0134,0.0167,0.0156,0.0132,0.0098
187,0.0266,0.0143,0.0163,0.0132,0.0159,0.0104,0.0127,0.0094
188,0.0241,0.0149,0.0102,0.0073,0.0109,0.0092,0.0046,0.0033
189,0.0261,0.0154,0.0108,0.0083,0.0154,0.0103,0.0063,0.0054
190,0.0259,0.0110,0.0147,0.0122,0.0138,0.0067,0.0098,0.0078
191,0.0321,0.0188,0.0220,0.0111,0.0213,0.0131,0.0165,0.0089
192,0.0256,0.0141,0.0142,0.0119,0.0125,0.0101,0.0080,0.0066
193,0.0255,0.0172,0.0153,0.0119,0.0112,0.0127,0.0112,0.0067
194,0.0256,0.0194,0.0188,0.0126,0.0125,0.0144,0.0153,0.0086
195,0.0259,0.0205,0.0247,0.0144,0.0138,0.0152,0.0201,0.0108
196,0.0263,0.0205,0.0324,0.0169,0.0150,0.0152,0.0257,0.0133
197,0.0267,0.0198,0.0412,0.0200,0.0158,0.0146,0.0316,0.0158
198,0.0268,0.0190,0.0504,0.0232,0.0160,0.0140,0.0375,0.0181
199,0.0266,0.0184,0.0593,0.0260,0.0154,0.0135,0.0433,0.0201
200,0.0262,0.0185,0.0675,0.0283,0.0140,0.0135,0.0485,0.0217
201,0.0267,0.0154,0.0110,0.0088,0.0163,0.0103,0.0066,0.0058
202,0.0378,0.0200,0.0289,0.0118,0.0261,0.0139,0.0212,0.0095
203,0.0361,0.0589,0.0624,0.1051,0.0270,0.0403,0.0453,0.0715
204,0.0333,0.0500,0.0501,0.1006,0.0243,0.0347,0.0374,0.0686
205,0.0305,0.0408,0.0396,0.0943,0.0215,0.0287,0.0306,0.0646
206,0.0283,0.0317,0.0310,0.0862,0.0187,0.0228,0.0247,0.0595
207,0.0268,0.0234,0.0242,0.0767,0.0161,0.0172,0.0198,0.0534
208,0.0259,0.0165,0.0193,0.0663,0.0137,0.0122,0.0157,0.0468
209,0.0255,0.0119,0.0161,0.0552,0.0117,0.0079,0.0123,0.0396
210,0.0256,0.0102,0.0146,0.0437,0.0121,0.0047,0.0096,0.0322
211,0.0258,0.0104,0.0143,0.0321,0.0135,0.0054,0.0083,0.0245
212,0.0261,0.0107,0.0148,0.0210,0.0144,0.0061,0.0101,0.0167
213,0.0456,0.0201,0.0374,0.0126,0.0319,0.0141,0.0267,0.0101
214,0.0274,0.0154,0.0111,0.0092,0.0172,0.0102,0.0068,0.0064
215,0.0263,0.0102,0.0162,0.0141,0.0149,0.0045,0.0125,0.0106
216,0.0261,0.0116,0.0167,0.0237,0.0145,0.0076,0.0130,0.0186
217,0.0258,0.0161,0.0167,0.0354,0.0135,0.0118,0.0130,0.0266
218,0.0256,0.0233,0.0163,0.0477,0.0118,0.0170,0.0125,0.0347
219,0.0257,0.0322,0.0154,0.0602,0.0130,0.0230,0.0113,0.0428
220,0.0267,0.0423,0.0145,0.0726,0.0160,0.0295,0.0093,0.0508
221,0.0291,0.0526,0.0148,0.0850,0.0198,0.0361,0.0097,0.0586
222,0.0335,0.0625,0.0181,0.0968,0.0246,0.0423,0.0144,0.0661
223,0.0402,0.0710,0.0254,0.1079,0.0304,0.0477,0.0207,0.0731
224,0.0298,0.0108,0.0269,0.0080,0.0189,0.0069,0.0190,0.0059
225,0.0293,0.0341,0.0351,0.0107,0.0188,0.0235,0.0254,0.0086
226,0.0494,0.0775,0.0366,0.1179,0.0373,0.0518,0.0287,0.0795
227,0.0281,0.0153,0.0113,0.0098,0.0181,0.0101,0.0070,0.0069
228,0.0372,0.0759,0.0715,0.0186,0.0281,0.0515,0.0518,0.0147
229,0.0359,0.0677,0.0631,0.0180,0.0269,0.0463,0.0464,0.0143
230,0.0346,0.0597,0.0549,0.0174,0.0257,0.0412,0.0410,0.0138
231,0.0333,0.0519,0.0469,0.0168,0.0245,0.0362,0.0358,0.0132
232,0.0320,0.0444,0.0393,0.0161,0.0232,0.0313,0.0307,0.0127
233,0.0309,0.0372,0.0322,0.0155,0.0220,0.0266,0.0258,0.0121
234,0.0297,0.0303,0.0256,0.0149,0.0206,0.0221,0.0210,0.0115
235,0.0287,0.0239,0.0199,0.0143,0.0193,0.0177,0.0164,0.0109
236,0.0284,0.0302,0.0310,0.0101,0.0178,0.0209,0.0227,0.0081
237,0.0277,0.0181,0.0158,0.0138,0.0179,0.0135,0.0119,0.0102
238,0.0269,0.0133,0.0142,0.0132,0.0164,0.0094,0.0076,0.0095
239,0.0288,0.0152,0.0114,0.0104,0.0189,0.0099,0.0072,0.0074
240,0.0258,0.0107,0.0189,0.0123,0.0133,0.0061,0.0154,0.0080
241,0.0255,0.0134,0.0232,0.0120,0.0117,0.0096,0.0192,0.0072
242,0.0256,0.0171,0.0277,0.0118,0.0120,0.0127,0.0226,0.0063
243,0.0259,0.0212,0.0323,0.0118,0.0137,0.0158,0.0259,0.0060
244,0.0265,0.0250,0.0365,0.0119,0.0155,0.0184,0.0288,0.0070
245,0.0274,0.0286,0.0407,0.0123,0.0174,0.0209,0.0316,0.0080
246,0.0287,0.0319,0.0444,0.0129,0.0193,0.0231,0.0341,0.0091
247,0.0275,0.0264,0.0269,0.0095,0.0168,0.0185,0.0200,0.0076
248,0.0303,0.0349,0.0477,0.0138,0.0213,0.0251,0.0364,0.0102
249,0.0321,0.0374,0.0507,0.0148,0.0232,0.0267,0.0383,0.0114
250,0.0341,0.0396,0.0534,0.0161,0.0253,0.0282,0.0401,0.0126
251,0.0312,0.0272,0.0316,0.0126,0.0198,0.0198,0.0210,0.0087
252,0.0326,0.0169,0.0106,0.0186,0.0223,0.0118,0.0062,0.0137
253,0.0275,0.0162,0.0184,0.0114,0.0168,0.0110,0.0131,0.0085
254,0.0326,0.0292,0.0356,0.0144,0.0221,0.0207,0.0238,0.0110
255,0.0369,0.0470,0.0546,0.0167,0.0258,0.0316,0.0350,0.0127
256,0.0244,0.0145,0.0098,0.0086,0.0110,0.0093,0.0042,0.0042
257,0.0243,0.0139,0.0098,0.0087,0.0104,0.0079,0.0043,0.0050
258,0.0267,0.0228,0.0230,0.0089,0.0158,0.0160,0.0174,0.0070
259,0.0243,0.0140,0.0098,0.0086,0.0106,0.0083,0.0041,0.0048
260,0.0243,0.0141,0.0098,0.0086,0.0107,0.0085,0.0043,0.0046
261,0.0243,0.0142,0.0098,0.0086,0.0108,0.0086,0.0044,0.0044
262,0.0243,0.0142,0.0098,0.0086,0.0108,0.0086,0.0043,0.0043
263,0.0267,0.0149,0.0155,0.0097,0.0150,0.0106,0.0109,0.0065
264,0.0243,0.0139,0.0098,0.0086,0.0108,0.0080,0.0043,0.0048
265,0.0243,0.0138,0.0098,0.0087,0.0108,0.0074,0.0047,0.0051
266,0.0243,0.0137,0.0100,0.0088,0.0107,0.0067,0.0054,0.0054
267,0.0243,0.0137,0.0104,0.0090,0.0105,0.0068,0.0062,0.0058
268,0.0243,0.0139,0.0109,0.0091,0.0104,0.0078,0.0071,0.0062
269,0.0259,0.0194,0.0194,0.0083,0.0147,0.0137,0.0148,0.0064
270,0.0356,0.0172,0.0103,0.0205,0.0255,0.0127,0.0061,0.0159
271,0.0342,0.0170,0.0103,0.0188,0.0243,0.0125,0.0061,0.0147
272,0.0329,0.0167,0.0103,0.0171,0.0230,0.0122,0.0060,0.0135
273,0.0315,0.0164,0.0102,0.0155,0.0218,0.0119,0.0059,0.0123
274,0.0337,0.0156,0.0115,0.0124,0.0237,0.0109,0.0077,0.0098
275,0.0322,0.0151,0.0129,0.0138,0.0202,0.0112,0.0095,0.0091
276,0.0289,0.0158,0.0101,0.0126,0.0190,0.0112,0.0056,0.0099
277,0.0277,0.0154,0.0100,0.0113,0.0176,0.0108,0.0054,0.0088
278,0.0266,0.0151,0.0099,0.0102,0.0160,0.0103,0.0052,0.0077
279,0.0256,0.0147,0.0099,0.0094,0.0144,0.0097,0.0049,0.0066
280,0.0241,0.0190,0.0095,0.0825,0.0108,0.0150,0.0044,0.0538
281,0.0248,0.0144,0.0098,0.0089,0.0127,0.0091,0.0045,0.0056
282,0.0242,0.0138,0.0098,0.0086,0.0095,0.0075,0.0044,0.0048
283,0.0245,0.0137,0.0099,0.0090,0.0117,0.0066,0.0049,0.0058
284,0.0255,0.0138,0.0101,0.0095,0.0141,0.0072,0.0055,0.0068
285,0.0272,0.0141,0.0104,0.0103,0.0169,0.0084,0.0062,0.0077
286,0.0299,0.0147,0.0108,0.0113,0.0200,0.0096,0.0069,0.0088
287,0.0406,0.0158,0.0122,0.0231,0.0271,0.0118,0.0085,0.0151
288,0.0337,0.0156,0.0115,0.0124,0.0237,0.0109,0.0077,0.0098
289,0.0388,0.0167,0.0122,0.0138,0.0280,0.0123,0.0086,0.0110
290,0.0454,0.0181,0.0131,0.0155,0.0329,0.0137,0.0095,0.0123
291,0.0252,0.0162,0.0160,0.0078,0.0137,0.0114,0.0124,0.0059
292,0.0533,0.0195,0.0141,0.0176,0.0386,0.0149,0.0103,0.0138
293,0.0627,0.0209,0.0150,0.0200,0.0449,0.0161,0.0111,0.0155
294,0.0282,0.0141,0.0104,0.1111,0.0182,0.0072,0.0056,0.0736
295,0.0275,0.0142,0.0102,0.1009,0.0172,0.0081,0.0048,0.0672
296,0.0269,0.0144,0.0104,0.0906,0.0164,0.0087,0.0059,0.0607
297,0.0264,0.0146,0.0107,0.0802,0.0156,0.0092,0.0066,0.0541
298,0.0259,0.0147,0.0110,0.0696,0.0148,0.0095,0.0071,0.0474
299,0.0235,0.0140,0.0091,0.0068,0.0078,0.0096,0.0049,0.0026
300,0.0254,0.0147,0.0111,0.0588,0.0139,0.0096,0.0072,0.0406
301,0.0249,0.0147,0.0110,0.0479,0.0129,0.0096,0.0071,0.0337
302,0.0246,0.0133,0.0130,0.0074,0.0126,0.0092,0.0100,0.0052
303,0.0246,0.0146,0.0107,0.0369,0.0118,0.0095,0.0067,0.0266
304,0.0243,0.0144,0.0103,0.0258,0.0105,0.0092,0.0061,0.0194
305,0.0242,0.0143,0.0100,0.0152,0.0093,0.0088,0.0052,0.0121
306,0.0248,0.0139,0.0100,0.0144,0.0125,0.0078,0.0052,0.0114
307,0.0256,0.0137,0.0107,0.0253,0.0143,0.0071,0.0067,0.0191
308,0.0268,0.0137,0.0120,0.0371,0.0163,0.0065,0.0084,0.0268
309,0.0285,0.0138,0.0140,0.0492,0.0185,0.0073,0.0103,0.0345
310,0.0306,0.0141,0.0165,0.0613,0.0208,0.0083,0.0123,0.0422
311,0.0241,0.0150,0.0102,0.0072,0.0108,0.0096,0.0042,0.0031
312,0.0235,0.0137,0.0089,0.0071,0.0076,0.0091,0.0039,0.0037
313,0.0240,0.0109,0.0105,0.0070,0.0114,0.0071,0.0077,0.0046
314,0.0334,0.0147,0.0195,0.0733,0.0234,0.0096,0.0146,0.0497
315,0.0368,0.0157,0.0229,0.0850,0.0264,0.0111,0.0170,0.0571
316,0.0411,0.0172,0.0268,0.0964,0.0298,0.0128,0.0197,0.0643
317,0.0464,0.0192,0.0310,0.1073,0.0337,0.0147,0.0225,0.0712
318,0.0529,0.0219,0.0358,0.1178,0.0383,0.0171,0.0256,0.0777
319,0.0251,0.0137,0.0122,0.0097,0.0132,0.0069,0.0086,0.0071
320,0.0249,0.0137,0.0117,0.0095,0.0127,0.0066,0.0080,0.0068
321,0.0247,0.0137,0.0113,0.0093,0.0122,0.0064,0.0075,0.0065
322,0.0245,0.0137,0.0109,0.0091,0.0116,0.0067,0.0070,0.0062
323,0.0244,0.0137,0.0106,0.0090,0.0111,0.0070,0.0066,0.0059
324,0.0236,0.0091,0.0090,0.0068,0.0102,0.0051,0.0054,0.0039
325,0.0235,0.0140,0.0089,0.0071,0.0075,0.0097,0.0043,0.0036
326,0.0243,0.0138,0.0103,0.0088,0.0105,0.0072,0.0061,0.0056
327,0.0242,0.0138,0.0101,0.0087,0.0099,0.0075,0.0056,0.0052
328,0.0242,0.0139,0.0099,0.0086,0.0093,0.0077,0.0052,0.0049
329,0.0242,0.0139,0.0098,0.0086,0.0096,0.0080,0.0047,0.0045
330,0.0242,0.0140,0.0098,0.0086,0.0102,0.0082,0.0043,0.0042
331,0.0245,0.0141,0.0098,0.0087,0.0115,0.0085,0.0045,0.0049
332,0.0247,0.0142,0.0099,0.0088,0.0122,0.0086,0.0049,0.0053
333,0.0249,0.0142,0.0100,0.0089,0.0128,0.0087,0.0052,0.0057
334,0.0252,0.0143,0.0101,0.0091,0.0136,0.0088,0.0056,0.0061
335,0.0349,0.0115,0.0306,0.0075,0.0235,0.0078,0.0213,0.0054
336,0.0234,0.0082,0.0087,0.0068,0.0090,0.0032,0.0045,0.0036
337,0.0255,0.0143,0.0102,0.0093,0.0142,0.0089,0.0059,0.0065
338,0.0235,0.0143,0.0090,0.0070,0.0076,0.0102,0.0047,0.0034
339,0.0259,0.0143,0.0104,0.0096,0.0150,0.0089,0.0062,0.0070
340,0.0263,0.0143,0.0105,0.0100,0.0157,0.0089,0.0065,0.0074
341,0.0268,0.0143,0.0107,0.0104,0.0164,0.0088,0.0067,0.0079
342,0.0273,0.0143,0.0109,0.0108,0.0172,0.0088,0.0070,0.0083
343,0.0279,0.0142,0.0110,0.0112,0.0179,0.0087,0.0072,0.0088
344,0.0303,0.0280,0.0321,0.0123,0.0190,0.0198,0.0211,0.0091
345,0.0263,0.0147,0.0159,0.0097,0.0144,0.0105,0.0110,0.0069
346,0.0306,0.0137,0.0125,0.0139,0.0190,0.0098,0.0090,0.0101
347,0.0233,0.0093,0.0113,0.0073,0.0087,0.0054,0.0085,0.0051
348,0.0360,0.0143,0.0122,0.0216,0.0239,0.0104,0.0085,0.0153
349,0.0238,0.0138,0.0088,0.0079,0.0080,0.0100,0.0049,0.0040
350,0.0235,0.0145,0.0091,0.0069,0.0076,0.0106,0.0050,0.0032
351,0.0238,0.0127,0.0085,0.0080,0.0081,0.0082,0.0040,0.0045
352,0.0238,0.0129,0.0086,0.0080,0.0079,0.0086,0.0043,0.0043
353,0.0238,0.0130,0.0086,0.0079,0.0079,0.0089,0.0045,0.0041
354,0.0238,0.0131,0.0087,0.0079,0.0080,0.0090,0.0046,0.0039
355,0.0238,0.0131,0.0087,0.0079,0.0080,0.0090,0.0046,0.0037
356,0.0238,0.0128,0.0085,0.0079,0.0080,0.0085,0.0041,0.0040
357,0.0238,0.0125,0.0085,0.0080,0.0080,0.0080,0.0037,0.0043
358,0.0236,0.0108,0.0134,0.0078,0.0100,0.0070,0.0103,0.0059
359,0.0238,0.0123,0.0085,0.0081,0.0079,0.0074,0.0036,0.0046
360,0.0238,0.0121,0.0086,0.0082,0.0080,0.0066,0.0043,0.0049
361,0.0238,0.0120,0.0089,0.0083,0.0082,0.0059,0.0051,0.0053
362,0.0235,0.0147,0.0092,0.0069,0.0075,0.0108,0.0052,0.0030
363,0.0274,0.0121,0.0091,0.0174,0.0163,0.0064,0.0054,0.0133
364,0.0268,0.0121,0.0092,0.0158,0.0156,0.0068,0.0056,0.0122
365,0.0263,0.0122,0.0092,0.0142,0.0149,0.0072,0.0057,0.0111
366,0.0258,0.0124,0.0093,0.0128,0.0141,0.0076,0.0058,0.0100
367,0.0288,0.0125,0.0115,0.0092,0.0179,0.0078,0.0082,0.0065
368,0.0249,0.0127,0.0093,0.0105,0.0126,0.0083,0.0058,0.0079
369,0.0240,0.0124,0.0156,0.0085,0.0114,0.0085,0.0121,0.0067
370,0.0246,0.0129,0.0092,0.0095,0.0117,0.0086,0.0057,0.0070
371,0.0243,0.0130,0.0091,0.0088,0.0109,0.0088,0.0055,0.0061
372,0.0240,0.0130,0.0090,0.0083,0.0100,0.0089,0.0052,0.0052
373,0.0238,0.0130,0.0088,0.0080,0.0091,0.0089,0.0049,0.0045
374,0.0235,0.0146,0.0092,0.0068,0.0078,0.0107,0.0053,0.0026
375,0.0238,0.0128,0.0085,0.0079,0.0087,0.0085,0.0039,0.0041
376,0.0240,0.0126,0.0085,0.0081,0.0100,0.0080,0.0038,0.0046
377,0.0244,0.0123,0.0087,0.0082,0.0114,0.0074,0.0047,0.0051
378,0.0253,0.0122,0.0092,0.0085,0.0131,0.0065,0.0057,0.0056
379,0.0266,0.0122,0.0102,0.0088,0.0153,0.0066,0.0069,0.0060
380,0.0247,0.0141,0.0177,0.0094,0.0128,0.0099,0.0137,0.0075
381,0.0288,0.0125,0.0115,0.0092,0.0179,0.0078,0.0082,0.0065
382,0.0321,0.0132,0.0131,0.0097,0.0212,0.0092,0.0096,0.0071
383,0.0368,0.0143,0.0149,0.0104,0.0252,0.0105,0.0110,0.0079
384,0.0432,0.0155,0.0168,0.0116,0.0301,0.0118,0.0124,0.0089
385,0.0512,0.0167,0.0187,0.0132,0.0358,0.0130,0.0137,0.0102
386,0.0235,0.0145,0.0092,0.0068,0.0080,0.0105,0.0051,0.0026
387,0.0246,0.0154,0.0113,0.0893,0.0118,0.0115,0.0080,0.0592
388,0.0244,0.0157,0.0095,0.0807,0.0112,0.0119,0.0059,0.0538
389,0.0243,0.0158,0.0089,0.0721,0.0109,0.0120,0.0042,0.0485
390,0.0242,0.0156,0.0090,0.0636,0.0107,0.0119,0.0047,0.0431
391,0.0256,0.0157,0.0199,0.0104,0.0143,0.0111,0.0152,0.0084
392,0.0242,0.0153,0.0093,0.0551,0.0106,0.0116,0.0056,0.0377
393,0.0241,0.0149,0.0096,0.0466,0.0104,0.0112,0.0062,0.0323
394,0.0240,0.0145,0.0097,0.0380,0.0101,0.0108,0.0064,0.0268
395,0.0239,0.0140,0.0097,0.0293,0.0097,0.0103,0.0063,0.0212
396,0.0238,0.0136,0.0094,0.0206,0.0092,0.0098,0.0059,0.0155
397,0.0238,0.0133,0.0090,0.0125,0.0085,0.0093,0.0053,0.0097
398,0.0236,0.0142,0.0091,0.0069,0.0083,0.0101,0.0048,0.0029
399,0.0238,0.0127,0.0085,0.0122,0.0091,0.0083,0.0034,0.0094
400,0.0241,0.0125,0.0087,0.0206,0.0103,0.0079,0.0048,0.0155
401,0.0245,0.0123,0.0097,0.0298,0.0117,0.0075,0.0063,0.0216
402,0.0240,0.0189,0.0098,0.0737,0.0105,0.0151,0.0057,0.0483
403,0.0254,0.0122,0.0114,0.0392,0.0134,0.0071,0.0081,0.0276
404,0.0267,0.0121,0.0138,0.0486,0.0154,0.0067,0.0102,0.0336
405,0.0286,0.0121,0.0168,0.0579,0.0178,0.0063,0.0125,0.0395
406,0.0315,0.0122,0.0205,0.0669,0.0207,0.0064,0.0151,0.0452
407,0.0354,0.0124,0.0248,0.0756,0.0242,0.0074,0.0180,0.0506
408,0.0408,0.0131,0.0298,0.0839,0.0284,0.0087,0.0213,0.0559
409,0.0476,0.0143,0.0354,0.0918,0.0334,0.0105,0.0250,0.0608
410,0.0236,0.0139,0.0090,0.0069,0.0087,0.0096,0.0044,0.0032
411,0.0266,0.0140,0.0160,0.0102,0.0154,0.0102,0.0120,0.0077
412,0.0261,0.0133,0.0146,0.0099,0.0147,0.0093,0.0109,0.0074
413,0.0266,0.0172,0.0219,0.0115,0.0157,0.0122,0.0166,0.0093
414,0.0257,0.0128,0.0133,0.0095,0.0140,0.0084,0.0098,0.0070
415,0.0253,0.0124,0.0121,0.0092,0.0133,0.0076,0.0088,0.0066
416,0.0249,0.0121,0.0110,0.0089,0.0125,0.0068,0.0078,0.0062
417,0.0245,0.0120,0.0100,0.0086,0.0118,0.0060,0.0068,0.0057
418,0.0243,0.0120,0.0093,0.0083,0.0110,0.0062,0.0058,0.0053
419,0.0240,0.0121,0.0088,0.0081,0.0102,0.0069,0.0049,0.0049
420,0.0239,0.0124,0.0085,0.0080,0.0093,0.0075,0.0040,0.0044
421,0.0238,0.0126,0.0085,0.0079,0.0085,0.0082,0.0036,0.0039
422,0.0237,0.0136,0.0089,0.0071,0.0091,0.0089,0.0039,0.0035
423,0.0238,0.0133,0.0090,0.0080,0.0090,0.0093,0.0052,0.0043
424,0.0279,0.0186,0.0237,0.0128,0.0173,0.0131,0.0178,0.0102
425,0.0240,0.0137,0.0094,0.0081,0.0099,0.0098,0.0060,0.0048
426,0.0242,0.0140,0.0100,0.0084,0.0108,0.0103,0.0067,0.0054
427,0.0246,0.0144,0.0106,0.0087,0.0118,0.0107,0.0074,0.0059
428,0.0250,0.0147,0.0112,0.0091,0.0128,0.0110,0.0080,0.0065
429,0.0255,0.0149,0.0119,0.0096,0.0137,0.0113,0.0086,0.0071
430,0.0262,0.0152,0.0125,0.0102,0.0147,0.0115,0.0092,0.0077
431,0.0269,0.0154,0.0131,0.0109,0.0158,0.0117,0.0097,0.0083
432,0.0277,0.0155,0.0137,0.0116,0.0168,0.0119,0.0101,0.0090
433,0.0286,0.0156,0.0142,0.0124,0.0179,0.0119,0.0105,0.0096
434,0.0241,0.0151,0.0102,0.0072,0.0108,0.0098,0.0041,0.0029
435,0.0293,0.0198,0.0254,0.0141,0.0188,0.0140,0.0190,0.0112
436,0.0255,0.0134,0.0090,0.0178,0.0137,0.0084,0.0043,0.0127
437,0.0355,0.0638,0.0662,0.0145,0.0234,0.0404,0.0406,0.0106
438,0.0287,0.0277,0.0298,0.0106,0.0173,0.0191,0.0193,0.0077
439,0.0377,0.0133,0.0160,0.0205,0.0246,0.0094,0.0116,0.0141
440,0.0353,0.0126,0.0150,0.0235,0.0222,0.0085,0.0105,0.0165
441,0.0235,0.0125,0.0089,0.0071,0.0081,0.0090,0.0056,0.0033
442,0.0234,0.0111,0.0081,0.0072,0.0079,0.0070,0.0043,0.0036
443,0.0234,0.0113,0.0083,0.0072,0.0077,0.0074,0.0046,0.0035
444,0.0234,0.0115,0.0084,0.0071,0.0076,0.0077,0.0048,0.0033
445,0.0234,0.0115,0.0085,0.0071,0.0075,0.0078,0.0049,0.0034
446,0.0237,0.0143,0.0090,0.0072,0.0092,0.0102,0.0041,0.0039
447,0.0309,0.0208,0.0269,0.0155,0.0204,0.0146,0.0200,0.0122
448,0.0234,0.0115,0.0085,0.0071,0.0075,0.0078,0.0049,0.0035
449,0.0252,0.0131,0.0090,0.0158,0.0131,0.0074,0.0041,0.0114
450,0.0234,0.0113,0.0083,0.0072,0.0075,0.0074,0.0046,0.0039
451,0.0234,0.0111,0.0081,0.0073,0.0076,0.0070,0.0043,0.0041
452,0.0234,0.0108,0.0080,0.0074,0.0077,0.0065,0.0038,0.0044
453,0.0234,0.0106,0.0079,0.0075,0.0078,0.0059,0.0032,0.0047
454,0.0235,0.0105,0.0079,0.0077,0.0080,0.0051,0.0035,0.0051
455,0.0245,0.0147,0.0085,0.0154,0.0118,0.0112,0.0051,0.0118
456,0.0243,0.0135,0.0088,0.0139,0.0114,0.0100,0.0054,0.0107
457,0.0241,0.0124,0.0090,0.0125,0.0109,0.0088,0.0057,0.0096
458,0.0325,0.0216,0.0282,0.0169,0.0219,0.0152,0.0208,0.0132
459,0.0239,0.0115,0.0092,0.0112,0.0105,0.0077,0.0060,0.0086
460,0.0256,0.0108,0.0129,0.0072,0.0137,0.0054,0.0093,0.0033
461,0.0248,0.0130,0.0090,0.0140,0.0124,0.0067,0.0045,0.0101
462,0.0237,0.0106,0.0094,0.0092,0.0096,0.0055,0.0062,0.0068
463,0.0236,0.0105,0.0094,0.0084,0.0092,0.0050,0.0062,0.0060
464,0.0235,0.0106,0.0093,0.0078,0.0087,0.0059,0.0061,0.0053
465,0.0235,0.0109,0.0091,0.0075,0.0083,0.0066,0.0058,0.0046
466,0.0234,0.0112,0.0088,0.0072,0.0079,0.0072,0.0054,0.0041
467,0.0235,0.0116,0.0081,0.0071,0.0080,0.0079,0.0041,0.0033
468,0.0235,0.0116,0.0079,0.0071,0.0086,0.0079,0.0031,0.0032
469,0.0322,0.0633,0.0603,0.0128,0.0211,0.0380,0.0387,0.0097
470,0.0237,0.0114,0.0082,0.0071,0.0094,0.0076,0.0043,0.0033
471,0.0239,0.0111,0.0091,0.0071,0.0104,0.0070,0.0058,0.0033
472,0.0245,0.0109,0.0107,0.0071,0.0118,0.0061,0.0075,0.0033
473,0.0245,0.0131,0.0091,0.0123,0.0118,0.0075,0.0050,0.0088
474,0.0256,0.0108,0.0129,0.0072,0.0137,0.0054,0.0093,0.0033
475,0.0275,0.0111,0.0156,0.0072,0.0162,0.0066,0.0113,0.0034
476,0.0307,0.0118,0.0185,0.0072,0.0196,0.0080,0.0134,0.0037
477,0.0355,0.0128,0.0214,0.0074,0.0238,0.0092,0.0153,0.0043
478,0.0421,0.0137,0.0241,0.0079,0.0289,0.0102,0.0171,0.0053
479,0.0238,0.0188,0.0156,0.0675,0.0087,0.0144,0.0114,0.0450
480,0.0268,0.0300,0.0274,0.0093,0.0157,0.0186,0.0193,0.0069
481,0.0237,0.0185,0.0118,0.0604,0.0087,0.0142,0.0085,0.0406
482,0.0236,0.0178,0.0094,0.0537,0.0084,0.0137,0.0061,0.0364
483,0.0235,0.0169,0.0084,0.0472,0.0080,0.0130,0.0042,0.0323
484,0.0235,0.0158,0.0083,0.0408,0.0077,0.0122,0.0040,0.0283
485,0.0266,0.0134,0.0118,0.0081,0.0152,0.0081,0.0085,0.0051
486,0.0235,0.0148,0.0086,0.0346,0.0080,0.0112,0.0050,0.0243
487,0.0235,0.0138,0.0090,0.0283,0.0081,0.0103,0.0056,0.0203
488,0.0235,0.0129,0.0091,0.0221,0.0082,0.0095,0.0059,0.0162
489,0.0235,0.0123,0.0091,0.0160,0.0081,0.0087,0.0058,0.0121
490,0.0234,0.0118,0.0088,0.0104,0.0079,0.0081,0.0055,0.0079
491,0.0298,0.0187,0.0250,0.0145,0.0185,0.0120,0.0187,0.0108
492,0.0235,0.0113,0.0080,0.0094,0.0080,0.0074,0.0039,0.0070
493,0.0235,0.0112,0.0079,0.0149,0.0088,0.0072,0.0032,0.0113
494,0.0238,0.0112,0.0083,0.0213,0.0100,0.0073,0.0046,0.0157
495,0.0243,0.0113,0.0095,0.0280,0.0114,0.0074,0.0063,0.0200
496,0.0252,0.0114,0.0117,0.0346,0.0132,0.0076,0.0084,0.0243
497,0.0241,0.0136,0.0094,0.0094,0.0106,0.0090,0.0056,0.0065
498,0.0269,0.0115,0.0147,0.0411,0.0156,0.0078,0.0108,0.0284
499,0.0295,0.0116,0.0186,0.0474,0.0185,0.0078,0.0135,0.0324
500,0.0333,0.0114,0.0234,0.0534,0.0221,0.0076,0.0168,0.0362
501,0.0388,0.0111,0.0291,0.0592,0.0266,0.0070,0.0205,0.0399
502,0.0469,0.0177,0.0276,0.0285,0.0314,0.0115,0.0207,0.0194
503,0.0459,0.0108,0.0357,0.0647,0.0319,0.0059,0.0248,0.0433
504,0.0276,0.0184,0.0216,0.0101,0.0166,0.0142,0.0157,0.0077
505,0.0269,0.0165,0.0192,0.0097,0.0158,0.0128,0.0140,0.0073
506,0.0263,0.0149,0.0169,0.0092,0.0150,0.0114,0.0124,0.0068
507,0.0257,0.0134,0.0148,0.0087,0.0141,0.0100,0.0109,0.0064
508,0.0252,0.0122,0.0128,0.0083,0.0132,0.0086,0.0093,0.0059
509,0.0239,0.0139,0.0095,0.0083,0.0100,0.0096,0.0058,0.0054
510,0.0247,0.0113,0.0110,0.0079,0.0123,0.0074,0.0078,0.0054
511,0.0243,0.0107,0.0096,0.0076,0.0114,0.0061,0.0064,0.0049
512,0.0239,0.0105,0.0085,0.0073,0.0105,0.0049,0.0050,0.0044
513,0.0236,0.0080,0.0112,0.0072,0.0096,0.0029,0.0082,0.0037
514,0.0237,0.0106,0.0079,0.0072,0.0095,0.0056,0.0036,0.0038
515,0.0235,0.0109,0.0079,0.0071,0.0085,0.0067,0.0036,0.0032
516,0.0235,0.0121,0.0092,0.0073,0.0084,0.0086,0.0060,0.0043
517,0.0237,0.0129,0.0103,0.0076,0.0095,0.0095,0.0072,0.0049
518,0.0240,0.0137,0.0114,0.0081,0.0107,0.0103,0.0082,0.0056
519,0.0244,0.0144,0.0126,0.0086,0.0118,0.0110,0.0092,0.0062
520,0.0250,0.0152,0.0138,0.0093,0.0130,0.0116,0.0102,0.0070
521,0.0237,0.0143,0.0095,0.0076,0.0093,0.0102,0.0058,0.0044
522,0.0258,0.0158,0.0150,0.0101,0.0142,0.0122,0.0110,0.0077
523,0.0266,0.0164,0.0161,0.0110,0.0154,0.0127,0.0118,0.0084
524,0.0240,0.0186,0.0103,0.0649,0.0103,0.0148,0.0068,0.0428
525,0.0276,0.0169,0.0171,0.0119,0.0166,0.0131,0.0125,0.0092
526,0.0287,0.0173,0.0180,0.0129,0.0179,0.0134,0.0132,0.0100
527,0.0299,0.0176,0.0188,0.0140,0.0191,0.0136,0.0137,0.0108
528,0.0340,0.0635,0.0638,0.0133,0.0222,0.0394,0.0391,0.0099
529,0.0277,0.0281,0.0284,0.0095,0.0163,0.0187,0.0185,0.0070
530,0.0436,0.0124,0.0188,0.0280,0.0294,0.0073,0.0135,0.0191
531,0.0367,0.0118,0.0182,0.0244,0.0222,0.0067,0.0127,0.0173
532,0.0233,0.0107,0.0095,0.0067,0.0084,0.0072,0.0063,0.0033
533,0.0236,0.0145,0.0095,0.0071,0.0087,0.0105,0.0058,0.0035
534,0.0233,0.0094,0.0084,0.0071,0.0080,0.0051,0.0047,0.0038
535,0.0235,0.0080,0.0101,0.0088,0.0088,0.0030,0.0065,0.0051
536,0.0233,0.0095,0.0086,0.0070,0.0078,0.0054,0.0050,0.0038
537,0.0233,0.0097,0.0088,0.0069,0.0077,0.0057,0.0053,0.0038
538,0.0233,0.0098,0.0089,0.0068,0.0076,0.0059,0.0054,0.0039
539,0.0233,0.0098,0.0089,0.0068,0.0075,0.0059,0.0054,0.0039
540,0.0233,0.0097,0.0087,0.0069,0.0075,0.0057,0.0052,0.0042
541,0.0233,0.0095,0.0086,0.0070,0.0076,0.0054,0.0050,0.0044
542,0.0233,0.0093,0.0084,0.0071,0.0077,0.0050,0.0046,0.0047
543,0.0233,0.0092,0.0082,0.0073,0.0078,0.0045,0.0041,0.0050
544,0.0233,0.0091,0.0081,0.0076,0.0080,0.0038,0.0036,0.0053
545,0.0235,0.0147,0.0094,0.0068,0.0081,0.0108,0.0056,0.0027
546,0.0234,0.0079,0.0102,0.0083,0.0086,0.0026,0.0068,0.0049
547,0.0234,0.0240,0.0086,0.0139,0.0091,0.0176,0.0050,0.0109
548,0.0234,0.0212,0.0090,0.0125,0.0088,0.0157,0.0055,0.0098
549,0.0233,0.0185,0.0094,0.0112,0.0086,0.0138,0.0060,0.0088
550,0.0233,0.0160,0.0097,0.0100,0.0083,0.0119,0.0064,0.0079
551,0.0239,0.0097,0.0154,0.0077,0.0107,0.0050,0.0112,0.0056
552,0.0233,0.0118,0.0102,0.0083,0.0080,0.0083,0.0069,0.0063
553,0.0233,0.0103,0.0102,0.0077,0.0078,0.0067,0.0070,0.0056
554,0.0233,0.0094,0.0101,0.0073,0.0077,0.0051,0.0069,0.0050
555,0.0233,0.0091,0.0098,0.0070,0.0075,0.0037,0.0066,0.0046
556,0.0233,0.0093,0.0094,0.0069,0.0074,0.0049,0.0061,0.0042
557,0.0247,0.0227,0.0220,0.0453,0.0123,0.0166,0.0158,0.0311
558,0.0234,0.0078,0.0104,0.0079,0.0085,0.0023,0.0071,0.0047
559,0.0234,0.0078,0.0105,0.0076,0.0084,0.0021,0.0073,0.0046
560,0.0234,0.0078,0.0106,0.0074,0.0083,0.0019,0.0074,0.0045
561,0.0234,0.0078,0.0106,0.0074,0.0083,0.0019,0.0075,0.0045
562,0.0234,0.0078,0.0106,0.0075,0.0084,0.0019,0.0074,0.0047
563,0.0234,0.0078,0.0105,0.0078,0.0085,0.0021,0.0073,0.0049
564,0.0234,0.0078,0.0104,0.0082,0.0086,0.0023,0.0071,0.0052
565,0.0235,0.0079,0.0102,0.0086,0.0087,0.0027,0.0068,0.0055
566,0.0239,0.0182,0.0108,0.0561,0.0102,0.0144,0.0075,0.0372
567,0.0237,0.0478,0.0098,0.0114,0.0103,0.0314,0.0058,0.0091
568,0.0245,0.0214,0.0165,0.0399,0.0120,0.0158,0.0121,0.0277
569,0.0237,0.0426,0.0102,0.0103,0.0103,0.0281,0.0068,0.0082
570,0.0237,0.0374,0.0107,0.0093,0.0103,0.0248,0.0076,0.0073
571,0.0237,0.0324,0.0112,0.0086,0.0102,0.0216,0.0083,0.0065
572,0.0236,0.0096,0.0219,0.0118,0.0093,0.0052,0.0169,0.0094
573,0.0236,0.0226,0.0120,0.0077,0.0099,0.0152,0.0092,0.0052
574,0.0236,0.0181,0.0122,0.0075,0.0097,0.0121,0.0094,0.0048
575,0.0235,0.0141,0.0121,0.0073,0.0095,0.0092,0.0094,0.0044
576,0.0235,0.0107,0.0119,0.0073,0.0091,0.0065,0.0091,0.0042
577,0.0235,0.0085,0.0113,0.0073,0.0088,0.0040,0.0084,0.0042
578,0.0239,0.0176,0.0111,0.0472,0.0101,0.0139,0.0078,0.0316
579,0.0242,0.0198,0.0124,0.0350,0.0114,0.0146,0.0089,0.0246
580,0.0234,0.0083,0.0100,0.0074,0.0080,0.0036,0.0062,0.0047
581,0.0234,0.0092,0.0098,0.0077,0.0085,0.0050,0.0054,0.0053
582,0.0235,0.0100,0.0107,0.0082,0.0090,0.0058,0.0076,0.0061
583,0.0235,0.0103,0.0131,0.0091,0.0094,0.0061,0.0103,0.0070
584,0.0236,0.0102,0.0170,0.0103,0.0096,0.0058,0.0134,0.0082
585,0.0236,0.0096,0.0219,0.0118,0.0093,0.0052,0.0169,0.0094
586,0.0235,0.0091,0.0274,0.0133,0.0085,0.0042,0.0207,0.0105
587,0.0236,0.0088,0.0331,0.0145,0.0095,0.0032,0.0244,0.0114
588,0.0243,0.0089,0.0387,0.0153,0.0119,0.0027,0.0280,0.0120
589,0.0262,0.0091,0.0439,0.0155,0.0153,0.0033,0.0313,0.0121
590,0.0239,0.0179,0.0097,0.0305,0.0106,0.0133,0.0064,0.0218
591,0.0238,0.0169,0.0111,0.0383,0.0098,0.0133,0.0079,0.0259
592,0.0288,0.0312,0.0370,0.0086,0.0183,0.0208,0.0270,0.0051
593,0.0278,0.0277,0.0289,0.0091,0.0173,0.0185,0.0217,0.0064
594,0.0267,0.0238,0.0221,0.0095,0.0159,0.0160,0.0172,0.0071
595,0.0257,0.0198,0.0168,0.0096,0.0145,0.0133,0.0134,0.0074
596,0.0248,0.0159,0.0131,0.0094,0.0130,0.0106,0.0103,0.0072
597,0.0241,0.0126,0.0109,0.0089,0.0116,0.0080,0.0078,0.0068
598,0.0237,0.0100,0.0099,0.0083,0.0103,0.0058,0.0059,0.0061
599,0.0235,0.0085,0.0099,0.0078,0.0092,0.0040,0.0056,0.0054
600,0.0234,0.0079,0.0102,0.0074,0.0084,0.0027,0.0066,0.0046
601,0.0236,0.0159,0.0085,0.0264,0.0097,0.0119,0.0044,0.0191
602,0.0234,0.0078,0.0105,0.0072,0.0080,0.0020,0.0073,0.0037
603,0.0237,0.0163,0.0108,0.0292,0.0095,0.0126,0.0076,0.0202
604,0.0234,0.0078,0.0105,0.0077,0.0083,0.0024,0.0074,0.0052
605,0.0234,0.0082,0.0102,0.0083,0.0080,0.0035,0.0068,0.0061
606,0.0235,0.0093,0.0099,0.0091,0.0088,0.0051,0.0060,0.0070
607,0.0237,0.0115,0.0098,0.0101,0.0101,0.0071,0.0051,0.0080
608,0.0243,0.0145,0.0104,0.0113,0.0119,0.0095,0.0070,0.0090
609,0.0256,0.0181,0.0124,0.0126,0.0143,0.0120,0.0095,0.0101
610,0.0281,0.0217,0.0161,0.0141,0.0175,0.0145,0.0128,0.0112
611,0.0321,0.0250,0.0216,0.0156,0.0215,0.0167,0.0169,0.0123
612,0.0240,0.0151,0.0102,0.0072,0.0104,0.0098,0.0042,0.0029
613,0.0234,0.0141,0.0083,0.0225,0.0090,0.0104,0.0038,0.0166
614,0.0380,0.0275,0.0290,0.0171,0.0265,0.0183,0.0219,0.0133
615,0.0460,0.0288,0.0383,0.0182,0.0325,0.0191,0.0280,0.0141
616,0.0237,0.0157,0.0104,0.0201,0.0090,0.0120,0.0071,0.0142
617,0.0302,0.0432,0.0425,0.0115,0.0200,0.0287,0.0309,0.0093
618,0.0292,0.0384,0.0375,0.0109,0.0190,0.0256,0.0277,0.0087
619,0.0283,0.0337,0.0326,0.0102,0.0179,0.0226,0.0244,0.0081
620,0.0273,0.0292,0.0279,0.0096,0.0168,0.0196,0.0213,0.0076
621,0.0265,0.0249,0.0235,0.0090,0.0157,0.0168,0.0183,0.0070
622,0.0257,0.0208,0.0193,0.0084,0.0146,0.0141,0.0153,0.0063
623,0.0250,0.0170,0.0156,0.0080,0.0134,0.0114,0.0125,0.0057
624,0.0233,0.0125,0.0086,0.0187,0.0083,0.0091,0.0048,0.0141
625,0.0244,0.0135,0.0125,0.0076,0.0122,0.0088,0.0097,0.0050
626,0.0239,0.0106,0.0103,0.0073,0.0109,0.0064,0.0070,0.0043
627,0.0236,0.0085,0.0097,0.0072,0.0096,0.0041,0.0051,0.0036
628,0.0236,0.0152,0.0098,0.0115,0.0084,0.0114,0.0063,0.0082
629,0.0235,0.0084,0.0126,0.0076,0.0089,0.0039,0.0098,0.0051
630,0.0237,0.0101,0.0150,0.0081,0.0103,0.0059,0.0120,0.0060
631,0.0242,0.0121,0.0177,0.0088,0.0117,0.0077,0.0141,0.0068
632,0.0249,0.0142,0.0203,0.0097,0.0133,0.0094,0.0160,0.0077
633,0.0258,0.0163,0.0228,0.0108,0.0148,0.0109,0.0178,0.0086
634,0.0270,0.0182,0.0252,0.0119,0.0164,0.0122,0.0195,0.0096
635,0.0233,0.0113,0.0090,0.0151,0.0078,0.0079,0.0055,0.0116
636,0.0284,0.0200,0.0274,0.0133,0.0180,0.0135,0.0210,0.0106
637,0.0299,0.0215,0.0294,0.0147,0.0197,0.0145,0.0223,0.0116
638,0.0316,0.0228,0.0312,0.0161,0.0213,0.0154,0.0235,0.0127
639,0.0335,0.0239,0.0328,0.0177,0.0230,0.0161,0.0246,0.0138
640,0.0240,0.0149,0.0102,0.0073,0.0099,0.0092,0.0044,0.0034
641,0.0236,0.0143,0.0089,0.0126,0.0083,0.0103,0.0041,0.0090
642,0.0319,0.0627,0.0586,0.0133,0.0211,0.0385,0.0385,0.0100
643,0.0269,0.0308,0.0272,0.0100,0.0159,0.0199,0.0197,0.0072
644,0.0285,0.0189,0.0267,0.0133,0.0174,0.0126,0.0203,0.0098
645,0.0444,0.0212,0.0317,0.0264,0.0299,0.0145,0.0239,0.0180
646,0.0233,0.0105,0.0091,0.0116,0.0075,0.0069,0.0058,0.0091
647,0.0239,0.0081,0.0122,0.0079,0.0105,0.0028,0.0090,0.0040
648,0.0238,0.0089,0.0114,0.0101,0.0095,0.0048,0.0074,0.0053
649,0.0237,0.0086,0.0115,0.0094,0.0094,0.0045,0.0077,0.0050
650,0.0237,0.0085,0.0116,0.0088,0.0093,0.0042,0.0079,0.0047
651,0.0237,0.0084,0.0117,0.0083,0.0092,0.0039,0.0081,0.0045
652,0.0237,0.0083,0.0118,0.0080,0.0091,0.0037,0.0083,0.0042
653,0.0237,0.0141,0.0091,0.0217,0.0094,0.0098,0.0048,0.0153
654,0.0237,0.0082,0.0120,0.0080,0.0091,0.0035,0.0086,0.0041
655,0.0237,0.0082,0.0120,0.0083,0.0091,0.0034,0.0086,0.0043
656,0.0237,0.0082,0.0120,0.0087,0.0092,0.0035,0.0086,0.0045
657,0.0233,0.0100,0.0091,0.0086,0.0076,0.0062,0.0057,0.0066
658,0.0237,0.0082,0.0119,0.0092,0.0093,0.0035,0.0085,0.0048
659,0.0237,0.0083,0.0119,0.0099,0.0094,0.0037,0.0084,0.0051
660,0.0245,0.0603,0.0111,0.0105,0.0124,0.0400,0.0060,0.0080
661,0.0245,0.0540,0.0113,0.0096,0.0123,0.0360,0.0072,0.0071
662,0.0244,0.0477,0.0117,0.0089,0.0122,0.0320,0.0082,0.0062
663,0.0244,0.0414,0.0123,0.0084,0.0120,0.0280,0.0090,0.0055
664,0.0242,0.0112,0.0249,0.0135,0.0113,0.0073,0.0195,0.0104
665,0.0241,0.0138,0.0098,0.0315,0.0107,0.0093,0.0064,0.0216
666,0.0242,0.0293,0.0132,0.0080,0.0115,0.0202,0.0102,0.0044
667,0.0241,0.0236,0.0134,0.0079,0.0111,0.0165,0.0104,0.0040
668,0.0239,0.0139,0.0090,0.0074,0.0102,0.0095,0.0045,0.0043
669,0.0240,0.0183,0.0134,0.0079,0.0107,0.0129,0.0104,0.0037
670,0.0239,0.0137,0.0131,0.0079,0.0103,0.0095,0.0101,0.0038
671,0.0238,0.0101,0.0126,0.0079,0.0097,0.0063,0.0095,0.0037
672,0.0237,0.0084,0.0113,0.0080,0.0084,0.0039,0.0070,0.0045
673,0.0237,0.0096,0.0111,0.0083,0.0091,0.0057,0.0065,0.0053
674,0.0238,0.0108,0.0122,0.0089,0.0099,0.0070,0.0090,0.0063
675,0.0239,0.0115,0.0150,0.0100,0.0106,0.0077,0.0120,0.0075
676,0.0241,0.0116,0.0193,0.0116,0.0111,0.0077,0.0155,0.0089
677,0.0248,0.0136,0.0114,0.0413,0.0123,0.0090,0.0082,0.0279
678,0.0242,0.0112,0.0249,0.0135,0.0113,0.0073,0.0195,0.0104
679,0.0233,0.0097,0.0085,0.0073,0.0077,0.0058,0.0047,0.0051
680,0.0241,0.0106,0.0311,0.0154,0.0109,0.0065,0.0237,0.0119
681,0.0239,0.0101,0.0376,0.0172,0.0099,0.0057,0.0280,0.0131
682,0.0239,0.0098,0.0440,0.0185,0.0096,0.0050,0.0320,0.0141
683,0.0246,0.0098,0.0498,0.0192,0.0123,0.0046,0.0358,0.0146
684,0.0308,0.0363,0.0446,0.0280,0.0207,0.0248,0.0325,0.0206
685,0.0295,0.0315,0.0353,0.0283,0.0193,0.0216,0.0265,0.0208
686,0.0280,0.0264,0.0275,0.0276,0.0177,0.0183,0.0213,0.0204
687,0.0266,0.0213,0.0212,0.0260,0.0159,0.0149,0.0170,0.0193
688,0.0254,0.0165,0.0165,0.0236,0.0141,0.0115,0.0133,0.0177
689,0.0259,0.0134,0.0136,0.0510,0.0142,0.0086,0.0102,0.0340
690,0.0233,0.0099,0.0081,0.0098,0.0083,0.0060,0.0038,0.0077
691,0.0246,0.0124,0.0134,0.0207,0.0125,0.0084,0.0104,0.0157
692,0.0241,0.0096,0.0117,0.0175,0.0110,0.0058,0.0080,0.0135
693,0.0238,0.0083,0.0112,0.0142,0.0097,0.0037,0.0062,0.0111
694,0.0237,0.0081,0.0113,0.0111,0.0087,0.0030,0.0070,0.0086
695,0.0237,0.0083,0.0116,0.0087,0.0087,0.0036,0.0079,0.0060
696,0.0237,0.0081,0.0120,0.0092,0.0091,0.0028,0.0086,0.0067
697,0.0237,0.0084,0.0118,0.0119,0.0088,0.0040,0.0083,0.0093
698,0.0237,0.0100,0.0115,0.0154,0.0089,0.0062,0.0076,0.0120
699,0.0239,0.0131,0.0112,0.0193,0.0102,0.0090,0.0066,0.0148
700,0.0244,0.0174,0.0113,0.0234,0.0121,0.0121,0.0069,0.0176
701,0.0235,0.0102,0.0081,0.0132,0.0092,0.0065,0.0036,0.0103
702,0.0277,0.0133,0.0166,0.0605,0.0166,0.0081,0.0125,0.0400
703,0.0257,0.0224,0.0126,0.0276,0.0146,0.0155,0.0094,0.0204
704,0.0282,0.0276,0.0158,0.0319,0.0179,0.0189,0.0127,0.0232
705,0.0324,0.0324,0.0212,0.0361,0.0221,0.0220,0.0170,0.0259
706,0.0385,0.0363,0.0289,0.0401,0.0272,0.0245,0.0224,0.0284
707,0.0467,0.0388,0.0388,0.0435,0.0333,0.0262,0.0290,0.0307
708,0.0313,0.0521,0.0499,0.0126,0.0213,0.0350,0.0365,0.0099
709,0.0302,0.0465,0.0441,0.0120,0.0202,0.0314,0.0327,0.0094
710,0.0292,0.0410,0.0384,0.0113,0.0191,0.0279,0.0289,0.0088
711,0.0282,0.0357,0.0330,0.0107,0.0180,0.0245,0.0253,0.0082
712,0.0238,0.0108,0.0088,0.0169,0.0106,0.0073,0.0052,0.0129
713,0.0272,0.0305,0.0278,0.0100,0.0168,0.0211,0.0218,0.0076
714,0.0305,0.0132,0.0201,0.0697,0.0195,0.0074,0.0151,0.0458
715,0.0263,0.0257,0.0229,0.0094,0.0156,0.0179,0.0183,0.0070
716,0.0255,0.0211,0.0185,0.0089,0.0144,0.0148,0.0150,0.0063
717,0.0249,0.0168,0.0147,0.0085,0.0131,0.0118,0.0118,0.0056
718,0.0243,0.0130,0.0121,0.0081,0.0118,0.0089,0.0087,0.0049
719,0.0239,0.0100,0.0110,0.0079,0.0105,0.0062,0.0057,0.0042
720,0.0237,0.0084,0.0141,0.0081,0.0090,0.0040,0.0112,0.0048
721,0.0239,0.0100,0.0169,0.0085,0.0105,0.0063,0.0137,0.0057
722,0.0244,0.0124,0.0199,0.0091,0.0121,0.0085,0.0162,0.0066
723,0.0236,0.0146,0.0091,0.0070,0.0084,0.0106,0.0048,0.0034
724,0.0246,0.0116,0.0105,0.0207,0.0123,0.0081,0.0072,0.0154
725,0.0251,0.0149,0.0230,0.0099,0.0136,0.0104,0.0184,0.0075
726,0.0261,0.0174,0.0260,0.0109,0.0152,0.0123,0.0205,0.0084
727,0.0345,0.0132,0.0243,0.0784,0.0231,0.0070,0.0179,0.0513
728,0.0273,0.0197,0.0287,0.0120,0.0169,0.0139,0.0224,0.0094
729,0.0287,0.0219,0.0313,0.0133,0.0186,0.0154,0.0242,0.0105
730,0.0304,0.0238,0.0337,0.0147,0.0203,0.0167,0.0258,0.0115
731,0.0322,0.0255,0.0358,0.0162,0.0221,0.0178,0.0272,0.0126
732,0.0341,0.0269,0.0376,0.0178,0.0239,0.0187,0.0284,0.0138
733,0.0317,0.0613,0.0567,0.0145,0.0212,0.0388,0.0382,0.0109
734,0.0271,0.0311,0.0270,0.0112,0.0163,0.0210,0.0201,0.0081
735,0.0260,0.0125,0.0133,0.0244,0.0147,0.0090,0.0097,0.0178
736,0.0275,0.0192,0.0282,0.0124,0.0165,0.0134,0.0218,0.0090
737,0.0413,0.0244,0.0356,0.0238,0.0280,0.0172,0.0269,0.0165
738,0.0244,0.0091,0.0136,0.0089,0.0116,0.0049,0.0098,0.0050
739,0.0400,0.0135,0.0292,0.0868,0.0276,0.0083,0.0212,0.0565
740,0.0242,0.0101,0.0129,0.0117,0.0105,0.0066,0.0084,0.0055
741,0.0242,0.0099,0.0130,0.0107,0.0103,0.0063,0.0087,0.0051
742,0.0241,0.0097,0.0132,0.0099,0.0102,0.0060,0.0089,0.0047
743,0.0241,0.0095,0.0133,0.0093,0.0101,0.0057,0.0092,0.0047
744,0.0241,0.0094,0.0134,0.0089,0.0100,0.0054,0.0094,0.0046
745,0.0241,0.0092,0.0136,0.0090,0.0100,0.0050,0.0098,0.0048
746,0.0285,0.0134,0.0173,0.0280,0.0177,0.0098,0.0126,0.0201
747,0.0241,0.0091,0.0137,0.0094,0.0100,0.0049,0.0100,0.0051
748,0.0241,0.0091,0.0138,0.0101,0.0101,0.0048,0.0101,0.0053
749,0.0241,0.0090,0.0138,0.0109,0.0102,0.0047,0.0101,0.0055
750,0.0242,0.0090,0.0138,0.0119,0.0103,0.0047,0.0102,0.0057
751,0.0473,0.0143,0.0348,0.0946,0.0329,0.0101,0.0248,0.0615
752,0.0256,0.0728,0.0127,0.0099,0.0144,0.0488,0.0073,0.0069
753,0.0255,0.0653,0.0127,0.0093,0.0142,0.0441,0.0075,0.0060
754,0.0254,0.0578,0.0131,0.0090,0.0140,0.0394,0.0087,0.0053
755,0.0253,0.0504,0.0136,0.0088,0.0137,0.0346,0.0097,0.0046
756,0.0249,0.0142,0.0273,0.0145,0.0129,0.0104,0.0216,0.0112
757,0.0324,0.0140,0.0225,0.0313,0.0214,0.0103,0.0162,0.0223
758,0.0249,0.0359,0.0145,0.0088,0.0130,0.0254,0.0111,0.0046
759,0.0248,0.0290,0.0148,0.0089,0.0126,0.0209,0.0115,0.0049
760,0.0246,0.0226,0.0149,0.0089,0.0121,0.0165,0.0116,0.0051
761,0.0244,0.0168,0.0147,0.0089,0.0115,0.0125,0.0113,0.0051
762,0.0242,0.0120,0.0142,0.0089,0.0108,0.0087,0.0107,0.0049
763,0.0239,0.0147,0.0103,0.0074,0.0096,0.0086,0.0048,0.0037
764,0.0271,0.0141,0.0158,0.0103,0.0159,0.0099,0.0120,0.0073
765,0.0241,0.0091,0.0129,0.0088,0.0091,0.0048,0.0081,0.0043
766,0.0241,0.0106,0.0127,0.0090,0.0096,0.0072,0.0075,0.0052
767,0.0242,0.0125,0.0138,0.0095,0.0105,0.0090,0.0101,0.0064
768,0.0380,0.0141,0.0289,0.0346,0.0261,0.0103,0.0204,0.0244
769,0.0244,0.0138,0.0167,0.0107,0.0115,0.0101,0.0134,0.0078
770,0.0247,0.0143,0.0213,0.0124,0.0123,0.0105,0.0173,0.0095
771,0.0249,0.0142,0.0273,0.0145,0.0129,0.0104,0.0216,0.0112
772,0.0250,0.0136,0.0341,0.0169,0.0130,0.0099,0.0263,0.0130
773,0.0248,0.0130,0.0412,0.0191,0.0124,0.0092,0.0310,0.0146
774,0.0245,0.0126,0.0482,0.0209,0.0111,0.0087,0.0355,0.0158
775,0.0244,0.0126,0.0547,0.0221,0.0100,0.0086,0.0397,0.0166
776,0.0265,0.0136,0.0144,0.0099,0.0152,0.0090,0.0109,0.0069
777,0.0327,0.0423,0.0517,0.0529,0.0227,0.0295,0.0378,0.0369
778,0.0309,0.0362,0.0414,0.0516,0.0210,0.0255,0.0311,0.0361
779,0.0455,0.0134,0.0365,0.0378,0.0317,0.0098,0.0253,0.0264
780,0.0290,0.0298,0.0326,0.0489,0.0190,0.0213,0.0253,0.0344
781,0.0273,0.0235,0.0255,0.0451,0.0170,0.0171,0.0204,0.0320
782,0.0260,0.0177,0.0200,0.0404,0.0150,0.0131,0.0163,0.0289
783,0.0250,0.0130,0.0161,0.0350,0.0131,0.0094,0.0129,0.0254
784,0.0244,0.0100,0.0138,0.0291,0.0115,0.0063,0.0101,0.0215
785,0.0241,0.0089,0.0128,0.0230,0.0101,0.0039,0.0079,0.0175
786,0.0240,0.0091,0.0128,0.0170,0.0090,0.0047,0.0075,0.0132
787,0.0241,0.0094,0.0131,0.0116,0.0096,0.0054,0.0088,0.0089
788,0.0260,0.0133,0.0131,0.0094,0.0145,0.0080,0.0098,0.0065
789,0.0241,0.0089,0.0138,0.0108,0.0101,0.0041,0.0100,0.0081
790,0.0244,0.0135,0.0094,0.0077,0.0114,0.0085,0.0057,0.0046
791,0.0241,0.0093,0.0138,0.0161,0.0097,0.0052,0.0100,0.0125
792,0.0241,0.0114,0.0135,0.0224,0.0091,0.0080,0.0095,0.0171
793,0.0242,0.0155,0.0130,0.0292,0.0105,0.0115,0.0086,0.0216
794,0.0247,0.0212,0.0127,0.0362,0.0124,0.0155,0.0071,0.0262
795,0.0260,0.0277,0.0133,0.0432,0.0151,0.0198,0.0091,0.0307
796,0.0286,0.0345,0.0158,0.0503,0.0185,0.0242,0.0125,0.0352
797,0.0329,0.0409,0.0208,0.0571,0.0228,0.0283,0.0170,0.0396
798,0.0392,0.0463,0.0286,0.0634,0.0281,0.0317,0.0227,0.0436
799,0.0476,0.0501,0.0389,0.0691,0.0343,0.0342,0.0297,0.0473
800,0.0255,0.0131,0.0119,0.0090,0.0137,0.0072,0.0087,0.0061
801,0.0284,0.0256,0.0281,0.0102,0.0177,0.0187,0.0200,0.0081
802,0.0325,0.0606,0.0573,0.0141,0.0226,0.0413,0.0419,0.0110
803,0.0313,0.0541,0.0506,0.0134,0.0215,0.0372,0.0376,0.0105
804,0.0302,0.0478,0.0442,0.0127,0.0204,0.0332,0.0334,0.0099
805,0.0291,0.0417,0.0379,0.0121,0.0192,0.0292,0.0292,0.0093
806,0.0281,0.0358,0.0320,0.0114,0.0180,0.0254,0.0252,0.0087
807,0.0271,0.0301,0.0264,0.0108,0.0168,0.0217,0.0213,0.0081
808,0.0262,0.0248,0.0213,0.0102,0.0155,0.0181,0.0175,0.0074
809,0.0255,0.0198,0.0170,0.0097,0.0142,0.0147,0.0138,0.0067
810,0.0249,0.0153,0.0139,0.0093,0.0128,0.0114,0.0103,0.0060
811,0.0244,0.0116,0.0127,0.0090,0.0114,0.0082,0.0069,0.0053
812,0.0276,0.0226,0.0247,0.0097,0.0168,0.0167,0.0178,0.0076
813,0.0250,0.0130,0.0109,0.0086,0.0129,0.0067,0.0077,0.0057
814,0.0241,0.0090,0.0159,0.0088,0.0092,0.0046,0.0127,0.0044
815,0.0242,0.0108,0.0191,0.0090,0.0107,0.0074,0.0157,0.0053
816,0.0247,0.0134,0.0226,0.0094,0.0123,0.0099,0.0184,0.0062
817,0.0253,0.0163,0.0260,0.0100,0.0139,0.0122,0.0210,0.0071
818,0.0263,0.0193,0.0294,0.0108,0.0156,0.0143,0.0234,0.0081
819,0.0275,0.0221,0.0326,0.0119,0.0173,0.0163,0.0256,0.0091
820,0.0290,0.0246,0.0356,0.0130,0.0191,0.0180,0.0277,0.0102
821,0.0307,0.0269,0.0383,0.0143,0.0208,0.0195,0.0295,0.0112
822,0.0325,0.0289,0.0407,0.0158,0.0227,0.0208,0.0311,0.0124
823,0.0268,0.0198,0.0216,0.0091,0.0159,0.0147,0.0157,0.0071
824,0.0346,0.0306,0.0429,0.0174,0.0245,0.0220,0.0325,0.0135
825,0.0246,0.0131,0.0101,0.0082,0.0121,0.0074,0.0067,0.0052
826,0.0275,0.0305,0.0265,0.0128,0.0169,0.0213,0.0203,0.0099
827,0.0257,0.0181,0.0167,0.0112,0.0141,0.0134,0.0125,0.0083
828,0.0248,0.0129,0.0223,0.0100,0.0117,0.0091,0.0181,0.0061
829,0.0270,0.0198,0.0300,0.0118,0.0158,0.0142,0.0237,0.0086
830,0.0250,0.0103,0.0155,0.0102,0.0127,0.0062,0.0111,0.0068
831,0.0247,0.0111,0.0149,0.0135,0.0115,0.0077,0.0099,0.0066
832,0.0247,0.0109,0.0150,0.0122,0.0113,0.0074,0.0102,0.0065
833,0.0247,0.0107,0.0151,0.0112,0.0112,0.0070,0.0105,0.0065
834,0.0233,0.0102,0.0083,0.0068,0.0076,0.0066,0.0044,0.0040
835,0.0261,0.0172,0.0186,0.0086,0.0149,0.0128,0.0136,0.0066
836,0.0246,0.0105,0.0153,0.0105,0.0111,0.0067,0.0108,0.0064
837,0.0246,0.0103,0.0154,0.0101,0.0110,0.0064,0.0111,0.0064
838,0.0243,0.0133,0.0094,0.0078,0.0113,0.0082,0.0057,0.0048
839,0.0246,0.0101,0.0157,0.0104,0.0110,0.0058,0.0116,0.0069
840,0.0246,0.0100,0.0159,0.0111,0.0110,0.0056,0.0119,0.0073
841,0.0246,0.0099,0.0161,0.0120,0.0111,0.0053,0.0121,0.0076
842,0.0246,0.0099,0.0162,0.0132,0.0112,0.0051,0.0123,0.0080
843,0.0247,0.0099,0.0164,0.0145,0.0113,0.0049,0.0125,0.0083
844,0.0268,0.0848,0.0148,0.0100,0.0163,0.0572,0.0095,0.0063
845,0.0267,0.0762,0.0146,0.0098,0.0160,0.0517,0.0081,0.0055
846,0.0255,0.0148,0.0157,0.0081,0.0139,0.0110,0.0115,0.0061
847,0.0265,0.0675,0.0148,0.0098,0.0157,0.0462,0.0095,0.0053
848,0.0263,0.0589,0.0153,0.0099,0.0154,0.0407,0.0107,0.0060
849,0.0257,0.0187,0.0289,0.0151,0.0142,0.0143,0.0233,0.0120
850,0.0240,0.0136,0.0091,0.0075,0.0104,0.0089,0.0048,0.0043
851,0.0258,0.0420,0.0163,0.0103,0.0145,0.0299,0.0125,0.0069
852,0.0256,0.0339,0.0167,0.0104,0.0140,0.0247,0.0130,0.0072
853,0.0253,0.0262,0.0168,0.0105,0.0134,0.0196,0.0131,0.0073
854,0.0250,0.0193,0.0167,0.0104,0.0127,0.0148,0.0130,0.0072
855,0.0248,0.0136,0.0163,0.0103,0.0119,0.0103,0.0124,0.0069
856,0.0245,0.0103,0.0149,0.0099,0.0100,0.0062,0.0098,0.0057
857,0.0249,0.0127,0.0131,0.0076,0.0130,0.0092,0.0096,0.0055
858,0.0245,0.0126,0.0146,0.0098,0.0100,0.0093,0.0083,0.0053
859,0.0246,0.0152,0.0154,0.0102,0.0111,0.0116,0.0110,0.0066
860,0.0249,0.0172,0.0181,0.0111,0.0123,0.0132,0.0145,0.0082
861,0.0253,0.0184,0.0227,0.0128,0.0134,0.0141,0.0186,0.0101
862,0.0237,0.0139,0.0089,0.0072,0.0095,0.0096,0.0039,0.0038
863,0.0257,0.0187,0.0289,0.0151,0.0142,0.0143,0.0233,0.0120
864,0.0259,0.0184,0.0361,0.0176,0.0147,0.0141,0.0283,0.0140
865,0.0259,0.0180,0.0437,0.0202,0.0146,0.0137,0.0334,0.0159
866,0.0256,0.0177,0.0512,0.0224,0.0137,0.0134,0.0383,0.0174
867,0.0251,0.0179,0.0583,0.0241,0.0120,0.0135,0.0428,0.0186
868,0.0243,0.0110,0.0109,0.0072,0.0119,0.0075,0.0076,0.0049
869,0.0343,0.0496,0.0580,0.0791,0.0244,0.0348,0.0427,0.0544
870,0.0321,0.0420,0.0468,0.0761,0.0224,0.0299,0.0354,0.0525
871,0.0299,0.0343,0.0372,0.0714,0.0202,0.0249,0.0291,0.0495
872,0.0280,0.0267,0.0293,0.0654,0.0179,0.0199,0.0236,0.0456
873,0.0265,0.0199,0.0232,0.0582,0.0157,0.0152,0.0191,0.0411
874,0.0236,0.0143,0.0090,0.0070,0.0086,0.0102,0.0045,0.0033
875,0.0254,0.0144,0.0188,0.0503,0.0136,0.0109,0.0152,0.0360
876,0.0248,0.0110,0.0161,0.0417,0.0118,0.0074,0.0121,0.0305
877,0.0245,0.0099,0.0148,0.0329,0.0103,0.0047,0.0095,0.0247
878,0.0245,0.0101,0.0146,0.0240,0.0097,0.0058,0.0086,0.0187
879,0.0239,0.0098,0.0091,0.0069,0.0109,0.0059,0.0058,0.0043
880,0.0246,0.0104,0.0150,0.0156,0.0105,0.0065,0.0102,0.0126
881,0.0246,0.0098,0.0160,0.0124,0.0111,0.0047,0.0120,0.0097
882,0.0246,0.0105,0.0162,0.0201,0.0107,0.0067,0.0122,0.0160
883,0.0245,0.0135,0.0160,0.0293,0.0098,0.0102,0.0119,0.0223
884,0.0246,0.0189,0.0155,0.0390,0.0108,0.0144,0.0111,0.0287
885,0.0251,0.0260,0.0149,0.0489,0.0129,0.0193,0.0097,0.0350
886,0.0239,0.0145,0.0104,0.0075,0.0092,0.0079,0.0054,0.0041
887,0.0236,0.0151,0.0097,0.0068,0.0084,0.0114,0.0061,0.0026
888,0.0265,0.0341,0.0147,0.0587,0.0157,0.0246,0.0086,0.0414
889,0.0291,0.0425,0.0162,0.0685,0.0192,0.0300,0.0121,0.0476
890,0.0236,0.0092,0.0081,0.0067,0.0098,0.0043,0.0040,0.0037
891,0.0335,0.0505,0.0204,0.0779,0.0237,0.0351,0.0167,0.0535
892,0.0400,0.0575,0.0278,0.0867,0.0291,0.0396,0.0226,0.0591
893,0.0486,0.0628,0.0384,0.0946,0.0355,0.0429,0.0300,0.0642
894,0.0336,0.0681,0.0641,0.0158,0.0239,0.0469,0.0473,0.0127
895,0.0324,0.0608,0.0567,0.0151,0.0228,0.0422,0.0424,0.0122
896,0.0312,0.0537,0.0495,0.0145,0.0216,0.0377,0.0377,0.0117
897,0.0301,0.0469,0.0425,0.0138,0.0204,0.0333,0.0330,0.0111
898,0.0290,0.0402,0.0358,0.0132,0.0192,0.0289,0.0285,0.0105
899,0.0237,0.0155,0.0102,0.0069,0.0094,0.0118,0.0069,0.0031
900,0.0280,0.0338,0.0296,0.0126,0.0179,0.0248,0.0241,0.0099
901,0.0234,0.0092,0.0081,0.0067,0.0087,0.0045,0.0037,0.0033
902,0.0270,0.0278,0.0240,0.0120,0.0166,0.0208,0.0199,0.0093
903,0.0262,0.0221,0.0191,0.0114,0.0153,0.0168,0.0157,0.0086
904,0.0255,0.0170,0.0158,0.0109,0.0139,0.0131,0.0117,0.0079
905,0.0250,0.0128,0.0145,0.0104,0.0125,0.0095,0.0079,0.0072
906,0.0245,0.0101,0.0183,0.0099,0.0095,0.0058,0.0148,0.0056
907,0.0246,0.0121,0.0219,0.0098,0.0108,0.0088,0.0181,0.0051
908,0.0250,0.0153,0.0258,0.0099,0.0125,0.0117,0.0213,0.0060
909,0.0256,0.0187,0.0298,0.0103,0.0142,0.0144,0.0242,0.0069
910,0.0266,0.0221,0.0336,0.0108,0.0159,0.0169,0.0269,0.0078
911,0.0240,0.0159,0.0108,0.0071,0.0104,0.0123,0.0076,0.0037
912,0.0252,0.0132,0.0103,0.0078,0.0130,0.0072,0.0070,0.0048
913,0.0277,0.0253,0.0372,0.0116,0.0176,0.0191,0.0294,0.0088
914,0.0292,0.0283,0.0405,0.0125,0.0194,0.0211,0.0317,0.0099
915,0.0309,0.0310,0.0436,0.0137,0.0213,0.0229,0.0338,0.0110
916,0.0328,0.0334,0.0465,0.0150,0.0232,0.0245,0.0357,0.0121
917,0.0349,0.0355,0.0490,0.0164,0.0251,0.0259,0.0373,0.0132
918,0.0267,0.0210,0.0325,0.0119,0.0152,0.0152,0.0261,0.0085
919,0.0361,0.0300,0.0429,0.0189,0.0246,0.0214,0.0333,0.0145
920,0.0512,0.0297,0.0444,0.0308,0.0353,0.0216,0.0346,0.0218
921,0.0629,0.0267,0.0426,0.0402,0.0432,0.0196,0.0335,0.0277
922,0.0257,0.0112,0.0179,0.0121,0.0138,0.0065,0.0132,0.0090
923,0.0233,0.0107,0.0102,0.0071,0.0085,0.0072,0.0070,0.0047
924,0.0244,0.0163,0.0114,0.0075,0.0115,0.0126,0.0082,0.0043
925,0.0253,0.0118,0.0175,0.0156,0.0125,0.0076,0.0123,0.0088
926,0.0253,0.0116,0.0176,0.0142,0.0124,0.0073,0.0126,0.0087
927,0.0253,0.0114,0.0177,0.0130,0.0122,0.0070,0.0129,0.0087
928,0.0252,0.0113,0.0179,0.0122,0.0121,0.0066,0.0132,0.0087
929,0.0252,0.0112,0.0181,0.0118,0.0121,0.0063,0.0135,0.0086
930,0.0252,0.0110,0.0185,0.0125,0.0120,0.0055,0.0142,0.0094
931,0.0252,0.0109,0.0188,0.0135,0.0120,0.0052,0.0146,0.0099
932,0.0252,0.0109,0.0190,0.0147,0.0120,0.0049,0.0149,0.0104
933,0.0252,0.0109,0.0193,0.0162,0.0121,0.0053,0.0153,0.0109
934,0.0236,0.0118,0.0118,0.0076,0.0097,0.0084,0.0085,0.0054
935,0.0252,0.0110,0.0196,0.0179,0.0122,0.0056,0.0157,0.0114
936,0.0249,0.0166,0.0121,0.0079,0.0126,0.0130,0.0089,0.0050
937,0.0282,0.0963,0.0173,0.0111,0.0181,0.0647,0.0118,0.0066
938,0.0279,0.0864,0.0169,0.0113,0.0178,0.0585,0.0100,0.0074
939,0.0277,0.0765,0.0170,0.0116,0.0174,0.0523,0.0107,0.0081
940,0.0274,0.0666,0.0174,0.0119,0.0170,0.0460,0.0122,0.0088
941,0.0265,0.0251,0.0295,0.0152,0.0154,0.0190,0.0243,0.0125
942,0.0268,0.0472,0.0186,0.0125,0.0160,0.0336,0.0144,0.0096
943,0.0264,0.0379,0.0191,0.0126,0.0154,0.0276,0.0150,0.0098
944,0.0261,0.0291,0.0194,0.0127,0.0147,0.0217,0.0154,0.0099
945,0.0233,0.0106,0.0081,0.0068,0.0078,0.0070,0.0032,0.0040
946,0.0240,0.0131,0.0135,0.0082,0.0110,0.0096,0.0099,0.0062
947,0.0258,0.0210,0.0193,0.0126,0.0139,0.0161,0.0153,0.0098
948,0.0255,0.0145,0.0190,0.0123,0.0130,0.0108,0.0148,0.0094
949,0.0255,0.0168,0.0127,0.0085,0.0137,0.0132,0.0094,0.0056
950,0.0250,0.0121,0.0175,0.0115,0.0109,0.0081,0.0123,0.0080
951,0.0250,0.0156,0.0169,0.0111,0.0103,0.0118,0.0102,0.0069
952,0.0251,0.0193,0.0172,0.0111,0.0116,0.0148,0.0116,0.0067
953,0.0255,0.0222,0.0192,0.0117,0.0130,0.0170,0.0151,0.0084
954,0.0259,0.0242,0.0234,0.0131,0.0143,0.0183,0.0194,0.0103
955,0.0265,0.0251,0.0295,0.0152,0.0154,0.0190,0.0243,0.0125
956,0.0269,0.0253,0.0368,0.0178,0.0162,0.0191,0.0296,0.0147
957,0.0245,0.0143,0.0152,0.0089,0.0123,0.0106,0.0112,0.0069
958,0.0271,0.0252,0.0448,0.0206,0.0164,0.0190,0.0350,0.0168
959,0.0269,0.0252,0.0527,0.0232,0.0160,0.0190,0.0403,0.0186
960,0.0263,0.0257,0.0603,0.0252,0.0148,0.0193,0.0452,0.0200
961,0.0263,0.0170,0.0133,0.0092,0.0149,0.0134,0.0099,0.0063
962,0.0357,0.0583,0.0632,0.1066,0.0259,0.0406,0.0472,0.0727
963,0.0331,0.0492,0.0512,0.1017,0.0235,0.0349,0.0393,0.0696
964,0.0307,0.0401,0.0409,0.0949,0.0210,0.0290,0.0325,0.0653
965,0.0285,0.0313,0.0324,0.0866,0.0185,0.0232,0.0266,0.0601
966,0.0269,0.0233,0.0259,0.0770,0.0161,0.0177,0.0216,0.0540
967,0.0258,0.0169,0.0212,0.0665,0.0140,0.0129,0.0173,0.0472
968,0.0253,0.0155,0.0169,0.0098,0.0136,0.0115,0.0124,0.0077
969,0.0252,0.0127,0.0183,0.0553,0.0120,0.0088,0.0138,0.0401
970,0.0250,0.0111,0.0170,0.0436,0.0105,0.0058,0.0109,0.0325
971,0.0250,0.0110,0.0170,0.0319,0.0107,0.0058,0.0105,0.0248
972,0.0251,0.0112,0.0175,0.0205,0.0116,0.0064,0.0124,0.0169
973,0.0272,0.0171,0.0139,0.0100,0.0161,0.0135,0.0104,0.0070
974,0.0252,0.0110,0.0190,0.0138,0.0120,0.0057,0.0148,0.0112
975,0.0251,0.0125,0.0193,0.0240,0.0116,0.0086,0.0153,0.0193
976,0.0250,0.0167,0.0193,0.0360,0.0106,0.0127,0.0152,0.0275
977,0.0251,0.0235,0.0188,0.0486,0.0112,0.0178,0.0145,0.0357
978,0.0256,0.0321,0.0179,0.0613,0.0134,0.0235,0.0132,0.0439
979,0.0262,0.0165,0.0185,0.0108,0.0150,0.0123,0.0135,0.0086
980,0.0270,0.0418,0.0171,0.0740,0.0163,0.0298,0.0110,0.0519
981,0.0298,0.0518,0.0173,0.0865,0.0200,0.0362,0.0114,0.0599
982,0.0344,0.0615,0.0201,0.0985,0.0246,0.0424,0.0161,0.0675
983,0.0410,0.0702,0.0268,0.1098,0.0302,0.0479,0.0223,0.0746
984,0.0498,0.0770,0.0372,0.1199,0.0367,0.0522,0.0301,0.0811
985,0.0282,0.0172,0.0144,0.0108,0.0173,0.0136,0.0108,0.0077
986,0.0348,0.0744,0.0703,0.0179,0.0252,0.0513,0.0524,0.0148
987,0.0335,0.0664,0.0621,0.0173,0.0240,0.0462,0.0470,0.0143
988,0.0323,0.0585,0.0541,0.0166,0.0228,0.0411,0.0418,0.0138
989,0.0311,0.0508,0.0464,0.0160,0.0216,0.0362,0.0366,0.0133
990,0.0273,0.0175,0.0199,0.0119,0.0164,0.0131,0.0145,0.0094
991,0.0299,0.0434,0.0391,0.0154,0.0203,0.0314,0.0316,0.0127
992,0.0289,0.0364,0.0323,0.0148,0.0191,0.0267,0.0267,0.0121
993,0.0279,0.0296,0.0262,0.0141,0.0177,0.0222,0.0220,0.0115
994,0.0270,0.0234,0.0212,0.0135,0.0164,0.0179,0.0174,0.0109
995,0.0262,0.0178,0.0178,0.0130,0.0150,0.0137,0.0130,0.0102
996,0.0256,0.0134,0.0168,0.0124,0.0135,0.0097,0.0098,0.0096
997,0.0293,0.0172,0.0148,0.0117,0.0185,0.0135,0.0112,0.0084
998,0.0250,0.0116,0.0215,0.0115,0.0105,0.0073,0.0177,0.0081
999,0.0250,0.0145,0.0256,0.0112,0.0110,0.0108,0.0215,0.0073
1000,0.0253,0.0182,0.0299,0.0111,0.0126,0.0140,0.0249,0.0064
1001,0.0285,0.0183,0.0213,0.0131,0.0178,0.0137,0.0154,0.0103
1002,0.0259,0.0223,0.0344,0.0111,0.0143,0.0171,0.0283,0.0064
1003,0.0268,0.0261,0.0386,0.0112,0.0161,0.0198,0.0313,0.0073
1004,0.0280,0.0299,0.0427,0.0116,0.0179,0.0224,0.0341,0.0083
1005,0.0294,0.0334,0.0465,0.0122,0.0197,0.0247,0.0367,0.0093
1006,0.0311,0.0365,0.0500,0.0131,0.0216,0.0268,0.0391,0.0104
1007,0.0329,0.0392,0.0532,0.0140,0.0235,0.0286,0.0412,0.0114
1008,0.0351,0.0417,0.0561,0.0152,0.0254,0.0302,0.0431,0.0126
1009,0.0323,0.0156,0.0104,0.0210,0.0224,0.0106,0.0051,0.0151
1010,0.0370,0.0630,0.0658,0.0152,0.0249,0.0406,0.0405,0.0103
1011,0.0297,0.0268,0.0290,0.0111,0.0187,0.0191,0.0190,0.0074
1012,0.0299,0.0190,0.0225,0.0143,0.0192,0.0142,0.0163,0.0112
1013,0.0405,0.0146,0.0160,0.0213,0.0268,0.0105,0.0118,0.0135
1014,0.0402,0.0143,0.0146,0.0254,0.0267,0.0104,0.0102,0.0167
1015,0.0233,0.0126,0.0088,0.0064,0.0077,0.0087,0.0053,0.0026
1016,0.0234,0.0125,0.0085,0.0066,0.0084,0.0086,0.0046,0.0032
1017,0.0233,0.0129,0.0087,0.0065,0.0083,0.0091,0.0051,0.0031
1018,0.0233,0.0132,0.0090,0.0065,0.0082,0.0096,0.0055,0.0029
1019,0.0233,0.0134,0.0091,0.0064,0.0082,0.0098,0.0058,0.0027
1020,0.0233,0.0135,0.0093,0.0064,0.0083,0.0100,0.0059,0.0025
1021,0.0312,0.0158,0.0103,0.0189,0.0214,0.0109,0.0047,0.0137
1022,0.0234,0.0135,0.0093,0.0064,0.0085,0.0100,0.0059,0.0022
1023,0.0313,0.0196,0.0236,0.0156,0.0206,0.0146,0.0170,0.0121
1024,0.0234,0.0133,0.0091,0.0064,0.0088,0.0097,0.0058,0.0025
1025,0.0234,0.0130,0.0090,0.0065,0.0090,0.0094,0.0055,0.0028
1026,0.0235,0.0127,0.0088,0.0066,0.0094,0.0089,0.0051,0.0031
1027,0.0236,0.0124,0.0085,0.0068,0.0097,0.0083,0.0046,0.0035
1028,0.0236,0.0179,0.0083,0.0158,0.0101,0.0142,0.0034,0.0111
1029,0.0236,0.0160,0.0084,0.0139,0.0097,0.0125,0.0042,0.0099
1030,0.0235,0.0143,0.0086,0.0122,0.0093,0.0109,0.0049,0.0086
1031,0.0234,0.0130,0.0090,0.0107,0.0090,0.0093,0.0055,0.0075
1032,0.0245,0.0121,0.0132,0.0064,0.0124,0.0064,0.0098,0.0025
1033,0.0302,0.0159,0.0103,0.0169,0.0203,0.0111,0.0043,0.0123
1034,0.0266,0.0134,0.0118,0.0081,0.0152,0.0081,0.0085,0.0051
1035,0.0234,0.0117,0.0096,0.0082,0.0084,0.0064,0.0064,0.0054
1036,0.0233,0.0117,0.0098,0.0074,0.0081,0.0065,0.0066,0.0045
1037,0.0233,0.0120,0.0099,0.0068,0.0078,0.0076,0.0068,0.0036
1038,0.0233,0.0126,0.0099,0.0065,0.0079,0.0086,0.0067,0.0029
1039,0.0233,0.0131,0.0097,0.0064,0.0082,0.0095,0.0065,0.0024
1040,0.0234,0.0138,0.0088,0.0064,0.0086,0.0103,0.0053,0.0026
1041,0.0234,0.0138,0.0085,0.0064,0.0089,0.0103,0.0043,0.0027
1042,0.0235,0.0134,0.0084,0.0064,0.0093,0.0099,0.0040,0.0027
1043,0.0236,0.0129,0.0091,0.0064,0.0099,0.0091,0.0057,0.0025
1044,0.0239,0.0123,0.0107,0.0064,0.0109,0.0079,0.0076,0.0023
1045,0.0329,0.0634,0.0619,0.0127,0.0214,0.0386,0.0388,0.0097
1046,0.0292,0.0160,0.0103,0.0150,0.0193,0.0112,0.0044,0.0109
1047,0.0245,0.0121,0.0132,0.0064,0.0124,0.0064,0.0098,0.0025
1048,0.0258,0.0123,0.0163,0.0065,0.0145,0.0077,0.0121,0.0027
1049,0.0283,0.0133,0.0197,0.0065,0.0176,0.0095,0.0145,0.0026
1050,0.0324,0.0146,0.0232,0.0065,0.0215,0.0112,0.0168,0.0024
1051,0.0384,0.0161,0.0265,0.0067,0.0265,0.0126,0.0190,0.0031
1052,0.0237,0.0229,0.0131,0.0694,0.0091,0.0180,0.0096,0.0452
1053,0.0236,0.0224,0.0102,0.0620,0.0090,0.0177,0.0068,0.0406
1054,0.0235,0.0216,0.0090,0.0550,0.0087,0.0171,0.0046,0.0362
1055,0.0234,0.0205,0.0090,0.0482,0.0082,0.0163,0.0048,0.0319
1056,0.0233,0.0106,0.0085,0.0069,0.0081,0.0071,0.0047,0.0043
1057,0.0271,0.0290,0.0277,0.0091,0.0158,0.0184,0.0188,0.0068
1058,0.0234,0.0192,0.0095,0.0416,0.0081,0.0153,0.0060,0.0277
1059,0.0300,0.0157,0.0118,0.0111,0.0200,0.0108,0.0078,0.0080
1060,0.0234,0.0179,0.0101,0.0350,0.0084,0.0142,0.0069,0.0236
1061,0.0234,0.0166,0.0104,0.0284,0.0087,0.0132,0.0073,0.0194
1062,0.0234,0.0155,0.0105,0.0219,0.0088,0.0122,0.0074,0.0152
1063,0.0234,0.0147,0.0103,0.0154,0.0088,0.0113,0.0072,0.0108
1064,0.0234,0.0140,0.0099,0.0094,0.0087,0.0106,0.0067,0.0064
1065,0.0233,0.0133,0.0087,0.0099,0.0079,0.0097,0.0050,0.0068
1066,0.0234,0.0132,0.0083,0.0162,0.0084,0.0095,0.0039,0.0114
1067,0.0235,0.0132,0.0084,0.0231,0.0094,0.0095,0.0043,0.0159
1068,0.0318,0.0180,0.0229,0.0159,0.0200,0.0123,0.0168,0.0117
1069,0.0238,0.0133,0.0094,0.0301,0.0108,0.0096,0.0061,0.0205
1070,0.0246,0.0134,0.0112,0.0370,0.0126,0.0098,0.0081,0.0249
1071,0.0334,0.0287,0.0356,0.0145,0.0226,0.0206,0.0238,0.0102
1072,0.0273,0.0161,0.0103,0.0115,0.0170,0.0113,0.0047,0.0084
1073,0.0261,0.0136,0.0141,0.0437,0.0149,0.0100,0.0104,0.0291
1074,0.0286,0.0136,0.0178,0.0501,0.0179,0.0101,0.0132,0.0332
1075,0.0325,0.0134,0.0225,0.0563,0.0217,0.0098,0.0164,0.0370
1076,0.0381,0.0129,0.0281,0.0621,0.0264,0.0092,0.0202,0.0407
1077,0.0458,0.0123,0.0348,0.0676,0.0321,0.0080,0.0245,0.0441
1078,0.0284,0.0176,0.0208,0.0107,0.0180,0.0140,0.0154,0.0075
1079,0.0474,0.0143,0.0232,0.0294,0.0318,0.0093,0.0172,0.0199
1080,0.0277,0.0159,0.0184,0.0101,0.0171,0.0125,0.0137,0.0071
1081,0.0270,0.0144,0.0162,0.0096,0.0163,0.0111,0.0121,0.0066
1082,0.0263,0.0132,0.0141,0.0090,0.0154,0.0096,0.0105,0.0061
1083,0.0257,0.0124,0.0122,0.0085,0.0145,0.0083,0.0089,0.0056
1084,0.0264,0.0160,0.0103,0.0101,0.0159,0.0113,0.0048,0.0071
1085,0.0251,0.0118,0.0105,0.0080,0.0136,0.0070,0.0074,0.0051
1086,0.0246,0.0117,0.0093,0.0075,0.0126,0.0057,0.0060,0.0046
1087,0.0241,0.0118,0.0085,0.0071,0.0116,0.0069,0.0046,0.0041
1088,0.0238,0.0122,0.0083,0.0067,0.0106,0.0080,0.0035,0.0035
1089,0.0235,0.0128,0.0086,0.0065,0.0095,0.0090,0.0047,0.0029
1090,0.0234,0.0090,0.0103,0.0068,0.0089,0.0050,0.0074,0.0036
1091,0.0233,0.0143,0.0103,0.0064,0.0081,0.0110,0.0072,0.0026
1092,0.0235,0.0152,0.0114,0.0066,0.0093,0.0118,0.0083,0.0032
1093,0.0238,0.0160,0.0127,0.0070,0.0105,0.0126,0.0094,0.0039
1094,0.0242,0.0168,0.0139,0.0075,0.0118,0.0133,0.0103,0.0047
1095,0.0249,0.0174,0.0150,0.0083,0.0131,0.0139,0.0112,0.0054
1096,0.0257,0.0159,0.0103,0.0088,0.0147,0.0111,0.0047,0.0059
1097,0.0257,0.0180,0.0161,0.0091,0.0144,0.0144,0.0121,0.0062
1098,0.0266,0.0185,0.0172,0.0101,0.0158,0.0148,0.0128,0.0070
1099,0.0278,0.0189,0.0181,0.0111,0.0172,0.0151,0.0135,0.0079
1100,0.0291,0.0192,0.0189,0.0123,0.0186,0.0153,0.0140,0.0087
1101,0.0233,0.0081,0.0091,0.0077,0.0082,0.0028,0.0057,0.0045
1102,0.0304,0.0194,0.0196,0.0135,0.0200,0.0154,0.0145,0.0096
1103,0.0355,0.0629,0.0634,0.0141,0.0240,0.0397,0.0387,0.0096
1104,0.0288,0.0271,0.0275,0.0101,0.0180,0.0187,0.0178,0.0068
1105,0.0482,0.0137,0.0183,0.0297,0.0328,0.0089,0.0129,0.0190
1106,0.0414,0.0129,0.0174,0.0265,0.0272,0.0077,0.0119,0.0176
1107,0.0233,0.0109,0.0091,0.0064,0.0080,0.0070,0.0054,0.0030
1108,0.0250,0.0157,0.0103,0.0079,0.0134,0.0108,0.0047,0.0048
1109,0.0233,0.0110,0.0089,0.0067,0.0089,0.0071,0.0052,0.0031
1110,0.0233,0.0113,0.0092,0.0066,0.0088,0.0076,0.0056,0.0029
1111,0.0233,0.0115,0.0094,0.0065,0.0087,0.0079,0.0059,0.0028
1112,0.0233,0.0082,0.0093,0.0074,0.0081,0.0032,0.0060,0.0045
1113,0.0233,0.0117,0.0096,0.0064,0.0087,0.0082,0.0061,0.0026
1114,0.0233,0.0118,0.0097,0.0063,0.0088,0.0083,0.0063,0.0024
1115,0.0233,0.0117,0.0097,0.0063,0.0090,0.0082,0.0063,0.0025
1116,0.0234,0.0116,0.0096,0.0064,0.0093,0.0080,0.0061,0.0028
1117,0.0234,0.0113,0.0094,0.0065,0.0095,0.0077,0.0059,0.0031
1118,0.0235,0.0111,0.0091,0.0067,0.0098,0.0073,0.0055,0.0035
1119,0.0236,0.0108,0.0088,0.0070,0.0102,0.0067,0.0051,0.0038
1120,0.0245,0.0155,0.0102,0.0074,0.0121,0.0104,0.0045,0.0037
1121,0.0233,0.0271,0.0082,0.0142,0.0081,0.0203,0.0033,0.0102
1122,0.0233,0.0236,0.0084,0.0125,0.0084,0.0180,0.0042,0.0089
1123,0.0233,0.0082,0.0094,0.0072,0.0079,0.0034,0.0063,0.0044
1124,0.0233,0.0203,0.0089,0.0109,0.0086,0.0156,0.0051,0.0078
1125,0.0233,0.0173,0.0094,0.0096,0.0087,0.0134,0.0058,0.0067
1126,0.0236,0.0109,0.0159,0.0076,0.0102,0.0061,0.0115,0.0048
1127,0.0233,0.0124,0.0104,0.0076,0.0090,0.0090,0.0070,0.0048
1128,0.0233,0.0110,0.0107,0.0070,0.0091,0.0071,0.0073,0.0041
1129,0.0234,0.0103,0.0108,0.0066,0.0091,0.0052,0.0074,0.0034
1130,0.0233,0.0104,0.0107,0.0064,0.0091,0.0058,0.0073,0.0029
1131,0.0233,0.0110,0.0103,0.0063,0.0090,0.0072,0.0070,0.0025
1132,0.0239,0.0149,0.0102,0.0073,0.0091,0.0092,0.0042,0.0037
1133,0.0233,0.0124,0.0090,0.0063,0.0088,0.0091,0.0054,0.0023
1134,0.0233,0.0083,0.0096,0.0071,0.0078,0.0036,0.0064,0.0044
1135,0.0233,0.0128,0.0084,0.0063,0.0086,0.0094,0.0040,0.0025
1136,0.0233,0.0127,0.0084,0.0064,0.0086,0.0093,0.0041,0.0029
1137,0.0233,0.0122,0.0096,0.0066,0.0088,0.0087,0.0062,0.0034
1138,0.0234,0.0115,0.0122,0.0070,0.0092,0.0076,0.0087,0.0041
1139,0.0236,0.0109,0.0159,0.0076,0.0102,0.0061,0.0115,0.0048
1140,0.0241,0.0109,0.0202,0.0082,0.0119,0.0060,0.0145,0.0055
1141,0.0255,0.0117,0.0248,0.0086,0.0143,0.0078,0.0175,0.0058
1142,0.0282,0.0129,0.0293,0.0086,0.0178,0.0094,0.0205,0.0059
1143,0.0328,0.0142,0.0336,0.0082,0.0222,0.0107,0.0232,0.0055
1144,0.0240,0.0146,0.0103,0.0078,0.0102,0.0083,0.0047,0.0046
1145,0.0233,0.0083,0.0096,0.0070,0.0078,0.0037,0.0065,0.0043
1146,0.0248,0.0269,0.0189,0.0471,0.0130,0.0202,0.0136,0.0313
1147,0.0245,0.0255,0.0138,0.0414,0.0126,0.0193,0.0100,0.0277
1148,0.0241,0.0238,0.0105,0.0361,0.0118,0.0181,0.0070,0.0244
1149,0.0238,0.0217,0.0089,0.0314,0.0108,0.0167,0.0046,0.0213
1150,0.0235,0.0195,0.0087,0.0269,0.0099,0.0151,0.0041,0.0185
1151,0.0234,0.0174,0.0092,0.0227,0.0090,0.0135,0.0054,0.0158
1152,0.0233,0.0155,0.0098,0.0187,0.0082,0.0119,0.0063,0.0131
1153,0.0233,0.0140,0.0102,0.0147,0.0083,0.0106,0.0068,0.0105
1154,0.0233,0.0129,0.0103,0.0110,0.0087,0.0095,0.0069,0.0078
1155,0.0233,0.0122,0.0102,0.0078,0.0089,0.0088,0.0068,0.0051
1156,0.0290,0.0141,0.0137,0.0084,0.0180,0.0098,0.0102,0.0054
1157,0.0245,0.0144,0.0104,0.0084,0.0121,0.0073,0.0053,0.0055
1158,0.0233,0.0117,0.0092,0.0077,0.0086,0.0082,0.0056,0.0050
1159,0.0233,0.0119,0.0086,0.0110,0.0081,0.0084,0.0046,0.0078
1160,0.0233,0.0123,0.0082,0.0149,0.0088,0.0089,0.0034,0.0106
1161,0.0235,0.0130,0.0085,0.0190,0.0100,0.0096,0.0044,0.0134
1162,0.0241,0.0140,0.0098,0.0231,0.0118,0.0105,0.0064,0.0160
1163,0.0253,0.0150,0.0124,0.0270,0.0142,0.0114,0.0088,0.0185
1164,0.0277,0.0160,0.0162,0.0307,0.0172,0.0122,0.0117,0.0209
1165,0.0316,0.0166,0.0213,0.0341,0.0212,0.0127,0.0153,0.0231
1166,0.0374,0.0166,0.0277,0.0374,0.0261,0.0128,0.0196,0.0252
1167,0.0233,0.0104,0.0098,0.0071,0.0086,0.0067,0.0066,0.0047
1168,0.0233,0.0083,0.0096,0.0070,0.0078,0.0036,0.0064,0.0044
1169,0.0453,0.0157,0.0354,0.0406,0.0321,0.0121,0.0246,0.0272
1170,0.0255,0.0145,0.0107,0.0092,0.0143,0.0079,0.0060,0.0063
1171,0.0296,0.0243,0.0270,0.0111,0.0194,0.0185,0.0192,0.0079
1172,0.0287,0.0214,0.0237,0.0105,0.0185,0.0165,0.0170,0.0075
1173,0.0279,0.0187,0.0205,0.0098,0.0176,0.0145,0.0149,0.0070
1174,0.0271,0.0162,0.0175,0.0092,0.0166,0.0126,0.0127,0.0064
1175,0.0263,0.0140,0.0147,0.0086,0.0156,0.0107,0.0107,0.0059
1176,0.0256,0.0123,0.0122,0.0080,0.0146,0.0089,0.0087,0.0053
1177,0.0249,0.0110,0.0101,0.0075,0.0135,0.0071,0.0067,0.0047
1178,0.0244,0.0104,0.0087,0.0070,0.0124,0.0055,0.0048,0.0041
1179,0.0233,0.0082,0.0094,0.0071,0.0079,0.0035,0.0063,0.0047
1180,0.0239,0.0103,0.0082,0.0066,0.0113,0.0054,0.0030,0.0035
1181,0.0235,0.0109,0.0086,0.0064,0.0101,0.0069,0.0047,0.0028
1182,0.0273,0.0149,0.0111,0.0101,0.0169,0.0093,0.0068,0.0071
1183,0.0233,0.0129,0.0113,0.0064,0.0082,0.0096,0.0079,0.0030
1184,0.0234,0.0142,0.0130,0.0068,0.0095,0.0108,0.0094,0.0037
1185,0.0237,0.0155,0.0148,0.0073,0.0108,0.0119,0.0107,0.0045
1186,0.0243,0.0167,0.0165,0.0081,0.0123,0.0129,0.0120,0.0054
1187,0.0250,0.0178,0.0182,0.0090,0.0137,0.0138,0.0132,0.0062
1188,0.0260,0.0188,0.0197,0.0100,0.0152,0.0146,0.0143,0.0071
1189,0.0271,0.0196,0.0211,0.0112,0.0167,0.0152,0.0152,0.0080
1190,0.0233,0.0082,0.0093,0.0073,0.0079,0.0032,0.0060,0.0049
1191,0.0285,0.0203,0.0223,0.0125,0.0182,0.0157,0.0161,0.0090
1192,0.0300,0.0208,0.0234,0.0139,0.0198,0.0161,0.0168,0.0100
1193,0.0316,0.0212,0.0243,0.0153,0.0214,0.0164,0.0174,0.0110
1194,0.0380,0.0464,0.0547,0.0170,0.0264,0.0315,0.0350,0.0119
1195,0.0300,0.0157,0.0118,0.0111,0.0200,0.0108,0.0078,0.0080
1196,0.0346,0.0631,0.0617,0.0135,0.0235,0.0391,0.0381,0.0094
1197,0.0283,0.0280,0.0268,0.0098,0.0178,0.0185,0.0177,0.0067
1198,0.0323,0.0193,0.0234,0.0159,0.0209,0.0141,0.0168,0.0107
1199,0.0507,0.0148,0.0224,0.0308,0.0344,0.0100,0.0162,0.0197
1200,0.0234,0.0093,0.0095,0.0069,0.0084,0.0048,0.0061,0.0034
1201,0.0233,0.0081,0.0091,0.0075,0.0081,0.0028,0.0057,0.0052
1202,0.0235,0.0094,0.0094,0.0075,0.0096,0.0050,0.0060,0.0033
1203,0.0235,0.0096,0.0097,0.0073,0.0094,0.0054,0.0064,0.0031
1204,0.0234,0.0097,0.0099,0.0071,0.0094,0.0057,0.0067,0.0030
1205,0.0234,0.0098,0.0101,0.0069,0.0094,0.0059,0.0069,0.0028
1206,0.0234,0.0099,0.0102,0.0068,0.0094,0.0060,0.0070,0.0026
1207,0.0340,0.0170,0.0127,0.0123,0.0237,0.0124,0.0088,0.0089
1208,0.0235,0.0099,0.0102,0.0068,0.0097,0.0060,0.0070,0.0029
1209,0.0235,0.0098,0.0101,0.0069,0.0099,0.0058,0.0068,0.0032
1210,0.0236,0.0096,0.0099,0.0071,0.0101,0.0055,0.0066,0.0035
1211,0.0236,0.0095,0.0097,0.0074,0.0104,0.0051,0.0063,0.0039
1212,0.0233,0.0081,0.0089,0.0079,0.0082,0.0030,0.0053,0.0055
1213,0.0237,0.0093,0.0094,0.0077,0.0108,0.0047,0.0059,0.0043
1214,0.0236,0.0381,0.0085,0.0129,0.0105,0.0267,0.0036,0.0094
1215,0.0237,0.0334,0.0087,0.0113,0.0106,0.0237,0.0047,0.0082
1216,0.0237,0.0288,0.0093,0.0100,0.0107,0.0207,0.0058,0.0071
1217,0.0237,0.0244,0.0099,0.0089,0.0107,0.0177,0.0067,0.0061
1218,0.0234,0.0100,0.0194,0.0100,0.0087,0.0055,0.0143,0.0071
1219,0.0394,0.0186,0.0138,0.0137,0.0281,0.0141,0.0099,0.0100
1220,0.0237,0.0164,0.0111,0.0074,0.0106,0.0121,0.0080,0.0045
1221,0.0237,0.0131,0.0115,0.0070,0.0105,0.0095,0.0083,0.0038
1222,0.0236,0.0106,0.0116,0.0069,0.0104,0.0070,0.0084,0.0033
1223,0.0233,0.0355,0.0090,0.0126,0.0082,0.0242,0.0055,0.0101
1224,0.0236,0.0093,0.0115,0.0068,0.0102,0.0047,0.0083,0.0029
1225,0.0235,0.0092,0.0110,0.0068,0.0099,0.0044,0.0078,0.0027
1226,0.0234,0.0108,0.0093,0.0068,0.0091,0.0073,0.0058,0.0029
1227,0.0234,0.0115,0.0086,0.0069,0.0087,0.0080,0.0042,0.0034
1228,0.0234,0.0118,0.0090,0.0072,0.0083,0.0082,0.0052,0.0040
1229,0.0234,0.0114,0.0109,0.0078,0.0086,0.0079,0.0078,0.0050
1230,0.0234,0.0107,0.0146,0.0088,0.0086,0.0069,0.0108,0.0060
1231,0.0465,0.0203,0.0151,0.0155,0.0334,0.0157,0.0109,0.0113
1232,0.0234,0.0100,0.0194,0.0100,0.0087,0.0055,0.0143,0.0071
1233,0.0236,0.0098,0.0248,0.0113,0.0099,0.0044,0.0179,0.0081
1234,0.0233,0.0314,0.0095,0.0113,0.0083,0.0216,0.0063,0.0091
1235,0.0241,0.0104,0.0305,0.0124,0.0119,0.0061,0.0216,0.0089
1236,0.0256,0.0114,0.0359,0.0129,0.0148,0.0076,0.0251,0.0093
1237,0.0288,0.0125,0.0410,0.0129,0.0187,0.0088,0.0283,0.0093
1238,0.0269,0.0307,0.0261,0.0248,0.0164,0.0220,0.0188,0.0174
1239,0.0262,0.0284,0.0194,0.0208,0.0156,0.0204,0.0144,0.0148
1240,0.0254,0.0255,0.0143,0.0175,0.0144,0.0185,0.0106,0.0126
1241,0.0246,0.0224,0.0108,0.0149,0.0130,0.0164,0.0076,0.0108
1242,0.0240,0.0192,0.0092,0.0129,0.0117,0.0142,0.0052,0.0094
1243,0.0551,0.0221,0.0164,0.0176,0.0394,0.0172,0.0120,0.0128
1244,0.0236,0.0163,0.0089,0.0112,0.0104,0.0121,0.0042,0.0081
1245,0.0233,0.0275,0.0100,0.0101,0.0084,0.0190,0.0069,0.0082
1246,0.0234,0.0138,0.0093,0.0098,0.0093,0.0101,0.0056,0.0070
1247,0.0234,0.0120,0.0098,0.0087,0.0084,0.0084,0.0065,0.0059
1248,0.0234,0.0108,0.0102,0.0077,0.0089,0.0072,0.0070,0.0049
1249,0.0234,0.0101,0.0103,0.0070,0.0093,0.0064,0.0072,0.0038
1250,0.0235,0.0100,0.0098,0.0069,0.0095,0.0062,0.0066,0.0035
1251,0.0234,0.0105,0.0093,0.0075,0.0091,0.0068,0.0058,0.0046
1252,0.0234,0.0115,0.0087,0.0084,0.0085,0.0079,0.0047,0.0057
1253,0.0235,0.0130,0.0086,0.0095,0.0097,0.0093,0.0038,0.0067
1254,0.0239,0.0150,0.0093,0.0106,0.0115,0.0110,0.0057,0.0076
1255,0.0278,0.0155,0.0109,0.1134,0.0176,0.0099,0.0054,0.0735
1256,0.0233,0.0236,0.0104,0.0092,0.0084,0.0165,0.0075,0.0073
1257,0.0251,0.0173,0.0114,0.0116,0.0139,0.0127,0.0082,0.0084
1258,0.0273,0.0196,0.0152,0.0125,0.0171,0.0143,0.0113,0.0091
1259,0.0313,0.0215,0.0205,0.0133,0.0212,0.0156,0.0152,0.0097
1260,0.0372,0.0225,0.0276,0.0141,0.0263,0.0164,0.0199,0.0103
1261,0.0454,0.0225,0.0362,0.0151,0.0324,0.0163,0.0255,0.0110
1262,0.0307,0.0328,0.0340,0.0117,0.0208,0.0234,0.0242,0.0086
1263,0.0297,0.0288,0.0298,0.0111,0.0198,0.0208,0.0215,0.0081
1264,0.0288,0.0251,0.0257,0.0104,0.0188,0.0183,0.0188,0.0075
1265,0.0279,0.0215,0.0218,0.0098,0.0178,0.0158,0.0161,0.0070
1266,0.0270,0.0181,0.0181,0.0091,0.0167,0.0134,0.0135,0.0064
1267,0.0233,0.0092,0.0186,0.0097,0.0085,0.0049,0.0141,0.0077
1268,0.0270,0.0159,0.0113,0.1029,0.0166,0.0107,0.0066,0.0670
1269,0.0261,0.0151,0.0147,0.0085,0.0156,0.0111,0.0110,0.0058
1270,0.0254,0.0125,0.0118,0.0079,0.0145,0.0089,0.0086,0.0052
1271,0.0247,0.0105,0.0096,0.0075,0.0133,0.0068,0.0063,0.0045
1272,0.0242,0.0093,0.0085,0.0071,0.0121,0.0048,0.0040,0.0038
1273,0.0237,0.0092,0.0088,0.0068,0.0108,0.0042,0.0050,0.0031
1274,0.0234,0.0113,0.0122,0.0069,0.0083,0.0077,0.0090,0.0035
1275,0.0235,0.0129,0.0144,0.0073,0.0097,0.0093,0.0108,0.0043
1276,0.0238,0.0146,0.0167,0.0079,0.0112,0.0108,0.0125,0.0051
1277,0.0244,0.0162,0.0189,0.0088,0.0127,0.0121,0.0141,0.0060
1278,0.0235,0.0100,0.0122,0.0074,0.0094,0.0060,0.0088,0.0051
1279,0.0329,0.0153,0.0159,0.0089,0.0216,0.0115,0.0119,0.0060
1280,0.0252,0.0178,0.0210,0.0098,0.0142,0.0132,0.0155,0.0070
1281,0.0264,0.0161,0.0118,0.0924,0.0157,0.0112,0.0075,0.0604
1282,0.0263,0.0192,0.0229,0.0109,0.0158,0.0142,0.0169,0.0079
1283,0.0276,0.0204,0.0246,0.0122,0.0175,0.0151,0.0180,0.0090
1284,0.0291,0.0214,0.0262,0.0137,0.0192,0.0158,0.0191,0.0100
1285,0.0308,0.0222,0.0275,0.0152,0.0208,0.0164,0.0200,0.0111
1286,0.0326,0.0229,0.0287,0.0167,0.0226,0.0168,0.0207,0.0122
1287,0.0341,0.0634,0.0605,0.0136,0.0234,0.0386,0.0381,0.0095
1288,0.0282,0.0293,0.0266,0.0101,0.0180,0.0186,0.0183,0.0068
1289,0.0298,0.0199,0.0254,0.0143,0.0190,0.0135,0.0187,0.0097
1290,0.0233,0.0164,0.0111,0.0078,0.0084,0.0115,0.0082,0.0059
1291,0.0491,0.0176,0.0266,0.0296,0.0333,0.0120,0.0196,0.0190
1292,0.0236,0.0084,0.0101,0.0076,0.0091,0.0026,0.0069,0.0035
1293,0.0258,0.0163,0.0121,0.0817,0.0149,0.0116,0.0080,0.0537
1294,0.0238,0.0084,0.0100,0.0088,0.0104,0.0029,0.0069,0.0036
1295,0.0238,0.0085,0.0102,0.0084,0.0103,0.0032,0.0072,0.0035
1296,0.0237,0.0085,0.0104,0.0080,0.0103,0.0034,0.0074,0.0033
1297,0.0237,0.0086,0.0105,0.0077,0.0102,0.0036,0.0076,0.0032
1298,0.0237,0.0086,0.0106,0.0076,0.0103,0.0037,0.0077,0.0030
1299,0.0238,0.0086,0.0106,0.0076,0.0105,0.0037,0.0077,0.0031
1300,0.0238,0.0085,0.0106,0.0077,0.0107,0.0035,0.0076,0.0034
1301,0.0233,0.0133,0.0112,0.0074,0.0084,0.0091,0.0083,0.0053
1302,0.0239,0.0085,0.0104,0.0080,0.0109,0.0033,0.0074,0.0037
1303,0.0240,0.0084,0.0102,0.0084,0.0112,0.0030,0.0072,0.0040
1304,0.0240,0.0084,0.0100,0.0089,0.0115,0.0027,0.0069,0.0044
1305,0.0254,0.0164,0.0123,0.0709,0.0141,0.0117,0.0083,0.0468
1306,0.0244,0.0500,0.0091,0.0118,0.0126,0.0335,0.0045,0.0085
1307,0.0244,0.0442,0.0092,0.0105,0.0126,0.0298,0.0053,0.0074
1308,0.0244,0.0385,0.0098,0.0094,0.0126,0.0261,0.0065,0.0063
1309,0.0244,0.0329,0.0105,0.0086,0.0125,0.0225,0.0075,0.0054
1310,0.0238,0.0097,0.0231,0.0125,0.0101,0.0051,0.0174,0.0090
1311,0.0243,0.0223,0.0118,0.0077,0.0123,0.0155,0.0089,0.0039
1312,0.0233,0.0107,0.0111,0.0071,0.0083,0.0069,0.0082,0.0048
1313,0.0242,0.0175,0.0122,0.0076,0.0120,0.0123,0.0093,0.0034
1314,0.0241,0.0134,0.0123,0.0075,0.0117,0.0091,0.0094,0.0030
1315,0.0240,0.0102,0.0121,0.0075,0.0114,0.0063,0.0092,0.0029
1316,0.0239,0.0086,0.0115,0.0075,0.0109,0.0037,0.0087,0.0029
1317,0.0240,0.0148,0.0102,0.0072,0.0105,0.0090,0.0042,0.0030
1318,0.0249,0.0164,0.0122,0.0598,0.0132,0.0117,0.0082,0.0399
1319,0.0237,0.0095,0.0097,0.0075,0.0098,0.0054,0.0063,0.0033
1320,0.0236,0.0106,0.0091,0.0077,0.0091,0.0066,0.0044,0.0040
1321,0.0236,0.0111,0.0099,0.0082,0.0091,0.0072,0.0067,0.0049
1322,0.0237,0.0111,0.0127,0.0092,0.0097,0.0071,0.0098,0.0061
1323,0.0233,0.0089,0.0108,0.0070,0.0082,0.0049,0.0079,0.0045
1324,0.0237,0.0105,0.0173,0.0107,0.0101,0.0063,0.0133,0.0075
1325,0.0238,0.0097,0.0231,0.0125,0.0101,0.0051,0.0174,0.0090
1326,0.0237,0.0092,0.0295,0.0144,0.0095,0.0035,0.0216,0.0104
1327,0.0238,0.0095,0.0361,0.0160,0.0101,0.0045,0.0258,0.0115
1328,0.0244,0.0103,0.0425,0.0171,0.0125,0.0058,0.0299,0.0123
1329,0.0263,0.0111,0.0483,0.0175,0.0159,0.0068,0.0336,0.0126
1330,0.0245,0.0162,0.0119,0.0485,0.0122,0.0116,0.0079,0.0328
1331,0.0292,0.0347,0.0340,0.0088,0.0193,0.0238,0.0246,0.0038
1332,0.0280,0.0312,0.0259,0.0089,0.0181,0.0215,0.0193,0.0048
1333,0.0267,0.0272,0.0193,0.0093,0.0165,0.0189,0.0148,0.0058
1334,0.0233,0.0081,0.0103,0.0069,0.0080,0.0030,0.0074,0.0043
1335,0.0256,0.0230,0.0144,0.0095,0.0148,0.0160,0.0112,0.0062
1336,0.0247,0.0188,0.0112,0.0094,0.0131,0.0132,0.0082,0.0062
1337,0.0241,0.0151,0.0096,0.0091,0.0116,0.0105,0.0059,0.0059
1338,0.0237,0.0121,0.0093,0.0086,0.0102,0.0081,0.0048,0.0054
1339,0.0236,0.0101,0.0097,0.0082,0.0090,0.0061,0.0061,0.0048
1340,0.0236,0.0091,0.0102,0.0078,0.0094,0.0047,0.0070,0.0041
1341,0.0237,0.0087,0.0105,0.0076,0.0100,0.0039,0.0075,0.0034
1342,0.0242,0.0160,0.0114,0.0371,0.0111,0.0113,0.0073,0.0255
1343,0.0238,0.0088,0.0105,0.0076,0.0104,0.0042,0.0075,0.0035
1344,0.0237,0.0095,0.0101,0.0079,0.0101,0.0053,0.0070,0.0043
1345,0.0233,0.0090,0.0090,0.0070,0.0076,0.0050,0.0054,0.0045
1346,0.0237,0.0110,0.0096,0.0083,0.0093,0.0070,0.0061,0.0050
1347,0.0237,0.0134,0.0092,0.0090,0.0096,0.0091,0.0049,0.0058
1348,0.0240,0.0167,0.0094,0.0098,0.0115,0.0116,0.0055,0.0067
1349,0.0251,0.0205,0.0110,0.0109,0.0140,0.0142,0.0080,0.0077
1350,0.0273,0.0242,0.0145,0.0121,0.0173,0.0167,0.0112,0.0087
1351,0.0313,0.0275,0.0200,0.0135,0.0215,0.0189,0.0154,0.0098
1352,0.0374,0.0299,0.0276,0.0148,0.0268,0.0204,0.0205,0.0107
1353,0.0458,0.0309,0.0371,0.0158,0.0331,0.0211,0.0267,0.0115
1354,0.0239,0.0158,0.0109,0.0255,0.0098,0.0109,0.0065,0.0180
1355,0.0319,0.0420,0.0415,0.0127,0.0222,0.0286,0.0298,0.0092
1356,0.0233,0.0096,0.0087,0.0071,0.0079,0.0058,0.0042,0.0048
1357,0.0308,0.0372,0.0364,0.0120,0.0212,0.0255,0.0265,0.0087
1358,0.0298,0.0324,0.0315,0.0113,0.0202,0.0224,0.0232,0.0081
1359,0.0288,0.0279,0.0267,0.0106,0.0191,0.0194,0.0201,0.0076
1360,0.0278,0.0237,0.0222,0.0100,0.0180,0.0166,0.0170,0.0070
1361,0.0269,0.0196,0.0180,0.0094,0.0168,0.0138,0.0140,0.0063
1362,0.0260,0.0158,0.0142,0.0088,0.0156,0.0111,0.0111,0.0057
1363,0.0253,0.0126,0.0112,0.0083,0.0144,0.0085,0.0083,0.0050
1364,0.0246,0.0100,0.0093,0.0079,0.0131,0.0060,0.0056,0.0043
1365,0.0241,0.0086,0.0092,0.0076,0.0117,0.0037,0.0053,0.0035
1366,0.0239,0.0155,0.0105,0.0143,0.0092,0.0104,0.0055,0.0104
1367,0.0233,0.0100,0.0094,0.0075,0.0080,0.0063,0.0061,0.0054
1368,0.0236,0.0098,0.0130,0.0076,0.0090,0.0058,0.0100,0.0037
1369,0.0237,0.0117,0.0157,0.0080,0.0099,0.0077,0.0122,0.0045
1370,0.0240,0.0138,0.0184,0.0086,0.0114,0.0095,0.0143,0.0054
1371,0.0246,0.0159,0.0210,0.0094,0.0130,0.0111,0.0161,0.0064
1372,0.0254,0.0179,0.0235,0.0104,0.0147,0.0126,0.0179,0.0074
1373,0.0266,0.0197,0.0258,0.0116,0.0163,0.0138,0.0195,0.0084
1374,0.0279,0.0213,0.0280,0.0130,0.0181,0.0150,0.0209,0.0095
1375,0.0295,0.0226,0.0298,0.0144,0.0199,0.0159,0.0221,0.0106
1376,0.0313,0.0238,0.0315,0.0160,0.0217,0.0166,0.0232,0.0117
1377,0.0333,0.0246,0.0328,0.0177,0.0235,0.0172,0.0241,0.0129
1378,0.0233,0.0100,0.0113,0.0080,0.0080,0.0062,0.0084,0.0060
1379,0.0245,0.0149,0.0104,0.0145,0.0122,0.0092,0.0052,0.0106
1380,0.0338,0.0633,0.0592,0.0141,0.0236,0.0384,0.0381,0.0100
1381,0.0284,0.0305,0.0266,0.0109,0.0184,0.0192,0.0188,0.0074
1382,0.0282,0.0199,0.0268,0.0133,0.0176,0.0129,0.0200,0.0091
1383,0.0457,0.0208,0.0306,0.0273,0.0313,0.0138,0.0227,0.0179
1384,0.0240,0.0085,0.0109,0.0084,0.0099,0.0032,0.0077,0.0036
1385,0.0242,0.0085,0.0108,0.0104,0.0115,0.0031,0.0076,0.0044
1386,0.0242,0.0084,0.0109,0.0097,0.0114,0.0029,0.0078,0.0042
1387,0.0242,0.0084,0.0110,0.0092,0.0113,0.0027,0.0079,0.0041
1388,0.0242,0.0084,0.0111,0.0088,0.0113,0.0026,0.0081,0.0039
1389,0.0239,0.0097,0.0154,0.0077,0.0107,0.0050,0.0112,0.0056
1390,0.0233,0.0097,0.0145,0.0088,0.0078,0.0057,0.0111,0.0069
1391,0.0242,0.0084,0.0112,0.0085,0.0113,0.0025,0.0082,0.0038
1392,0.0252,0.0146,0.0111,0.0262,0.0138,0.0085,0.0068,0.0185
1393,0.0242,0.0084,0.0113,0.0085,0.0115,0.0024,0.0082,0.0037
1394,0.0243,0.0084,0.0112,0.0088,0.0117,0.0025,0.0082,0.0038
1395,0.0243,0.0084,0.0112,0.0092,0.0119,0.0027,0.0081,0.0038
1396,0.0244,0.0084,0.0110,0.0098,0.0122,0.0029,0.0079,0.0042
1397,0.0245,0.0085,0.0109,0.0105,0.0125,0.0032,0.0077,0.0046
1398,0.0255,0.0623,0.0100,0.0109,0.0146,0.0409,0.0058,0.0076
1399,0.0254,0.0554,0.0100,0.0099,0.0146,0.0365,0.0055,0.0066
1400,0.0254,0.0486,0.0104,0.0092,0.0145,0.0322,0.0069,0.0056
1401,0.0384,0.0169,0.0182,0.0098,0.0261,0.0132,0.0136,0.0068
1402,0.0253,0.0419,0.0111,0.0088,0.0143,0.0279,0.0080,0.0048
1403,0.0243,0.0102,0.0266,0.0145,0.0117,0.0056,0.0202,0.0106
1404,0.0263,0.0145,0.0125,0.0386,0.0157,0.0078,0.0085,0.0264
1405,0.0251,0.0290,0.0124,0.0084,0.0139,0.0196,0.0096,0.0034
1406,0.0249,0.0230,0.0128,0.0084,0.0135,0.0156,0.0100,0.0036
1407,0.0248,0.0175,0.0130,0.0085,0.0131,0.0119,0.0101,0.0039
1408,0.0246,0.0129,0.0127,0.0085,0.0127,0.0084,0.0099,0.0040
1409,0.0244,0.0096,0.0122,0.0085,0.0121,0.0052,0.0093,0.0039
1410,0.0241,0.0090,0.0103,0.0084,0.0106,0.0043,0.0067,0.0036
1411,0.0240,0.0102,0.0100,0.0086,0.0097,0.0059,0.0055,0.0045
1412,0.0233,0.0092,0.0186,0.0097,0.0085,0.0049,0.0141,0.0077
1413,0.0240,0.0112,0.0113,0.0093,0.0097,0.0069,0.0082,0.0056
1414,0.0241,0.0115,0.0147,0.0104,0.0106,0.0071,0.0116,0.0071
1415,0.0242,0.0111,0.0200,0.0122,0.0113,0.0066,0.0157,0.0088
1416,0.0278,0.0144,0.0144,0.0511,0.0177,0.0070,0.0104,0.0344
1417,0.0243,0.0102,0.0266,0.0145,0.0117,0.0056,0.0202,0.0106
1418,0.0243,0.0095,0.0339,0.0168,0.0115,0.0042,0.0250,0.0123
1419,0.0242,0.0093,0.0413,0.0190,0.0105,0.0030,0.0297,0.0138
1420,0.0243,0.0096,0.0485,0.0206,0.0107,0.0042,0.0343,0.0149
1421,0.0251,0.0101,0.0550,0.0216,0.0136,0.0049,0.0384,0.0156
1422,0.0313,0.0392,0.0420,0.0266,0.0218,0.0263,0.0302,0.0191
1423,0.0236,0.0089,0.0233,0.0106,0.0099,0.0038,0.0173,0.0085
1424,0.0297,0.0344,0.0327,0.0273,0.0202,0.0232,0.0242,0.0196
1425,0.0280,0.0293,0.0249,0.0270,0.0182,0.0198,0.0191,0.0194
1426,0.0265,0.0239,0.0187,0.0256,0.0162,0.0163,0.0148,0.0185
1427,0.0253,0.0188,0.0143,0.0234,0.0142,0.0128,0.0113,0.0171
1428,0.0298,0.0145,0.0169,0.0635,0.0199,0.0080,0.0125,0.0422
1429,0.0245,0.0143,0.0115,0.0207,0.0124,0.0095,0.0085,0.0152
1430,0.0241,0.0110,0.0103,0.0177,0.0108,0.0066,0.0063,0.0131
1431,0.0240,0.0091,0.0101,0.0147,0.0094,0.0044,0.0056,0.0108
1432,0.0240,0.0084,0.0104,0.0118,0.0101,0.0028,0.0069,0.0085
1433,0.0241,0.0084,0.0109,0.0095,0.0109,0.0025,0.0077,0.0060
1434,0.0243,0.0090,0.0281,0.0113,0.0120,0.0037,0.0205,0.0090
1435,0.0242,0.0084,0.0113,0.0091,0.0115,0.0029,0.0083,0.0054
1436,0.0242,0.0091,0.0112,0.0112,0.0112,0.0045,0.0081,0.0080
1437,0.0241,0.0111,0.0107,0.0142,0.0104,0.0068,0.0074,0.0105
1438,0.0240,0.0146,0.0102,0.0177,0.0098,0.0097,0.0064,0.0131
1439,0.0243,0.0192,0.0100,0.0216,0.0116,0.0130,0.0053,0.0158
1440,0.0241,0.0145,0.0106,0.0073,0.0107,0.0080,0.0057,0.0037
1441,0.0324,0.0149,0.0198,0.0758,0.0224,0.0092,0.0147,0.0499
1442,0.0253,0.0245,0.0111,0.0256,0.0142,0.0165,0.0078,0.0185
1443,0.0275,0.0298,0.0141,0.0297,0.0177,0.0200,0.0111,0.0212
1444,0.0316,0.0346,0.0196,0.0338,0.0221,0.0231,0.0155,0.0239
1445,0.0262,0.0094,0.0329,0.0116,0.0150,0.0048,0.0236,0.0092
1446,0.0379,0.0384,0.0275,0.0376,0.0275,0.0255,0.0209,0.0264
1447,0.0465,0.0406,0.0378,0.0409,0.0340,0.0269,0.0277,0.0285
1448,0.0332,0.0514,0.0493,0.0138,0.0237,0.0343,0.0354,0.0102
1449,0.0320,0.0457,0.0434,0.0131,0.0226,0.0306,0.0316,0.0096
1450,0.0309,0.0401,0.0376,0.0124,0.0215,0.0270,0.0278,0.0091
1451,0.0298,0.0348,0.0320,0.0118,0.0204,0.0235,0.0241,0.0085
1452,0.0288,0.0296,0.0267,0.0111,0.0192,0.0201,0.0205,0.0079
1453,0.0358,0.0157,0.0231,0.0877,0.0253,0.0107,0.0171,0.0574
1454,0.0278,0.0247,0.0217,0.0105,0.0180,0.0169,0.0171,0.0072
1455,0.0268,0.0201,0.0172,0.0099,0.0168,0.0138,0.0137,0.0066
1456,0.0296,0.0098,0.0373,0.0113,0.0190,0.0055,0.0264,0.0090
1457,0.0260,0.0159,0.0133,0.0094,0.0155,0.0107,0.0105,0.0059
1458,0.0252,0.0122,0.0106,0.0089,0.0142,0.0078,0.0073,0.0051
1459,0.0246,0.0095,0.0099,0.0086,0.0128,0.0051,0.0053,0.0044
1460,0.0240,0.0091,0.0138,0.0085,0.0099,0.0044,0.0109,0.0038
1461,0.0240,0.0110,0.0169,0.0087,0.0100,0.0067,0.0135,0.0047
1462,0.0243,0.0135,0.0201,0.0092,0.0116,0.0089,0.0159,0.0056
1463,0.0248,0.0160,0.0231,0.0099,0.0133,0.0108,0.0181,0.0066
1464,0.0257,0.0184,0.0261,0.0109,0.0150,0.0126,0.0201,0.0076
1465,0.0401,0.0169,0.0269,0.0992,0.0288,0.0123,0.0197,0.0646
1466,0.0268,0.0206,0.0288,0.0120,0.0167,0.0141,0.0219,0.0087
1467,0.0266,0.0268,0.0294,0.0231,0.0155,0.0186,0.0214,0.0172
1468,0.0282,0.0226,0.0313,0.0133,0.0185,0.0155,0.0236,0.0098
1469,0.0298,0.0243,0.0335,0.0148,0.0204,0.0166,0.0251,0.0109
1470,0.0317,0.0257,0.0354,0.0164,0.0223,0.0176,0.0263,0.0121
1471,0.0337,0.0269,0.0371,0.0180,0.0242,0.0183,0.0274,0.0133
1472,0.0338,0.0625,0.0578,0.0151,0.0239,0.0388,0.0379,0.0110
1473,0.0287,0.0313,0.0266,0.0121,0.0190,0.0205,0.0192,0.0085
1474,0.0273,0.0197,0.0279,0.0126,0.0166,0.0132,0.0210,0.0086
1475,0.0420,0.0237,0.0342,0.0246,0.0290,0.0162,0.0254,0.0166
1476,0.0245,0.0092,0.0120,0.0095,0.0110,0.0046,0.0086,0.0044
1477,0.0456,0.0187,0.0310,0.1102,0.0328,0.0143,0.0224,0.0715
1478,0.0261,0.0244,0.0224,0.0194,0.0149,0.0170,0.0168,0.0148
1479,0.0248,0.0093,0.0118,0.0121,0.0127,0.0048,0.0082,0.0055
1480,0.0248,0.0092,0.0119,0.0112,0.0125,0.0046,0.0084,0.0054
1481,0.0248,0.0091,0.0120,0.0105,0.0125,0.0045,0.0085,0.0053
1482,0.0248,0.0091,0.0120,0.0099,0.0125,0.0044,0.0086,0.0051
1483,0.0248,0.0090,0.0121,0.0096,0.0125,0.0043,0.0087,0.0050
1484,0.0248,0.0090,0.0122,0.0097,0.0127,0.0042,0.0088,0.0051
1485,0.0249,0.0090,0.0122,0.0101,0.0128,0.0042,0.0089,0.0053
1486,0.0249,0.0090,0.0122,0.0108,0.0130,0.0043,0.0088,0.0054
1487,0.0250,0.0091,0.0121,0.0116,0.0133,0.0044,0.0088,0.0055
1488,0.0251,0.0092,0.0121,0.0125,0.0135,0.0045,0.0087,0.0056
1489,0.0254,0.0217,0.0169,0.0165,0.0139,0.0152,0.0130,0.0128
1490,0.0524,0.0212,0.0355,0.1206,0.0377,0.0166,0.0254,0.0781
1491,0.0267,0.0746,0.0114,0.0105,0.0166,0.0493,0.0073,0.0068
1492,0.0266,0.0666,0.0110,0.0099,0.0165,0.0443,0.0057,0.0058
1493,0.0265,0.0587,0.0113,0.0096,0.0163,0.0393,0.0071,0.0050
1494,0.0264,0.0509,0.0119,0.0095,0.0161,0.0344,0.0083,0.0042
1495,0.0250,0.0120,0.0296,0.0158,0.0130,0.0079,0.0226,0.0118
1496,0.0260,0.0358,0.0132,0.0096,0.0155,0.0247,0.0101,0.0050
1497,0.0258,0.0286,0.0136,0.0097,0.0151,0.0200,0.0106,0.0053
1498,0.0256,0.0220,0.0138,0.0098,0.0146,0.0156,0.0108,0.0055
1499,0.0253,0.0161,0.0136,0.0098,0.0140,0.0114,0.0106,0.0056
Total Error Summary
Vdc  MAE=  0.0145 RMSE=  0.0274
Idc  MAE=  0.0130 RMSE=  0.0237
Id   MAE=  0.0132 RMSE=  0.0221
Iq   MAE=  0.0125 RMSE=  0.0266
