Read Model from: ./ucf10t2/
Export Model to: ./ucf10t2/ucf10t2_fhf.json
idx_in [0, 1, 2, 3, 4, 5]
idx_out [6, 7, 8, 9]
make_mimo_block stable2ndx
H1s[0][0]  Real Poles: [-885.99263132 -885.99263132] Freqs [Hz]: [16.753151139788397]
H1s[0][1]  Real Poles: [-1112.44253069 -1112.44253069] Freqs [Hz]: [43.62496545791862]
H1s[0][2]  Real Poles: [-836.13684773 -836.13684773] Freqs [Hz]: [55.04780540554853]
H1s[0][3]  Real Poles: [-929.34509367 -929.34509367] Freqs [Hz]: [40.49292362102147]
H1s[1][0]  Real Poles: [-1362.60300518  -633.14762975] Freqs [Hz]: []
H1s[1][1]  Real Poles: [-630.6784749 -630.6784749] Freqs [Hz]: [64.34357909923457]
H1s[1][2]  Real Poles: [-640.04644752 -640.04644752] Freqs [Hz]: [48.447757873249174]
H1s[1][3]  Real Poles: [-839.15865421 -839.15865421] Freqs [Hz]: [50.987053614649]
H1s[2][0]  Real Poles: [-663.83856535 -663.83856535] Freqs [Hz]: [68.10403348033707]
H1s[2][1]  Real Poles: [-827.04596221 -827.04596221] Freqs [Hz]: [79.79143813826752]
H1s[2][2]  Real Poles: [-1190.46932034  -463.03806134] Freqs [Hz]: []
H1s[2][3]  Real Poles: [-832.38787949 -832.38787949] Freqs [Hz]: [29.03672372336419]
H1s[3][0]  Real Poles: [-1214.67873341  -798.5218961 ] Freqs [Hz]: []
H1s[3][1]  Real Poles: [-1298.00287746  -696.81970151] Freqs [Hz]: []
H1s[3][2]  Real Poles: [-637.43016124 -637.43016124] Freqs [Hz]: [64.51783408041543]
H1s[3][3]  Real Poles: [-622.78974056 -622.78974056] Freqs [Hz]: [62.2801599887616]
model_folder = ./ucf10t2/
model_root = ucf10t2
data_path = d:/data/ucf3/ucf9c.hdf5
idx_in [0, 1, 2, 3, 4, 5]
idx_out [6, 7, 8, 9]
read 2100 dataframes
dt=0.001000 data_len=4001 n_io=10 n_case=2100
['G', 'Ud', 'Uq', 'Id', 'Iq', 'Ctrl'] ['Vdc', 'Idc', 'Vd', 'Vq'] (2100, 4001, 10)
make_mimo_block stable2ndx
prepending initial conditions (2100, 500, 10) (2100, 4001, 10) float32 float32
results in (2100, 4501, 10)
Idx,Vdc,Idc,Vd,Vq
#,RMSE,RMSE,RMSE,RMSE
Total,0.0076,0.0044,0.0070,0.0026
0,0.0069,0.0051,0.0062,0.0016
1,0.0069,0.0051,0.0062,0.0016
2,0.0093,0.0070,0.0084,0.0026
3,0.0086,0.0070,0.0083,0.0034
4,0.0108,0.0021,0.0097,0.0014
5,0.0158,0.0025,0.0114,0.0016
6,0.0108,0.0021,0.0097,0.0014
7,0.0085,0.0020,0.0072,0.0019
8,0.0065,0.0024,0.0060,0.0012
9,0.0108,0.0021,0.0097,0.0014
10,0.0108,0.0021,0.0097,0.0014
11,0.0158,0.0025,0.0114,0.0016
12,0.0108,0.0021,0.0097,0.0014
13,0.0065,0.0024,0.0060,0.0012
14,0.0086,0.0070,0.0083,0.0034
15,0.0158,0.0025,0.0114,0.0016
16,0.0108,0.0021,0.0097,0.0014
17,0.0108,0.0021,0.0097,0.0014
18,0.0158,0.0025,0.0114,0.0016
19,0.0051,0.0028,0.0055,0.0013
20,0.0108,0.0021,0.0097,0.0014
21,0.0158,0.0025,0.0114,0.0016
22,0.0108,0.0021,0.0097,0.0014
23,0.0108,0.0021,0.0097,0.0014
24,0.0065,0.0024,0.0060,0.0012
25,0.0086,0.0070,0.0083,0.0034
26,0.0141,0.0029,0.0117,0.0013
27,0.0143,0.0018,0.0107,0.0016
28,0.0176,0.0049,0.0157,0.0036
29,0.0146,0.0022,0.0098,0.0020
30,0.0053,0.0025,0.0056,0.0012
31,0.0086,0.0023,0.0076,0.0030
32,0.0143,0.0026,0.0095,0.0018
33,0.0138,0.0024,0.0095,0.0015
34,0.0171,0.0028,0.0108,0.0016
35,0.0101,0.0029,0.0094,0.0016
36,0.0086,0.0070,0.0083,0.0034
37,0.0117,0.0020,0.0097,0.0011
38,0.0149,0.0022,0.0116,0.0016
39,0.0095,0.0019,0.0069,0.0018
40,0.0092,0.0020,0.0064,0.0018
41,0.0058,0.0024,0.0053,0.0012
42,0.0087,0.0020,0.0068,0.0018
43,0.0076,0.0023,0.0080,0.0022
44,0.0091,0.0022,0.0075,0.0024
45,0.0081,0.0021,0.0075,0.0020
46,0.0049,0.0033,0.0054,0.0013
47,0.0086,0.0070,0.0083,0.0034
48,0.0085,0.0025,0.0077,0.0034
49,0.0074,0.0025,0.0081,0.0021
50,0.0095,0.0037,0.0090,0.0047
51,0.0090,0.0037,0.0073,0.0054
52,0.0066,0.0034,0.0046,0.0026
53,0.0066,0.0034,0.0046,0.0026
54,0.0066,0.0034,0.0046,0.0026
55,0.0066,0.0034,0.0046,0.0026
56,0.0066,0.0034,0.0046,0.0026
57,0.0066,0.0034,0.0046,0.0026
58,0.0069,0.0043,0.0063,0.0020
59,0.0060,0.0050,0.0053,0.0014
60,0.0060,0.0050,0.0053,0.0014
61,0.0085,0.0052,0.0062,0.0016
62,0.0073,0.0051,0.0060,0.0016
63,0.0056,0.0069,0.0050,0.0015
64,0.0090,0.0049,0.0077,0.0017
65,0.0090,0.0062,0.0066,0.0017
66,0.0093,0.0066,0.0070,0.0018
67,0.0087,0.0056,0.0071,0.0023
68,0.0063,0.0080,0.0068,0.0016
69,0.0069,0.0043,0.0063,0.0020
70,0.0089,0.0068,0.0083,0.0024
71,0.0085,0.0063,0.0075,0.0033
72,0.0085,0.0071,0.0093,0.0031
73,0.0082,0.0073,0.0098,0.0035
74,0.0062,0.0072,0.0051,0.0015
75,0.0093,0.0107,0.0090,0.0052
76,0.0093,0.0083,0.0077,0.0038
77,0.0082,0.0059,0.0075,0.0040
78,0.0083,0.0063,0.0057,0.0045
79,0.0078,0.0073,0.0109,0.0038
80,0.0069,0.0043,0.0063,0.0020
81,0.0080,0.0059,0.0075,0.0062
82,0.0047,0.0054,0.0050,0.0024
83,0.0049,0.0054,0.0054,0.0022
84,0.0072,0.0046,0.0053,0.0020
85,0.0073,0.0064,0.0085,0.0021
86,0.0090,0.0062,0.0066,0.0017
87,0.0091,0.0055,0.0069,0.0016
88,0.0107,0.0049,0.0092,0.0015
89,0.0097,0.0049,0.0085,0.0018
90,0.0095,0.0070,0.0080,0.0042
91,0.0072,0.0044,0.0066,0.0021
92,0.0075,0.0052,0.0069,0.0023
93,0.0072,0.0055,0.0068,0.0025
94,0.0078,0.0058,0.0078,0.0036
95,0.0075,0.0059,0.0070,0.0037
96,0.0090,0.0108,0.0097,0.0050
97,0.0080,0.0063,0.0086,0.0049
98,0.0093,0.0066,0.0070,0.0018
99,0.0060,0.0050,0.0053,0.0014
100,0.0085,0.0052,0.0062,0.0016
101,0.0051,0.0062,0.0051,0.0015
102,0.0070,0.0056,0.0089,0.0013
103,0.0060,0.0050,0.0053,0.0014
104,0.0085,0.0052,0.0062,0.0016
105,0.0060,0.0050,0.0053,0.0014
106,0.0060,0.0050,0.0053,0.0014
107,0.0051,0.0062,0.0051,0.0015
108,0.0060,0.0050,0.0053,0.0014
109,0.0060,0.0050,0.0053,0.0014
110,0.0087,0.0056,0.0071,0.0023
111,0.0060,0.0050,0.0053,0.0014
112,0.0051,0.0062,0.0051,0.0015
113,0.0096,0.0070,0.0084,0.0030
114,0.0077,0.0047,0.0074,0.0022
115,0.0085,0.0052,0.0062,0.0016
116,0.0060,0.0050,0.0053,0.0014
117,0.0060,0.0050,0.0053,0.0014
118,0.0085,0.0052,0.0062,0.0016
119,0.0051,0.0062,0.0051,0.0015
120,0.0060,0.0050,0.0053,0.0014
121,0.0085,0.0052,0.0062,0.0016
122,0.0060,0.0050,0.0053,0.0014
123,0.0092,0.0068,0.0079,0.0021
124,0.0051,0.0062,0.0051,0.0015
125,0.0081,0.0051,0.0084,0.0022
126,0.0060,0.0050,0.0053,0.0014
127,0.0060,0.0050,0.0053,0.0014
128,0.0085,0.0052,0.0062,0.0016
129,0.0060,0.0050,0.0053,0.0014
130,0.0051,0.0062,0.0051,0.0015
131,0.0085,0.0052,0.0062,0.0016
132,0.0060,0.0050,0.0053,0.0014
133,0.0060,0.0050,0.0053,0.0014
134,0.0085,0.0052,0.0062,0.0016
135,0.0061,0.0084,0.0071,0.0017
136,0.0085,0.0054,0.0091,0.0022
137,0.0060,0.0050,0.0053,0.0014
138,0.0085,0.0052,0.0062,0.0016
139,0.0060,0.0050,0.0053,0.0014
140,0.0060,0.0050,0.0053,0.0014
141,0.0051,0.0062,0.0051,0.0015
142,0.0051,0.0036,0.0075,0.0015
143,0.0048,0.0042,0.0063,0.0018
144,0.0069,0.0046,0.0092,0.0030
145,0.0044,0.0057,0.0056,0.0020
146,0.0063,0.0080,0.0068,0.0016
147,0.0089,0.0054,0.0093,0.0022
148,0.0085,0.0063,0.0075,0.0033
149,0.0043,0.0060,0.0050,0.0018
150,0.0043,0.0058,0.0045,0.0016
151,0.0074,0.0056,0.0057,0.0016
152,0.0067,0.0056,0.0064,0.0017
153,0.0052,0.0051,0.0044,0.0012
154,0.0088,0.0050,0.0070,0.0016
155,0.0084,0.0055,0.0063,0.0017
156,0.0090,0.0062,0.0066,0.0017
157,0.0066,0.0076,0.0059,0.0015
158,0.0082,0.0064,0.0079,0.0014
159,0.0093,0.0068,0.0074,0.0019
160,0.0085,0.0071,0.0093,0.0031
161,0.0086,0.0061,0.0073,0.0026
162,0.0089,0.0068,0.0083,0.0024
163,0.0059,0.0089,0.0074,0.0018
164,0.0085,0.0062,0.0077,0.0038
165,0.0082,0.0073,0.0098,0.0035
166,0.0093,0.0107,0.0090,0.0052
167,0.0082,0.0085,0.0069,0.0053
168,0.0068,0.0070,0.0051,0.0027
169,0.0096,0.0056,0.0090,0.0028
170,0.0068,0.0070,0.0051,0.0027
171,0.0068,0.0070,0.0051,0.0027
172,0.0068,0.0070,0.0051,0.0027
173,0.0068,0.0070,0.0051,0.0027
174,0.0068,0.0070,0.0051,0.0027
175,0.0058,0.0042,0.0049,0.0017
176,0.0058,0.0042,0.0049,0.0017
177,0.0084,0.0045,0.0062,0.0018
178,0.0070,0.0043,0.0056,0.0019
179,0.0049,0.0056,0.0049,0.0014
180,0.0100,0.0057,0.0088,0.0031
181,0.0089,0.0041,0.0075,0.0020
182,0.0087,0.0051,0.0066,0.0020
183,0.0089,0.0054,0.0070,0.0020
184,0.0085,0.0049,0.0071,0.0026
185,0.0055,0.0065,0.0057,0.0016
186,0.0085,0.0056,0.0080,0.0026
187,0.0082,0.0051,0.0076,0.0035
188,0.0081,0.0059,0.0084,0.0032
189,0.0079,0.0062,0.0086,0.0034
190,0.0054,0.0058,0.0050,0.0014
191,0.0104,0.0059,0.0087,0.0034
192,0.0088,0.0081,0.0089,0.0053
193,0.0088,0.0066,0.0075,0.0037
194,0.0080,0.0052,0.0071,0.0037
195,0.0079,0.0058,0.0055,0.0041
196,0.0072,0.0067,0.0108,0.0037
197,0.0079,0.0052,0.0070,0.0058
198,0.0043,0.0049,0.0045,0.0020
199,0.0046,0.0048,0.0051,0.0021
200,0.0071,0.0040,0.0050,0.0018
201,0.0069,0.0056,0.0084,0.0024
202,0.0109,0.0061,0.0086,0.0037
203,0.0087,0.0051,0.0066,0.0020
204,0.0091,0.0047,0.0068,0.0018
205,0.0105,0.0041,0.0089,0.0014
206,0.0095,0.0042,0.0082,0.0016
207,0.0087,0.0056,0.0078,0.0039
208,0.0070,0.0045,0.0062,0.0023
209,0.0065,0.0049,0.0063,0.0025
210,0.0076,0.0050,0.0071,0.0037
211,0.0064,0.0052,0.0070,0.0031
212,0.0071,0.0071,0.0097,0.0039
213,0.0071,0.0058,0.0088,0.0013
214,0.0078,0.0058,0.0078,0.0041
215,0.0089,0.0054,0.0070,0.0020
216,0.0058,0.0042,0.0049,0.0017
217,0.0084,0.0045,0.0062,0.0018
218,0.0044,0.0053,0.0048,0.0015
219,0.0058,0.0042,0.0049,0.0017
220,0.0084,0.0045,0.0062,0.0018
221,0.0058,0.0042,0.0049,0.0017
222,0.0058,0.0042,0.0049,0.0017
223,0.0044,0.0053,0.0048,0.0015
224,0.0099,0.0072,0.0086,0.0034
225,0.0101,0.0081,0.0084,0.0091
226,0.0058,0.0042,0.0049,0.0017
227,0.0058,0.0042,0.0049,0.0017
228,0.0085,0.0049,0.0071,0.0026
229,0.0058,0.0042,0.0049,0.0017
230,0.0044,0.0053,0.0048,0.0015
231,0.0084,0.0045,0.0062,0.0018
232,0.0058,0.0042,0.0049,0.0017
233,0.0058,0.0042,0.0049,0.0017
234,0.0084,0.0045,0.0062,0.0018
235,0.0044,0.0053,0.0048,0.0015
236,0.0100,0.0065,0.0093,0.0058
237,0.0058,0.0042,0.0049,0.0017
238,0.0084,0.0045,0.0062,0.0018
239,0.0058,0.0042,0.0049,0.0017
240,0.0087,0.0055,0.0078,0.0023
241,0.0044,0.0053,0.0048,0.0015
242,0.0058,0.0042,0.0049,0.0017
243,0.0058,0.0042,0.0049,0.0017
244,0.0084,0.0045,0.0062,0.0018
245,0.0058,0.0042,0.0049,0.0017
246,0.0044,0.0053,0.0048,0.0015
247,0.0096,0.0060,0.0093,0.0038
248,0.0084,0.0045,0.0062,0.0018
249,0.0058,0.0042,0.0049,0.0017
250,0.0058,0.0042,0.0049,0.0017
251,0.0084,0.0045,0.0062,0.0018
252,0.0054,0.0068,0.0058,0.0017
253,0.0058,0.0042,0.0049,0.0017
254,0.0084,0.0045,0.0062,0.0018
255,0.0058,0.0042,0.0049,0.0017
256,0.0058,0.0042,0.0049,0.0017
257,0.0044,0.0053,0.0048,0.0015
258,0.0090,0.0058,0.0087,0.0030
259,0.0050,0.0031,0.0068,0.0018
260,0.0047,0.0035,0.0060,0.0020
261,0.0068,0.0046,0.0084,0.0031
262,0.0043,0.0049,0.0056,0.0022
263,0.0055,0.0065,0.0057,0.0016
264,0.0082,0.0051,0.0076,0.0035
265,0.0042,0.0052,0.0050,0.0020
266,0.0042,0.0050,0.0044,0.0018
267,0.0073,0.0049,0.0057,0.0017
268,0.0065,0.0049,0.0060,0.0019
269,0.0115,0.0059,0.0141,0.0044
270,0.0051,0.0043,0.0041,0.0016
271,0.0087,0.0043,0.0068,0.0018
272,0.0082,0.0046,0.0060,0.0020
273,0.0087,0.0051,0.0066,0.0020
274,0.0057,0.0061,0.0055,0.0015
275,0.0089,0.0054,0.0074,0.0021
276,0.0081,0.0059,0.0084,0.0032
277,0.0083,0.0051,0.0074,0.0029
278,0.0085,0.0056,0.0080,0.0026
279,0.0052,0.0073,0.0057,0.0018
280,0.0084,0.0051,0.0079,0.0024
281,0.0082,0.0052,0.0076,0.0040
282,0.0079,0.0062,0.0086,0.0034
283,0.0088,0.0081,0.0089,0.0053
284,0.0079,0.0068,0.0068,0.0054
285,0.0058,0.0061,0.0048,0.0025
286,0.0058,0.0061,0.0048,0.0025
287,0.0058,0.0061,0.0048,0.0025
288,0.0058,0.0061,0.0048,0.0025
289,0.0058,0.0061,0.0048,0.0025
290,0.0058,0.0061,0.0048,0.0025
291,0.0087,0.0048,0.0084,0.0024
292,0.0061,0.0029,0.0049,0.0019
293,0.0061,0.0029,0.0049,0.0019
294,0.0082,0.0034,0.0062,0.0016
295,0.0073,0.0029,0.0056,0.0021
296,0.0056,0.0040,0.0042,0.0015
297,0.0089,0.0030,0.0074,0.0019
298,0.0089,0.0036,0.0061,0.0021
299,0.0091,0.0037,0.0065,0.0020
300,0.0086,0.0037,0.0068,0.0026
301,0.0053,0.0046,0.0053,0.0015
302,0.0089,0.0047,0.0086,0.0027
303,0.0083,0.0038,0.0077,0.0023
304,0.0080,0.0035,0.0071,0.0033
305,0.0078,0.0041,0.0082,0.0025
306,0.0075,0.0044,0.0085,0.0026
307,0.0058,0.0041,0.0043,0.0014
308,0.0090,0.0061,0.0105,0.0046
309,0.0089,0.0052,0.0081,0.0036
310,0.0080,0.0043,0.0073,0.0038
311,0.0079,0.0045,0.0053,0.0043
312,0.0071,0.0054,0.0106,0.0037
313,0.0085,0.0045,0.0080,0.0028
314,0.0078,0.0036,0.0062,0.0062
315,0.0041,0.0034,0.0041,0.0022
316,0.0043,0.0036,0.0047,0.0021
317,0.0069,0.0030,0.0052,0.0022
318,0.0072,0.0043,0.0081,0.0025
319,0.0089,0.0036,0.0061,0.0021
320,0.0090,0.0035,0.0067,0.0018
321,0.0112,0.0029,0.0091,0.0022
322,0.0104,0.0030,0.0084,0.0026
323,0.0094,0.0039,0.0074,0.0032
324,0.0101,0.0054,0.0118,0.0023
325,0.0080,0.0032,0.0060,0.0035
326,0.0069,0.0035,0.0060,0.0035
327,0.0079,0.0036,0.0070,0.0056
328,0.0061,0.0039,0.0073,0.0031
329,0.0072,0.0044,0.0101,0.0035
330,0.0085,0.0043,0.0086,0.0039
331,0.0091,0.0037,0.0065,0.0020
332,0.0061,0.0029,0.0049,0.0019
333,0.0082,0.0034,0.0062,0.0016
334,0.0053,0.0038,0.0044,0.0017
335,0.0103,0.0074,0.0087,0.0037
336,0.0081,0.0051,0.0084,0.0022
337,0.0061,0.0029,0.0049,0.0019
338,0.0082,0.0034,0.0062,0.0016
339,0.0061,0.0029,0.0049,0.0019
340,0.0061,0.0029,0.0049,0.0019
341,0.0053,0.0038,0.0044,0.0017
342,0.0061,0.0029,0.0049,0.0019
343,0.0061,0.0029,0.0049,0.0019
344,0.0086,0.0037,0.0068,0.0026
345,0.0061,0.0029,0.0049,0.0019
346,0.0053,0.0038,0.0044,0.0017
347,0.0075,0.0043,0.0069,0.0015
348,0.0082,0.0034,0.0062,0.0016
349,0.0061,0.0029,0.0049,0.0019
350,0.0061,0.0029,0.0049,0.0019
351,0.0082,0.0034,0.0062,0.0016
352,0.0053,0.0038,0.0044,0.0017
353,0.0061,0.0029,0.0049,0.0019
354,0.0082,0.0034,0.0062,0.0016
355,0.0061,0.0029,0.0049,0.0019
356,0.0087,0.0037,0.0074,0.0021
357,0.0053,0.0038,0.0044,0.0017
358,0.0084,0.0043,0.0076,0.0014
359,0.0061,0.0029,0.0049,0.0019
360,0.0061,0.0029,0.0049,0.0019
361,0.0082,0.0034,0.0062,0.0016
362,0.0061,0.0029,0.0049,0.0019
363,0.0053,0.0038,0.0044,0.0017
364,0.0082,0.0034,0.0062,0.0016
365,0.0061,0.0029,0.0049,0.0019
366,0.0061,0.0029,0.0049,0.0019
367,0.0082,0.0034,0.0062,0.0016
368,0.0050,0.0049,0.0053,0.0015
369,0.0093,0.0045,0.0085,0.0018
370,0.0061,0.0029,0.0049,0.0019
371,0.0082,0.0034,0.0062,0.0016
372,0.0061,0.0029,0.0049,0.0019
373,0.0061,0.0029,0.0049,0.0019
374,0.0053,0.0038,0.0044,0.0017
375,0.0052,0.0027,0.0065,0.0015
376,0.0047,0.0023,0.0064,0.0018
377,0.0076,0.0047,0.0079,0.0028
378,0.0039,0.0034,0.0065,0.0020
379,0.0053,0.0046,0.0053,0.0015
380,0.0095,0.0057,0.0106,0.0049
381,0.0080,0.0035,0.0071,0.0033
382,0.0037,0.0038,0.0055,0.0019
383,0.0037,0.0036,0.0046,0.0017
384,0.0072,0.0037,0.0069,0.0016
385,0.0071,0.0036,0.0062,0.0023
386,0.0052,0.0030,0.0038,0.0017
387,0.0086,0.0032,0.0066,0.0017
388,0.0084,0.0033,0.0058,0.0022
389,0.0089,0.0036,0.0061,0.0021
390,0.0058,0.0042,0.0049,0.0014
391,0.0121,0.0047,0.0108,0.0024
392,0.0089,0.0037,0.0069,0.0020
393,0.0078,0.0041,0.0082,0.0025
394,0.0083,0.0037,0.0070,0.0028
395,0.0083,0.0038,0.0077,0.0023
396,0.0047,0.0054,0.0053,0.0015
397,0.0080,0.0036,0.0072,0.0036
398,0.0075,0.0044,0.0085,0.0026
399,0.0090,0.0061,0.0105,0.0046
400,0.0080,0.0056,0.0078,0.0051
401,0.0058,0.0044,0.0050,0.0025
402,0.0115,0.0049,0.0111,0.0025
403,0.0058,0.0044,0.0050,0.0025
404,0.0058,0.0044,0.0050,0.0025
405,0.0058,0.0044,0.0050,0.0025
406,0.0058,0.0044,0.0050,0.0025
407,0.0058,0.0044,0.0050,0.0025
408,0.0055,0.0022,0.0049,0.0014
409,0.0055,0.0022,0.0049,0.0014
410,0.0085,0.0028,0.0060,0.0018
411,0.0067,0.0021,0.0054,0.0016
412,0.0048,0.0029,0.0039,0.0014
413,0.0105,0.0051,0.0112,0.0028
414,0.0088,0.0025,0.0074,0.0016
415,0.0085,0.0026,0.0060,0.0018
416,0.0087,0.0027,0.0064,0.0017
417,0.0083,0.0029,0.0068,0.0022
418,0.0052,0.0033,0.0053,0.0015
419,0.0082,0.0025,0.0076,0.0019
420,0.0078,0.0026,0.0070,0.0029
421,0.0076,0.0028,0.0082,0.0021
422,0.0074,0.0031,0.0084,0.0020
423,0.0054,0.0029,0.0040,0.0014
424,0.0100,0.0052,0.0112,0.0033
425,0.0096,0.0044,0.0105,0.0042
426,0.0090,0.0040,0.0075,0.0036
427,0.0078,0.0034,0.0061,0.0040
428,0.0076,0.0038,0.0054,0.0047
429,0.0068,0.0047,0.0106,0.0038
430,0.0077,0.0032,0.0062,0.0071
431,0.0038,0.0028,0.0040,0.0029
432,0.0041,0.0031,0.0045,0.0026
433,0.0072,0.0026,0.0048,0.0032
434,0.0065,0.0034,0.0080,0.0022
435,0.0090,0.0074,0.0104,0.0036
436,0.0085,0.0026,0.0060,0.0018
437,0.0090,0.0028,0.0066,0.0016
438,0.0106,0.0020,0.0091,0.0017
439,0.0101,0.0021,0.0087,0.0023
440,0.0114,0.0028,0.0083,0.0033
441,0.0099,0.0022,0.0074,0.0042
442,0.0099,0.0025,0.0070,0.0048
443,0.0099,0.0029,0.0085,0.0069
444,0.0080,0.0028,0.0064,0.0046
445,0.0070,0.0038,0.0092,0.0047
446,0.0070,0.0072,0.0080,0.0014
447,0.0107,0.0061,0.0112,0.0050
448,0.0073,0.0037,0.0076,0.0042
449,0.0087,0.0027,0.0064,0.0017
450,0.0055,0.0022,0.0049,0.0014
451,0.0085,0.0028,0.0060,0.0018
452,0.0043,0.0028,0.0042,0.0015
453,0.0055,0.0022,0.0049,0.0014
454,0.0085,0.0028,0.0060,0.0018
455,0.0055,0.0022,0.0049,0.0014
456,0.0055,0.0022,0.0049,0.0014
457,0.0043,0.0028,0.0042,0.0015
458,0.0085,0.0054,0.0091,0.0022
459,0.0055,0.0022,0.0049,0.0014
460,0.0055,0.0022,0.0049,0.0014
461,0.0083,0.0029,0.0068,0.0022
462,0.0055,0.0022,0.0049,0.0014
463,0.0043,0.0028,0.0042,0.0015
464,0.0085,0.0028,0.0060,0.0018
465,0.0055,0.0022,0.0049,0.0014
466,0.0055,0.0022,0.0049,0.0014
467,0.0085,0.0028,0.0060,0.0018
468,0.0043,0.0028,0.0042,0.0015
469,0.0069,0.0043,0.0063,0.0020
470,0.0055,0.0022,0.0049,0.0014
471,0.0085,0.0028,0.0060,0.0018
472,0.0055,0.0022,0.0049,0.0014
473,0.0085,0.0025,0.0073,0.0018
474,0.0043,0.0028,0.0042,0.0015
475,0.0055,0.0022,0.0049,0.0014
476,0.0055,0.0022,0.0049,0.0014
477,0.0085,0.0028,0.0060,0.0018
478,0.0055,0.0022,0.0049,0.0014
479,0.0043,0.0028,0.0042,0.0015
480,0.0069,0.0043,0.0063,0.0020
481,0.0085,0.0028,0.0060,0.0018
482,0.0055,0.0022,0.0049,0.0014
483,0.0055,0.0022,0.0049,0.0014
484,0.0085,0.0028,0.0060,0.0018
485,0.0048,0.0038,0.0054,0.0015
486,0.0055,0.0022,0.0049,0.0014
487,0.0085,0.0028,0.0060,0.0018
488,0.0055,0.0022,0.0049,0.0014
489,0.0055,0.0022,0.0049,0.0014
490,0.0043,0.0028,0.0042,0.0015
491,0.0071,0.0053,0.0089,0.0013
492,0.0053,0.0027,0.0066,0.0018
493,0.0050,0.0019,0.0059,0.0022
494,0.0088,0.0049,0.0096,0.0028
495,0.0047,0.0025,0.0055,0.0025
496,0.0052,0.0033,0.0053,0.0015
497,0.0078,0.0026,0.0070,0.0029
498,0.0045,0.0028,0.0047,0.0022
499,0.0043,0.0026,0.0041,0.0018
500,0.0082,0.0031,0.0055,0.0021
501,0.0062,0.0029,0.0060,0.0019
502,0.0069,0.0043,0.0063,0.0020
503,0.0048,0.0021,0.0039,0.0012
504,0.0087,0.0026,0.0067,0.0017
505,0.0079,0.0023,0.0056,0.0018
506,0.0085,0.0026,0.0060,0.0018
507,0.0056,0.0030,0.0048,0.0014
508,0.0087,0.0026,0.0068,0.0017
509,0.0076,0.0028,0.0082,0.0021
510,0.0080,0.0029,0.0070,0.0024
511,0.0082,0.0025,0.0076,0.0019
512,0.0045,0.0045,0.0053,0.0016
513,0.0069,0.0043,0.0063,0.0020
514,0.0078,0.0026,0.0071,0.0032
515,0.0074,0.0031,0.0084,0.0020
516,0.0096,0.0044,0.0105,0.0042
517,0.0080,0.0043,0.0063,0.0048
518,0.0057,0.0034,0.0042,0.0027
519,0.0057,0.0034,0.0042,0.0027
520,0.0057,0.0034,0.0042,0.0027
521,0.0057,0.0034,0.0042,0.0027
522,0.0057,0.0034,0.0042,0.0027
523,0.0057,0.0034,0.0042,0.0027
524,0.0069,0.0043,0.0063,0.0020
525,0.0102,0.0020,0.0093,0.0013
526,0.0102,0.0020,0.0093,0.0013
527,0.0149,0.0028,0.0109,0.0017
528,0.0095,0.0019,0.0081,0.0016
529,0.0053,0.0025,0.0044,0.0014
530,0.0133,0.0024,0.0115,0.0017
531,0.0092,0.0023,0.0064,0.0018
532,0.0090,0.0024,0.0065,0.0017
533,0.0091,0.0028,0.0070,0.0022
534,0.0049,0.0029,0.0053,0.0014
535,0.0069,0.0043,0.0063,0.0020
536,0.0082,0.0023,0.0076,0.0020
537,0.0079,0.0025,0.0070,0.0029
538,0.0076,0.0025,0.0081,0.0022
539,0.0073,0.0028,0.0083,0.0022
540,0.0055,0.0025,0.0043,0.0014
541,0.0095,0.0035,0.0096,0.0041
542,0.0091,0.0036,0.0072,0.0037
543,0.0080,0.0032,0.0061,0.0043
544,0.0082,0.0036,0.0051,0.0051
545,0.0073,0.0045,0.0105,0.0039
546,0.0071,0.0053,0.0089,0.0013
547,0.0110,0.0028,0.0085,0.0078
548,0.0084,0.0027,0.0067,0.0035
549,0.0097,0.0030,0.0085,0.0029
550,0.0141,0.0028,0.0104,0.0031
551,0.0078,0.0031,0.0085,0.0021
552,0.0092,0.0023,0.0064,0.0018
553,0.0141,0.0028,0.0103,0.0016
554,0.0115,0.0019,0.0103,0.0015
555,0.0101,0.0019,0.0092,0.0019
556,0.0111,0.0024,0.0088,0.0032
557,0.0100,0.0110,0.0085,0.0089
558,0.0069,0.0043,0.0063,0.0020
559,0.0094,0.0019,0.0079,0.0036
560,0.0102,0.0022,0.0078,0.0046
561,0.0100,0.0029,0.0092,0.0064
562,0.0099,0.0024,0.0076,0.0051
563,0.0090,0.0035,0.0105,0.0057
564,0.0082,0.0039,0.0080,0.0047
565,0.0090,0.0024,0.0065,0.0017
566,0.0102,0.0020,0.0093,0.0013
567,0.0149,0.0028,0.0109,0.0017
568,0.0054,0.0025,0.0050,0.0014
569,0.0069,0.0043,0.0063,0.0020
570,0.0102,0.0020,0.0093,0.0013
571,0.0149,0.0028,0.0109,0.0017
572,0.0102,0.0020,0.0093,0.0013
573,0.0102,0.0020,0.0093,0.0013
574,0.0054,0.0025,0.0050,0.0014
575,0.0102,0.0020,0.0093,0.0013
576,0.0102,0.0020,0.0093,0.0013
577,0.0091,0.0028,0.0070,0.0022
578,0.0102,0.0020,0.0093,0.0013
579,0.0054,0.0025,0.0050,0.0014
580,0.0089,0.0054,0.0093,0.0022
581,0.0149,0.0028,0.0109,0.0017
582,0.0102,0.0020,0.0093,0.0013
583,0.0102,0.0020,0.0093,0.0013
584,0.0149,0.0028,0.0109,0.0017
585,0.0054,0.0025,0.0050,0.0014
586,0.0102,0.0020,0.0093,0.0013
587,0.0149,0.0028,0.0109,0.0017
588,0.0102,0.0020,0.0093,0.0013
589,0.0085,0.0022,0.0073,0.0019
590,0.0054,0.0025,0.0050,0.0014
591,0.0069,0.0043,0.0063,0.0020
592,0.0102,0.0020,0.0093,0.0013
593,0.0102,0.0020,0.0093,0.0013
594,0.0149,0.0028,0.0109,0.0017
595,0.0102,0.0020,0.0093,0.0013
596,0.0054,0.0025,0.0050,0.0014
597,0.0149,0.0028,0.0109,0.0017
598,0.0102,0.0020,0.0093,0.0013
599,0.0102,0.0020,0.0093,0.0013
600,0.0149,0.0028,0.0109,0.0017
601,0.0046,0.0033,0.0052,0.0015
602,0.0071,0.0053,0.0089,0.0013
603,0.0102,0.0020,0.0093,0.0013
604,0.0149,0.0028,0.0109,0.0017
605,0.0102,0.0020,0.0093,0.0013
606,0.0102,0.0020,0.0093,0.0013
607,0.0054,0.0025,0.0050,0.0014
608,0.0126,0.0029,0.0106,0.0015
609,0.0130,0.0018,0.0095,0.0019
610,0.0165,0.0050,0.0148,0.0032
611,0.0133,0.0022,0.0086,0.0022
612,0.0049,0.0029,0.0053,0.0014
613,0.0069,0.0043,0.0063,0.0020
614,0.0079,0.0025,0.0070,0.0029
615,0.0132,0.0026,0.0086,0.0020
616,0.0127,0.0025,0.0085,0.0018
617,0.0163,0.0030,0.0101,0.0017
618,0.0088,0.0027,0.0084,0.0018
619,0.0108,0.0019,0.0092,0.0012
620,0.0141,0.0026,0.0112,0.0017
621,0.0092,0.0021,0.0066,0.0017
622,0.0092,0.0023,0.0064,0.0018
623,0.0054,0.0026,0.0048,0.0014
624,0.0069,0.0043,0.0063,0.0020
625,0.0088,0.0023,0.0068,0.0017
626,0.0076,0.0025,0.0081,0.0022
627,0.0085,0.0027,0.0069,0.0024
628,0.0082,0.0023,0.0076,0.0020
629,0.0043,0.0040,0.0051,0.0015
630,0.0078,0.0026,0.0071,0.0033
631,0.0073,0.0028,0.0083,0.0022
632,0.0095,0.0035,0.0096,0.0041
633,0.0080,0.0037,0.0058,0.0048
634,0.0060,0.0035,0.0040,0.0028
635,0.0069,0.0043,0.0063,0.0020
636,0.0060,0.0035,0.0040,0.0028
637,0.0060,0.0035,0.0040,0.0028
638,0.0060,0.0035,0.0040,0.0028
639,0.0060,0.0035,0.0040,0.0028
640,0.0060,0.0035,0.0040,0.0028
641,0.0052,0.0049,0.0046,0.0019
642,0.0052,0.0049,0.0046,0.0019
643,0.0068,0.0048,0.0053,0.0020
644,0.0059,0.0051,0.0049,0.0021
645,0.0047,0.0070,0.0051,0.0015
646,0.0069,0.0043,0.0063,0.0020
647,0.0070,0.0048,0.0060,0.0023
648,0.0069,0.0064,0.0053,0.0022
649,0.0068,0.0069,0.0056,0.0022
650,0.0070,0.0058,0.0063,0.0030
651,0.0053,0.0085,0.0055,0.0018
652,0.0065,0.0072,0.0060,0.0030
653,0.0078,0.0065,0.0076,0.0040
654,0.0064,0.0075,0.0065,0.0038
655,0.0064,0.0078,0.0068,0.0041
656,0.0051,0.0074,0.0051,0.0015
657,0.0071,0.0053,0.0089,0.0013
658,0.0068,0.0100,0.0068,0.0062
659,0.0067,0.0076,0.0058,0.0038
660,0.0080,0.0057,0.0075,0.0036
661,0.0063,0.0065,0.0048,0.0035
662,0.0075,0.0067,0.0105,0.0033
663,0.0068,0.0067,0.0064,0.0049
664,0.0048,0.0055,0.0047,0.0018
665,0.0052,0.0052,0.0050,0.0021
666,0.0063,0.0047,0.0048,0.0016
667,0.0068,0.0062,0.0084,0.0025
668,0.0099,0.0083,0.0094,0.0057
669,0.0069,0.0043,0.0063,0.0020
670,0.0069,0.0064,0.0053,0.0022
671,0.0070,0.0050,0.0057,0.0019
672,0.0076,0.0049,0.0068,0.0014
673,0.0064,0.0049,0.0059,0.0020
674,0.0064,0.0072,0.0062,0.0052
675,0.0073,0.0054,0.0065,0.0028
676,0.0070,0.0056,0.0067,0.0029
677,0.0083,0.0063,0.0075,0.0026
678,0.0060,0.0060,0.0065,0.0033
679,0.0070,0.0113,0.0075,0.0039
680,0.0069,0.0043,0.0063,0.0020
681,0.0080,0.0065,0.0086,0.0047
682,0.0068,0.0069,0.0056,0.0022
683,0.0052,0.0049,0.0046,0.0019
684,0.0068,0.0048,0.0053,0.0020
685,0.0044,0.0063,0.0052,0.0015
686,0.0052,0.0049,0.0046,0.0019
687,0.0068,0.0048,0.0053,0.0020
688,0.0052,0.0049,0.0046,0.0019
689,0.0052,0.0049,0.0046,0.0019
690,0.0044,0.0063,0.0052,0.0015
691,0.0069,0.0043,0.0063,0.0020
692,0.0052,0.0049,0.0046,0.0019
693,0.0052,0.0049,0.0046,0.0019
694,0.0070,0.0058,0.0063,0.0030
695,0.0052,0.0049,0.0046,0.0019
696,0.0044,0.0063,0.0052,0.0015
697,0.0068,0.0048,0.0053,0.0020
698,0.0052,0.0049,0.0046,0.0019
699,0.0052,0.0049,0.0046,0.0019
700,0.0068,0.0048,0.0053,0.0020
701,0.0044,0.0063,0.0052,0.0015
702,0.0092,0.0055,0.0092,0.0024
703,0.0052,0.0049,0.0046,0.0019
704,0.0068,0.0048,0.0053,0.0020
705,0.0052,0.0049,0.0046,0.0019
706,0.0066,0.0071,0.0059,0.0027
707,0.0044,0.0063,0.0052,0.0015
708,0.0052,0.0049,0.0046,0.0019
709,0.0052,0.0049,0.0046,0.0019
710,0.0068,0.0048,0.0053,0.0020
711,0.0052,0.0049,0.0046,0.0019
712,0.0044,0.0063,0.0052,0.0015
713,0.0071,0.0053,0.0089,0.0013
714,0.0068,0.0048,0.0053,0.0020
715,0.0052,0.0049,0.0046,0.0019
716,0.0052,0.0049,0.0046,0.0019
717,0.0068,0.0048,0.0053,0.0020
718,0.0052,0.0090,0.0057,0.0020
719,0.0052,0.0049,0.0046,0.0019
720,0.0068,0.0048,0.0053,0.0020
721,0.0052,0.0049,0.0046,0.0019
722,0.0052,0.0049,0.0046,0.0019
723,0.0044,0.0063,0.0052,0.0015
724,0.0069,0.0043,0.0063,0.0020
725,0.0066,0.0035,0.0071,0.0016
726,0.0061,0.0035,0.0064,0.0017
727,0.0078,0.0050,0.0083,0.0034
728,0.0054,0.0046,0.0059,0.0019
729,0.0053,0.0085,0.0055,0.0018
730,0.0078,0.0065,0.0076,0.0040
731,0.0048,0.0051,0.0053,0.0018
732,0.0046,0.0051,0.0048,0.0016
733,0.0065,0.0048,0.0056,0.0020
734,0.0062,0.0054,0.0061,0.0018
735,0.0069,0.0043,0.0063,0.0020
736,0.0047,0.0048,0.0041,0.0017
737,0.0069,0.0048,0.0056,0.0021
738,0.0066,0.0056,0.0050,0.0022
739,0.0069,0.0064,0.0053,0.0022
740,0.0054,0.0080,0.0052,0.0015
741,0.0067,0.0071,0.0057,0.0024
742,0.0064,0.0075,0.0065,0.0038
743,0.0072,0.0063,0.0071,0.0033
744,0.0065,0.0072,0.0060,0.0030
745,0.0052,0.0097,0.0059,0.0022
746,0.0069,0.0043,0.0063,0.0020
747,0.0080,0.0064,0.0074,0.0045
748,0.0064,0.0078,0.0068,0.0041
749,0.0068,0.0100,0.0068,0.0062
750,0.0080,0.0076,0.0070,0.0064
751,0.0057,0.0069,0.0052,0.0026
752,0.0057,0.0069,0.0052,0.0026
753,0.0057,0.0069,0.0052,0.0026
754,0.0057,0.0069,0.0052,0.0026
755,0.0057,0.0069,0.0052,0.0026
756,0.0057,0.0069,0.0052,0.0026
757,0.0069,0.0043,0.0063,0.0020
758,0.0051,0.0042,0.0044,0.0023
759,0.0051,0.0042,0.0044,0.0023
760,0.0068,0.0043,0.0054,0.0024
761,0.0059,0.0044,0.0049,0.0025
762,0.0046,0.0058,0.0060,0.0016
763,0.0070,0.0042,0.0059,0.0026
764,0.0069,0.0054,0.0061,0.0025
765,0.0069,0.0057,0.0065,0.0025
766,0.0072,0.0050,0.0068,0.0033
767,0.0055,0.0069,0.0057,0.0019
768,0.0071,0.0053,0.0089,0.0013
769,0.0068,0.0058,0.0067,0.0031
770,0.0081,0.0053,0.0084,0.0042
771,0.0069,0.0061,0.0065,0.0038
772,0.0070,0.0064,0.0064,0.0040
773,0.0050,0.0061,0.0061,0.0015
774,0.0066,0.0074,0.0067,0.0064
775,0.0065,0.0062,0.0057,0.0039
776,0.0081,0.0051,0.0071,0.0036
777,0.0064,0.0060,0.0047,0.0032
778,0.0074,0.0060,0.0107,0.0034
779,0.0094,0.0069,0.0092,0.0038
780,0.0069,0.0043,0.0063,0.0020
781,0.0069,0.0059,0.0057,0.0045
782,0.0050,0.0049,0.0044,0.0017
783,0.0053,0.0047,0.0048,0.0023
784,0.0063,0.0041,0.0046,0.0017
785,0.0068,0.0054,0.0087,0.0028
786,0.0069,0.0054,0.0061,0.0025
787,0.0069,0.0044,0.0058,0.0023
788,0.0076,0.0042,0.0067,0.0015
789,0.0063,0.0043,0.0057,0.0018
790,0.0059,0.0059,0.0070,0.0050
791,0.0069,0.0043,0.0063,0.0020
792,0.0072,0.0047,0.0064,0.0027
793,0.0070,0.0050,0.0069,0.0028
794,0.0086,0.0053,0.0071,0.0025
795,0.0059,0.0053,0.0074,0.0033
796,0.0057,0.0074,0.0086,0.0034
797,0.0087,0.0061,0.0084,0.0048
798,0.0069,0.0057,0.0065,0.0025
799,0.0051,0.0042,0.0044,0.0023
800,0.0068,0.0043,0.0054,0.0024
801,0.0042,0.0054,0.0057,0.0017
802,0.0069,0.0043,0.0063,0.0020
803,0.0051,0.0042,0.0044,0.0023
804,0.0068,0.0043,0.0054,0.0024
805,0.0051,0.0042,0.0044,0.0023
806,0.0051,0.0042,0.0044,0.0023
807,0.0042,0.0054,0.0057,0.0017
808,0.0051,0.0042,0.0044,0.0023
809,0.0051,0.0042,0.0044,0.0023
810,0.0072,0.0050,0.0068,0.0033
811,0.0051,0.0042,0.0044,0.0023
812,0.0042,0.0054,0.0057,0.0017
813,0.0069,0.0043,0.0063,0.0020
814,0.0068,0.0043,0.0054,0.0024
815,0.0051,0.0042,0.0044,0.0023
816,0.0051,0.0042,0.0044,0.0023
817,0.0068,0.0043,0.0054,0.0024
818,0.0042,0.0054,0.0057,0.0017
819,0.0051,0.0042,0.0044,0.0023
820,0.0068,0.0043,0.0054,0.0024
821,0.0051,0.0042,0.0044,0.0023
822,0.0068,0.0058,0.0068,0.0028
823,0.0042,0.0054,0.0057,0.0017
824,0.0086,0.0067,0.0078,0.0015
825,0.0051,0.0042,0.0044,0.0023
826,0.0051,0.0042,0.0044,0.0023
827,0.0068,0.0043,0.0054,0.0024
828,0.0051,0.0042,0.0044,0.0023
829,0.0042,0.0054,0.0057,0.0017
830,0.0068,0.0043,0.0054,0.0024
831,0.0051,0.0042,0.0044,0.0023
832,0.0051,0.0042,0.0044,0.0023
833,0.0068,0.0043,0.0054,0.0024
834,0.0056,0.0073,0.0055,0.0020
835,0.0069,0.0043,0.0063,0.0020
836,0.0051,0.0042,0.0044,0.0023
837,0.0068,0.0043,0.0054,0.0024
838,0.0051,0.0042,0.0044,0.0023
839,0.0051,0.0042,0.0044,0.0023
840,0.0042,0.0054,0.0057,0.0017
841,0.0066,0.0033,0.0066,0.0021
842,0.0061,0.0030,0.0062,0.0021
843,0.0079,0.0050,0.0075,0.0036
844,0.0053,0.0041,0.0061,0.0023
845,0.0055,0.0069,0.0057,0.0019
846,0.0069,0.0043,0.0063,0.0020
847,0.0081,0.0053,0.0084,0.0042
848,0.0046,0.0045,0.0055,0.0022
849,0.0044,0.0044,0.0049,0.0021
850,0.0065,0.0043,0.0058,0.0023
851,0.0061,0.0048,0.0060,0.0021
852,0.0045,0.0041,0.0040,0.0022
853,0.0068,0.0042,0.0055,0.0025
854,0.0066,0.0048,0.0052,0.0025
855,0.0069,0.0054,0.0061,0.0025
856,0.0054,0.0064,0.0060,0.0016
857,0.0069,0.0043,0.0063,0.0020
858,0.0068,0.0058,0.0067,0.0026
859,0.0069,0.0061,0.0065,0.0038
860,0.0074,0.0053,0.0079,0.0035
861,0.0068,0.0058,0.0067,0.0031
862,0.0057,0.0079,0.0053,0.0022
863,0.0084,0.0053,0.0081,0.0046
864,0.0070,0.0064,0.0064,0.0040
865,0.0066,0.0074,0.0067,0.0064
866,0.0081,0.0061,0.0068,0.0067
867,0.0054,0.0062,0.0053,0.0026
868,0.0069,0.0043,0.0063,0.0020
869,0.0054,0.0062,0.0053,0.0026
870,0.0054,0.0062,0.0053,0.0026
871,0.0054,0.0062,0.0053,0.0026
872,0.0054,0.0062,0.0053,0.0026
873,0.0054,0.0062,0.0053,0.0026
874,0.0046,0.0029,0.0041,0.0024
875,0.0046,0.0029,0.0041,0.0024
876,0.0068,0.0034,0.0058,0.0020
877,0.0054,0.0030,0.0044,0.0025
878,0.0039,0.0043,0.0052,0.0017
879,0.0071,0.0053,0.0089,0.0013
880,0.0067,0.0031,0.0058,0.0024
881,0.0064,0.0041,0.0055,0.0025
882,0.0064,0.0042,0.0058,0.0024
883,0.0067,0.0040,0.0065,0.0032
884,0.0048,0.0050,0.0051,0.0015
885,0.0062,0.0041,0.0061,0.0027
886,0.0077,0.0038,0.0079,0.0038
887,0.0064,0.0044,0.0060,0.0030
888,0.0066,0.0047,0.0060,0.0031
889,0.0043,0.0044,0.0053,0.0015
890,0.0088,0.0064,0.0085,0.0033
891,0.0102,0.0034,0.0097,0.0017
892,0.0062,0.0055,0.0078,0.0056
893,0.0061,0.0048,0.0057,0.0035
894,0.0077,0.0039,0.0070,0.0034
895,0.0060,0.0045,0.0042,0.0033
896,0.0071,0.0044,0.0103,0.0033
897,0.0068,0.0038,0.0050,0.0049
898,0.0045,0.0031,0.0041,0.0017
899,0.0049,0.0031,0.0046,0.0021
900,0.0067,0.0031,0.0053,0.0016
901,0.0063,0.0041,0.0084,0.0028
902,0.0096,0.0036,0.0101,0.0016
903,0.0064,0.0041,0.0055,0.0025
904,0.0067,0.0035,0.0059,0.0022
905,0.0074,0.0029,0.0064,0.0022
906,0.0062,0.0029,0.0054,0.0024
907,0.0056,0.0040,0.0067,0.0043
908,0.0070,0.0033,0.0062,0.0030
909,0.0065,0.0036,0.0071,0.0029
910,0.0080,0.0037,0.0070,0.0036
911,0.0063,0.0039,0.0088,0.0032
912,0.0074,0.0043,0.0100,0.0033
913,0.0092,0.0043,0.0106,0.0016
914,0.0103,0.0044,0.0101,0.0053
915,0.0064,0.0042,0.0058,0.0024
916,0.0046,0.0029,0.0041,0.0024
917,0.0068,0.0034,0.0058,0.0020
918,0.0036,0.0040,0.0050,0.0019
919,0.0046,0.0029,0.0041,0.0024
920,0.0068,0.0034,0.0058,0.0020
921,0.0046,0.0029,0.0041,0.0024
922,0.0046,0.0029,0.0041,0.0024
923,0.0036,0.0040,0.0050,0.0019
924,0.0087,0.0050,0.0108,0.0017
925,0.0046,0.0029,0.0041,0.0024
926,0.0046,0.0029,0.0041,0.0024
927,0.0067,0.0040,0.0065,0.0032
928,0.0046,0.0029,0.0041,0.0024
929,0.0036,0.0040,0.0050,0.0019
930,0.0068,0.0034,0.0058,0.0020
931,0.0046,0.0029,0.0041,0.0024
932,0.0046,0.0029,0.0041,0.0024
933,0.0068,0.0034,0.0058,0.0020
934,0.0036,0.0040,0.0050,0.0019
935,0.0082,0.0064,0.0079,0.0014
936,0.0046,0.0029,0.0041,0.0024
937,0.0068,0.0034,0.0058,0.0020
938,0.0046,0.0029,0.0041,0.0024
939,0.0062,0.0041,0.0061,0.0025
940,0.0036,0.0040,0.0050,0.0019
941,0.0046,0.0029,0.0041,0.0024
942,0.0046,0.0029,0.0041,0.0024
943,0.0068,0.0034,0.0058,0.0020
944,0.0046,0.0029,0.0041,0.0024
945,0.0036,0.0040,0.0050,0.0019
946,0.0100,0.0057,0.0088,0.0031
947,0.0068,0.0034,0.0058,0.0020
948,0.0046,0.0029,0.0041,0.0024
949,0.0046,0.0029,0.0041,0.0024
950,0.0068,0.0034,0.0058,0.0020
951,0.0049,0.0055,0.0050,0.0016
952,0.0046,0.0029,0.0041,0.0024
953,0.0068,0.0034,0.0058,0.0020
954,0.0046,0.0029,0.0041,0.0024
955,0.0046,0.0029,0.0041,0.0024
956,0.0036,0.0040,0.0050,0.0019
957,0.0079,0.0053,0.0102,0.0016
958,0.0081,0.0029,0.0070,0.0015
959,0.0074,0.0022,0.0073,0.0016
960,0.0101,0.0050,0.0078,0.0030
961,0.0061,0.0030,0.0076,0.0019
962,0.0048,0.0050,0.0051,0.0015
963,0.0077,0.0038,0.0079,0.0038
964,0.0049,0.0034,0.0065,0.0019
965,0.0044,0.0033,0.0056,0.0018
966,0.0073,0.0034,0.0076,0.0018
967,0.0057,0.0034,0.0056,0.0025
968,0.0075,0.0051,0.0095,0.0015
969,0.0041,0.0029,0.0037,0.0021
970,0.0067,0.0032,0.0056,0.0022
971,0.0061,0.0036,0.0048,0.0026
972,0.0064,0.0041,0.0055,0.0025
973,0.0046,0.0045,0.0053,0.0015
974,0.0063,0.0042,0.0060,0.0024
975,0.0064,0.0044,0.0060,0.0030
976,0.0070,0.0040,0.0073,0.0033
977,0.0062,0.0041,0.0061,0.0027
978,0.0051,0.0061,0.0048,0.0016
979,0.0072,0.0048,0.0085,0.0015
980,0.0080,0.0037,0.0076,0.0042
981,0.0066,0.0047,0.0060,0.0031
982,0.0062,0.0055,0.0078,0.0056
983,0.0077,0.0049,0.0074,0.0063
984,0.0049,0.0044,0.0042,0.0024
985,0.0049,0.0044,0.0042,0.0024
986,0.0049,0.0044,0.0042,0.0024
987,0.0049,0.0044,0.0042,0.0024
988,0.0049,0.0044,0.0042,0.0024
989,0.0049,0.0044,0.0042,0.0024
990,0.0092,0.0049,0.0091,0.0015
991,0.0051,0.0021,0.0041,0.0015
992,0.0051,0.0021,0.0041,0.0015
993,0.0068,0.0028,0.0056,0.0016
994,0.0058,0.0022,0.0046,0.0018
995,0.0037,0.0033,0.0048,0.0014
996,0.0072,0.0026,0.0059,0.0017
997,0.0066,0.0032,0.0057,0.0020
998,0.0065,0.0034,0.0059,0.0019
999,0.0073,0.0033,0.0073,0.0026
1000,0.0044,0.0041,0.0044,0.0014
1001,0.0114,0.0067,0.0138,0.0044
1002,0.0069,0.0044,0.0068,0.0018
1003,0.0061,0.0031,0.0057,0.0021
1004,0.0078,0.0029,0.0080,0.0033
1005,0.0061,0.0034,0.0056,0.0023
1006,0.0063,0.0037,0.0056,0.0023
1007,0.0041,0.0034,0.0047,0.0014
1008,0.0063,0.0041,0.0077,0.0049
1009,0.0060,0.0037,0.0051,0.0032
1010,0.0077,0.0031,0.0064,0.0034
1011,0.0061,0.0038,0.0056,0.0036
1012,0.0072,0.0035,0.0109,0.0032
1013,0.0072,0.0044,0.0066,0.0021
1014,0.0074,0.0034,0.0061,0.0056
1015,0.0054,0.0024,0.0055,0.0022
1016,0.0056,0.0024,0.0054,0.0021
1017,0.0062,0.0027,0.0051,0.0024
1018,0.0064,0.0031,0.0085,0.0023
1019,0.0066,0.0032,0.0057,0.0020
1020,0.0071,0.0029,0.0059,0.0016
1021,0.0072,0.0020,0.0063,0.0015
1022,0.0058,0.0021,0.0053,0.0020
1023,0.0068,0.0031,0.0054,0.0041
1024,0.0077,0.0047,0.0074,0.0022
1025,0.0077,0.0024,0.0060,0.0033
1026,0.0075,0.0027,0.0061,0.0034
1027,0.0083,0.0030,0.0071,0.0046
1028,0.0052,0.0029,0.0062,0.0031
1029,0.0048,0.0034,0.0072,0.0029
1030,0.0080,0.0038,0.0086,0.0046
1031,0.0065,0.0034,0.0059,0.0019
1032,0.0051,0.0021,0.0041,0.0015
1033,0.0068,0.0028,0.0056,0.0016
1034,0.0033,0.0031,0.0049,0.0015
1035,0.0081,0.0051,0.0084,0.0022
1036,0.0051,0.0021,0.0041,0.0015
1037,0.0068,0.0028,0.0056,0.0016
1038,0.0051,0.0021,0.0041,0.0015
1039,0.0051,0.0021,0.0041,0.0015
1040,0.0033,0.0031,0.0049,0.0015
1041,0.0051,0.0021,0.0041,0.0015
1042,0.0051,0.0021,0.0041,0.0015
1043,0.0073,0.0033,0.0073,0.0026
1044,0.0051,0.0021,0.0041,0.0015
1045,0.0033,0.0031,0.0049,0.0015
1046,0.0076,0.0060,0.0083,0.0013
1047,0.0068,0.0028,0.0056,0.0016
1048,0.0051,0.0021,0.0041,0.0015
1049,0.0051,0.0021,0.0041,0.0015
1050,0.0068,0.0028,0.0056,0.0016
1051,0.0033,0.0031,0.0049,0.0015
1052,0.0051,0.0021,0.0041,0.0015
1053,0.0068,0.0028,0.0056,0.0016
1054,0.0051,0.0021,0.0041,0.0015
1055,0.0063,0.0031,0.0059,0.0020
1056,0.0033,0.0031,0.0049,0.0015
1057,0.0089,0.0054,0.0093,0.0022
1058,0.0051,0.0021,0.0041,0.0015
1059,0.0051,0.0021,0.0041,0.0015
1060,0.0068,0.0028,0.0056,0.0016
1061,0.0051,0.0021,0.0041,0.0015
1062,0.0033,0.0031,0.0049,0.0015
1063,0.0068,0.0028,0.0056,0.0016
1064,0.0051,0.0021,0.0041,0.0015
1065,0.0051,0.0021,0.0041,0.0015
1066,0.0068,0.0028,0.0056,0.0016
1067,0.0044,0.0047,0.0043,0.0014
1068,0.0104,0.0059,0.0087,0.0034
1069,0.0051,0.0021,0.0041,0.0015
1070,0.0068,0.0028,0.0056,0.0016
1071,0.0051,0.0021,0.0041,0.0015
1072,0.0051,0.0021,0.0041,0.0015
1073,0.0033,0.0031,0.0049,0.0015
1074,0.0071,0.0029,0.0068,0.0018
1075,0.0065,0.0019,0.0068,0.0020
1076,0.0071,0.0050,0.0075,0.0029
1077,0.0055,0.0023,0.0069,0.0021
1078,0.0044,0.0041,0.0044,0.0014
1079,0.0092,0.0055,0.0092,0.0024
1080,0.0078,0.0029,0.0080,0.0033
1081,0.0047,0.0027,0.0060,0.0018
1082,0.0045,0.0026,0.0053,0.0015
1083,0.0061,0.0029,0.0061,0.0018
1084,0.0057,0.0026,0.0055,0.0018
1085,0.0046,0.0020,0.0036,0.0013
1086,0.0069,0.0027,0.0056,0.0016
1087,0.0064,0.0028,0.0053,0.0019
1088,0.0066,0.0032,0.0057,0.0020
1089,0.0043,0.0035,0.0045,0.0014
1090,0.0096,0.0056,0.0090,0.0028
1091,0.0063,0.0033,0.0059,0.0019
1092,0.0061,0.0034,0.0056,0.0023
1093,0.0074,0.0033,0.0079,0.0028
1094,0.0061,0.0031,0.0057,0.0021
1095,0.0045,0.0055,0.0042,0.0015
1096,0.0081,0.0027,0.0076,0.0036
1097,0.0063,0.0037,0.0056,0.0023
1098,0.0063,0.0041,0.0077,0.0049
1099,0.0076,0.0039,0.0061,0.0058
1100,0.0046,0.0034,0.0040,0.0024
1101,0.0090,0.0072,0.0078,0.0017
1102,0.0046,0.0034,0.0040,0.0024
1103,0.0046,0.0034,0.0040,0.0024
1104,0.0046,0.0034,0.0040,0.0024
1105,0.0046,0.0034,0.0040,0.0024
1106,0.0046,0.0034,0.0040,0.0024
1107,0.0052,0.0018,0.0053,0.0014
1108,0.0052,0.0018,0.0053,0.0014
1109,0.0090,0.0029,0.0072,0.0016
1110,0.0054,0.0020,0.0045,0.0017
1111,0.0037,0.0029,0.0044,0.0014
1112,0.0069,0.0051,0.0062,0.0016
1113,0.0082,0.0057,0.0078,0.0028
1114,0.0104,0.0059,0.0087,0.0034
1115,0.0075,0.0026,0.0071,0.0017
1116,0.0063,0.0029,0.0049,0.0018
1117,0.0064,0.0030,0.0055,0.0018
1118,0.0065,0.0032,0.0061,0.0024
1119,0.0048,0.0036,0.0045,0.0014
1120,0.0064,0.0026,0.0058,0.0022
1121,0.0079,0.0026,0.0080,0.0032
1122,0.0066,0.0029,0.0059,0.0024
1123,0.0068,0.0033,0.0059,0.0024
1124,0.0041,0.0030,0.0045,0.0014
1125,0.0109,0.0061,0.0086,0.0037
1126,0.0061,0.0032,0.0066,0.0049
1127,0.0059,0.0033,0.0051,0.0032
1128,0.0076,0.0030,0.0067,0.0034
1129,0.0058,0.0037,0.0056,0.0038
1130,0.0069,0.0033,0.0108,0.0033
1131,0.0065,0.0027,0.0054,0.0063
1132,0.0043,0.0022,0.0040,0.0027
1133,0.0053,0.0023,0.0051,0.0024
1134,0.0087,0.0028,0.0071,0.0025
1135,0.0061,0.0028,0.0080,0.0022
1136,0.0101,0.0081,0.0084,0.0091
1137,0.0063,0.0029,0.0049,0.0018
1138,0.0081,0.0029,0.0066,0.0016
1139,0.0072,0.0018,0.0065,0.0014
1140,0.0058,0.0018,0.0053,0.0018
1141,0.0064,0.0028,0.0054,0.0042
1142,0.0073,0.0022,0.0061,0.0029
1143,0.0078,0.0025,0.0063,0.0032
1144,0.0083,0.0030,0.0074,0.0041
1145,0.0062,0.0025,0.0058,0.0032
1146,0.0052,0.0030,0.0068,0.0032
1147,0.0100,0.0065,0.0093,0.0058
1148,0.0075,0.0039,0.0080,0.0044
1149,0.0064,0.0030,0.0055,0.0018
1150,0.0052,0.0018,0.0053,0.0014
1151,0.0090,0.0029,0.0072,0.0016
1152,0.0032,0.0027,0.0044,0.0014
1153,0.0052,0.0018,0.0053,0.0014
1154,0.0090,0.0029,0.0072,0.0016
1155,0.0052,0.0018,0.0053,0.0014
1156,0.0052,0.0018,0.0053,0.0014
1157,0.0032,0.0027,0.0044,0.0014
1158,0.0086,0.0061,0.0085,0.0034
1159,0.0052,0.0018,0.0053,0.0014
1160,0.0052,0.0018,0.0053,0.0014
1161,0.0065,0.0032,0.0061,0.0024
1162,0.0052,0.0018,0.0053,0.0014
1163,0.0032,0.0027,0.0044,0.0014
1164,0.0090,0.0029,0.0072,0.0016
1165,0.0052,0.0018,0.0053,0.0014
1166,0.0052,0.0018,0.0053,0.0014
1167,0.0090,0.0029,0.0072,0.0016
1168,0.0032,0.0027,0.0044,0.0014
1169,0.0086,0.0061,0.0085,0.0034
1170,0.0052,0.0018,0.0053,0.0014
1171,0.0090,0.0029,0.0072,0.0016
1172,0.0052,0.0018,0.0053,0.0014
1173,0.0064,0.0027,0.0059,0.0020
1174,0.0032,0.0027,0.0044,0.0014
1175,0.0052,0.0018,0.0053,0.0014
1176,0.0052,0.0018,0.0053,0.0014
1177,0.0090,0.0029,0.0072,0.0016
1178,0.0052,0.0018,0.0053,0.0014
1179,0.0032,0.0027,0.0044,0.0014
1180,0.0086,0.0061,0.0085,0.0034
1181,0.0090,0.0029,0.0072,0.0016
1182,0.0052,0.0018,0.0053,0.0014
1183,0.0052,0.0018,0.0053,0.0014
1184,0.0090,0.0029,0.0072,0.0016
1185,0.0049,0.0042,0.0045,0.0014
1186,0.0052,0.0018,0.0053,0.0014
1187,0.0090,0.0029,0.0072,0.0016
1188,0.0052,0.0018,0.0053,0.0014
1189,0.0052,0.0018,0.0053,0.0014
1190,0.0032,0.0027,0.0044,0.0014
1191,0.0086,0.0061,0.0085,0.0034
1192,0.0072,0.0030,0.0078,0.0016
1193,0.0074,0.0019,0.0071,0.0018
1194,0.0106,0.0051,0.0112,0.0032
1195,0.0076,0.0021,0.0065,0.0020
1196,0.0048,0.0036,0.0045,0.0014
1197,0.0079,0.0026,0.0080,0.0032
1198,0.0075,0.0026,0.0060,0.0018
1199,0.0072,0.0025,0.0058,0.0015
1200,0.0103,0.0029,0.0074,0.0017
1201,0.0057,0.0024,0.0058,0.0017
1202,0.0086,0.0061,0.0085,0.0034
1203,0.0056,0.0019,0.0054,0.0012
1204,0.0082,0.0027,0.0071,0.0016
1205,0.0060,0.0026,0.0043,0.0018
1206,0.0063,0.0029,0.0049,0.0018
1207,0.0045,0.0030,0.0045,0.0014
1208,0.0064,0.0029,0.0056,0.0018
1209,0.0066,0.0029,0.0059,0.0024
1210,0.0070,0.0031,0.0072,0.0027
1211,0.0064,0.0026,0.0058,0.0022
1212,0.0052,0.0050,0.0044,0.0014
1213,0.0086,0.0061,0.0085,0.0034
1214,0.0082,0.0025,0.0077,0.0037
1215,0.0068,0.0033,0.0059,0.0024
1216,0.0061,0.0032,0.0066,0.0049
1217,0.0076,0.0033,0.0060,0.0058
1218,0.0046,0.0034,0.0044,0.0024
1219,0.0046,0.0034,0.0044,0.0024
1220,0.0046,0.0034,0.0044,0.0024
1221,0.0046,0.0034,0.0044,0.0024
1222,0.0046,0.0034,0.0044,0.0024
1223,0.0046,0.0034,0.0044,0.0024
1224,0.0086,0.0053,0.0083,0.0026
1225,0.0065,0.0030,0.0059,0.0022
1226,0.0065,0.0030,0.0059,0.0022
1227,0.0065,0.0030,0.0059,0.0022
1228,0.0068,0.0030,0.0061,0.0024
1229,0.0065,0.0038,0.0081,0.0013
1230,0.0072,0.0033,0.0069,0.0024
1231,0.0076,0.0036,0.0077,0.0023
1232,0.0080,0.0036,0.0083,0.0022
1233,0.0083,0.0037,0.0086,0.0022
1234,0.0075,0.0044,0.0073,0.0013
1235,0.0089,0.0052,0.0085,0.0027
1236,0.0091,0.0038,0.0084,0.0025
1237,0.0095,0.0039,0.0083,0.0027
1238,0.0100,0.0041,0.0083,0.0029
1239,0.0104,0.0043,0.0082,0.0029
1240,0.0065,0.0039,0.0080,0.0012
1241,0.0097,0.0059,0.0084,0.0085
1242,0.0096,0.0050,0.0087,0.0055
1243,0.0091,0.0047,0.0086,0.0037
1244,0.0086,0.0045,0.0082,0.0030
1245,0.0112,0.0044,0.0136,0.0044
1246,0.0084,0.0051,0.0079,0.0026
1247,0.0080,0.0034,0.0077,0.0024
1248,0.0084,0.0032,0.0083,0.0024
1249,0.0086,0.0033,0.0085,0.0027
1250,0.0081,0.0032,0.0079,0.0027
1251,0.0098,0.0040,0.0114,0.0025
1252,0.0076,0.0036,0.0077,0.0023
1253,0.0072,0.0030,0.0064,0.0020
1254,0.0082,0.0031,0.0072,0.0020
1255,0.0093,0.0033,0.0081,0.0023
1256,0.0093,0.0039,0.0103,0.0039
1257,0.0101,0.0063,0.0114,0.0021
1258,0.0119,0.0034,0.0106,0.0030
1259,0.0112,0.0035,0.0111,0.0029
1260,0.0102,0.0037,0.0115,0.0028
1261,0.0102,0.0039,0.0120,0.0030
1262,0.0103,0.0045,0.0114,0.0033
1263,0.0125,0.0038,0.0127,0.0054
1264,0.0080,0.0036,0.0083,0.0022
1265,0.0065,0.0030,0.0059,0.0022
1266,0.0065,0.0030,0.0059,0.0022
1267,0.0067,0.0037,0.0082,0.0015
1268,0.0080,0.0062,0.0077,0.0019
1269,0.0065,0.0030,0.0059,0.0022
1270,0.0065,0.0030,0.0059,0.0022
1271,0.0065,0.0030,0.0059,0.0022
1272,0.0065,0.0030,0.0059,0.0022
1273,0.0067,0.0037,0.0082,0.0015
1274,0.0065,0.0030,0.0059,0.0022
1275,0.0065,0.0030,0.0059,0.0022
1276,0.0083,0.0037,0.0086,0.0022
1277,0.0065,0.0030,0.0059,0.0022
1278,0.0067,0.0037,0.0082,0.0015
1279,0.0076,0.0051,0.0068,0.0014
1280,0.0065,0.0030,0.0059,0.0022
1281,0.0065,0.0030,0.0059,0.0022
1282,0.0065,0.0030,0.0059,0.0022
1283,0.0065,0.0030,0.0059,0.0022
1284,0.0067,0.0037,0.0082,0.0015
1285,0.0065,0.0030,0.0059,0.0022
1286,0.0065,0.0030,0.0059,0.0022
1287,0.0065,0.0030,0.0059,0.0022
1288,0.0087,0.0037,0.0085,0.0023
1289,0.0067,0.0037,0.0082,0.0015
1290,0.0084,0.0051,0.0075,0.0017
1291,0.0065,0.0030,0.0059,0.0022
1292,0.0065,0.0030,0.0059,0.0022
1293,0.0065,0.0030,0.0059,0.0022
1294,0.0065,0.0030,0.0059,0.0022
1295,0.0067,0.0037,0.0082,0.0015
1296,0.0065,0.0030,0.0059,0.0022
1297,0.0065,0.0030,0.0059,0.0022
1298,0.0065,0.0030,0.0059,0.0022
1299,0.0065,0.0030,0.0059,0.0022
1300,0.0080,0.0047,0.0073,0.0013
1301,0.0094,0.0051,0.0083,0.0022
1302,0.0065,0.0030,0.0059,0.0022
1303,0.0065,0.0030,0.0059,0.0022
1304,0.0065,0.0030,0.0059,0.0022
1305,0.0065,0.0030,0.0059,0.0022
1306,0.0067,0.0037,0.0082,0.0015
1307,0.0110,0.0029,0.0104,0.0013
1308,0.0103,0.0025,0.0111,0.0014
1309,0.0097,0.0030,0.0117,0.0014
1310,0.0090,0.0036,0.0119,0.0015
1311,0.0075,0.0044,0.0073,0.0013
1312,0.0096,0.0071,0.0099,0.0051
1313,0.0095,0.0039,0.0083,0.0027
1314,0.0079,0.0039,0.0109,0.0015
1315,0.0074,0.0037,0.0099,0.0015
1316,0.0070,0.0034,0.0087,0.0016
1317,0.0090,0.0036,0.0088,0.0020
1318,0.0065,0.0031,0.0064,0.0019
1319,0.0068,0.0030,0.0061,0.0024
1320,0.0072,0.0033,0.0069,0.0024
1321,0.0076,0.0036,0.0077,0.0023
1322,0.0069,0.0041,0.0076,0.0012
1323,0.0072,0.0052,0.0064,0.0018
1324,0.0121,0.0053,0.0106,0.0026
1325,0.0083,0.0037,0.0086,0.0022
1326,0.0100,0.0041,0.0083,0.0029
1327,0.0087,0.0037,0.0085,0.0023
1328,0.0091,0.0038,0.0084,0.0025
1329,0.0085,0.0052,0.0074,0.0013
1330,0.0100,0.0041,0.0083,0.0029
1331,0.0104,0.0043,0.0082,0.0029
1332,0.0097,0.0059,0.0084,0.0085
1333,0.0096,0.0050,0.0087,0.0055
1334,0.0082,0.0044,0.0073,0.0033
1335,0.0114,0.0055,0.0106,0.0026
1336,0.0082,0.0044,0.0073,0.0033
1337,0.0082,0.0044,0.0073,0.0033
1338,0.0082,0.0044,0.0073,0.0033
1339,0.0082,0.0044,0.0073,0.0033
1340,0.0082,0.0044,0.0073,0.0033
1341,0.0066,0.0024,0.0058,0.0016
1342,0.0066,0.0024,0.0058,0.0016
1343,0.0066,0.0024,0.0058,0.0016
1344,0.0069,0.0023,0.0061,0.0019
1345,0.0063,0.0027,0.0077,0.0012
1346,0.0103,0.0057,0.0104,0.0029
1347,0.0074,0.0023,0.0071,0.0020
1348,0.0077,0.0025,0.0076,0.0020
1349,0.0080,0.0026,0.0081,0.0019
1350,0.0083,0.0025,0.0083,0.0019
1351,0.0072,0.0031,0.0067,0.0013
1352,0.0089,0.0025,0.0080,0.0022
1353,0.0093,0.0026,0.0079,0.0023
1354,0.0097,0.0027,0.0079,0.0024
1355,0.0101,0.0029,0.0079,0.0023
1356,0.0063,0.0027,0.0075,0.0012
1357,0.0097,0.0059,0.0103,0.0035
1358,0.0097,0.0044,0.0084,0.0079
1359,0.0094,0.0038,0.0085,0.0052
1360,0.0090,0.0038,0.0090,0.0037
1361,0.0086,0.0038,0.0092,0.0033
1362,0.0112,0.0035,0.0140,0.0043
1363,0.0084,0.0029,0.0091,0.0029
1364,0.0087,0.0026,0.0091,0.0028
1365,0.0089,0.0027,0.0089,0.0028
1366,0.0083,0.0026,0.0080,0.0026
1367,0.0097,0.0030,0.0114,0.0022
1368,0.0093,0.0114,0.0092,0.0043
1369,0.0077,0.0025,0.0076,0.0020
1370,0.0072,0.0024,0.0063,0.0014
1371,0.0080,0.0024,0.0071,0.0016
1372,0.0091,0.0025,0.0080,0.0021
1373,0.0102,0.0028,0.0094,0.0037
1374,0.0125,0.0024,0.0104,0.0036
1375,0.0119,0.0025,0.0104,0.0040
1376,0.0105,0.0027,0.0101,0.0040
1377,0.0094,0.0028,0.0101,0.0037
1378,0.0083,0.0040,0.0088,0.0036
1379,0.0106,0.0088,0.0101,0.0052
1380,0.0104,0.0027,0.0104,0.0046
1381,0.0080,0.0026,0.0081,0.0019
1382,0.0066,0.0024,0.0058,0.0016
1383,0.0066,0.0024,0.0058,0.0016
1384,0.0065,0.0027,0.0080,0.0012
1385,0.0066,0.0024,0.0058,0.0016
1386,0.0066,0.0024,0.0058,0.0016
1387,0.0066,0.0024,0.0058,0.0016
1388,0.0066,0.0024,0.0058,0.0016
1389,0.0065,0.0027,0.0080,0.0012
1390,0.0083,0.0066,0.0082,0.0019
1391,0.0066,0.0024,0.0058,0.0016
1392,0.0066,0.0024,0.0058,0.0016
1393,0.0083,0.0025,0.0083,0.0019
1394,0.0066,0.0024,0.0058,0.0016
1395,0.0065,0.0027,0.0080,0.0012
1396,0.0066,0.0024,0.0058,0.0016
1397,0.0066,0.0024,0.0058,0.0016
1398,0.0066,0.0024,0.0058,0.0016
1399,0.0066,0.0024,0.0058,0.0016
1400,0.0065,0.0027,0.0080,0.0012
1401,0.0069,0.0051,0.0062,0.0016
1402,0.0066,0.0024,0.0058,0.0016
1403,0.0066,0.0024,0.0058,0.0016
1404,0.0066,0.0024,0.0058,0.0016
1405,0.0086,0.0025,0.0081,0.0020
1406,0.0065,0.0027,0.0080,0.0012
1407,0.0066,0.0024,0.0058,0.0016
1408,0.0066,0.0024,0.0058,0.0016
1409,0.0066,0.0024,0.0058,0.0016
1410,0.0066,0.0024,0.0058,0.0016
1411,0.0065,0.0027,0.0080,0.0012
1412,0.0069,0.0051,0.0062,0.0016
1413,0.0066,0.0024,0.0058,0.0016
1414,0.0066,0.0024,0.0058,0.0016
1415,0.0066,0.0024,0.0058,0.0016
1416,0.0066,0.0024,0.0058,0.0016
1417,0.0075,0.0035,0.0067,0.0014
1418,0.0066,0.0024,0.0058,0.0016
1419,0.0066,0.0024,0.0058,0.0016
1420,0.0066,0.0024,0.0058,0.0016
1421,0.0066,0.0024,0.0058,0.0016
1422,0.0065,0.0027,0.0080,0.0012
1423,0.0071,0.0062,0.0083,0.0013
1424,0.0102,0.0030,0.0100,0.0016
1425,0.0096,0.0021,0.0105,0.0018
1426,0.0091,0.0022,0.0110,0.0019
1427,0.0086,0.0026,0.0111,0.0020
1428,0.0072,0.0031,0.0067,0.0013
1429,0.0093,0.0026,0.0079,0.0023
1430,0.0078,0.0029,0.0103,0.0018
1431,0.0074,0.0028,0.0095,0.0015
1432,0.0071,0.0025,0.0084,0.0013
1433,0.0088,0.0029,0.0087,0.0015
1434,0.0069,0.0069,0.0082,0.0014
1435,0.0069,0.0051,0.0062,0.0016
1436,0.0066,0.0022,0.0063,0.0014
1437,0.0069,0.0023,0.0061,0.0019
1438,0.0074,0.0023,0.0071,0.0020
1439,0.0077,0.0025,0.0076,0.0020
1440,0.0067,0.0028,0.0069,0.0013
1441,0.0083,0.0025,0.0083,0.0019
1442,0.0097,0.0027,0.0079,0.0024
1443,0.0086,0.0025,0.0081,0.0020
1444,0.0089,0.0025,0.0080,0.0022
1445,0.0080,0.0042,0.0069,0.0015
1446,0.0069,0.0051,0.0062,0.0016
1447,0.0097,0.0027,0.0079,0.0024
1448,0.0101,0.0029,0.0079,0.0023
1449,0.0097,0.0044,0.0084,0.0079
1450,0.0094,0.0038,0.0085,0.0052
1451,0.0080,0.0033,0.0072,0.0032
1452,0.0080,0.0033,0.0072,0.0032
1453,0.0080,0.0033,0.0072,0.0032
1454,0.0080,0.0033,0.0072,0.0032
1455,0.0080,0.0033,0.0072,0.0032
1456,0.0080,0.0033,0.0072,0.0032
1457,0.0069,0.0051,0.0062,0.0016
1458,0.0077,0.0022,0.0071,0.0016
1459,0.0077,0.0022,0.0071,0.0016
1460,0.0077,0.0022,0.0071,0.0016
1461,0.0072,0.0020,0.0063,0.0018
1462,0.0063,0.0023,0.0074,0.0012
1463,0.0072,0.0021,0.0064,0.0020
1464,0.0075,0.0022,0.0070,0.0020
1465,0.0079,0.0022,0.0077,0.0019
1466,0.0083,0.0022,0.0080,0.0019
1467,0.0074,0.0026,0.0067,0.0013
1468,0.0069,0.0051,0.0062,0.0016
1469,0.0090,0.0022,0.0080,0.0022
1470,0.0094,0.0023,0.0079,0.0024
1471,0.0099,0.0024,0.0080,0.0024
1472,0.0104,0.0025,0.0080,0.0025
1473,0.0063,0.0023,0.0073,0.0012
1474,0.0096,0.0033,0.0078,0.0079
1475,0.0094,0.0033,0.0087,0.0052
1476,0.0090,0.0036,0.0093,0.0038
1477,0.0084,0.0037,0.0090,0.0036
1478,0.0110,0.0033,0.0138,0.0044
1479,0.0071,0.0062,0.0083,0.0013
1480,0.0078,0.0025,0.0076,0.0035
1481,0.0086,0.0023,0.0082,0.0033
1482,0.0094,0.0025,0.0089,0.0030
1483,0.0094,0.0024,0.0088,0.0026
1484,0.0097,0.0027,0.0110,0.0021
1485,0.0075,0.0022,0.0070,0.0020
1486,0.0077,0.0022,0.0072,0.0014
1487,0.0082,0.0022,0.0075,0.0014
1488,0.0091,0.0024,0.0082,0.0018
1489,0.0101,0.0024,0.0096,0.0037
1490,0.0069,0.0051,0.0062,0.0016
1491,0.0123,0.0021,0.0106,0.0032
1492,0.0121,0.0021,0.0105,0.0038
1493,0.0112,0.0022,0.0102,0.0042
1494,0.0102,0.0023,0.0100,0.0041
1495,0.0085,0.0037,0.0087,0.0043
1496,0.0099,0.0023,0.0097,0.0046
1497,0.0079,0.0022,0.0077,0.0019
1498,0.0077,0.0022,0.0071,0.0016
1499,0.0077,0.0022,0.0071,0.0016
1500,0.0065,0.0023,0.0077,0.0012
1501,0.0069,0.0051,0.0062,0.0016
1502,0.0077,0.0022,0.0071,0.0016
1503,0.0077,0.0022,0.0071,0.0016
1504,0.0077,0.0022,0.0071,0.0016
1505,0.0077,0.0022,0.0071,0.0016
1506,0.0065,0.0023,0.0077,0.0012
1507,0.0077,0.0022,0.0071,0.0016
1508,0.0077,0.0022,0.0071,0.0016
1509,0.0083,0.0022,0.0080,0.0019
1510,0.0077,0.0022,0.0071,0.0016
1511,0.0065,0.0023,0.0077,0.0012
1512,0.0087,0.0068,0.0085,0.0020
1513,0.0077,0.0022,0.0071,0.0016
1514,0.0077,0.0022,0.0071,0.0016
1515,0.0077,0.0022,0.0071,0.0016
1516,0.0077,0.0022,0.0071,0.0016
1517,0.0065,0.0023,0.0077,0.0012
1518,0.0077,0.0022,0.0071,0.0016
1519,0.0077,0.0022,0.0071,0.0016
1520,0.0077,0.0022,0.0071,0.0016
1521,0.0086,0.0021,0.0080,0.0021
1522,0.0065,0.0023,0.0077,0.0012
1523,0.0069,0.0051,0.0062,0.0016
1524,0.0077,0.0022,0.0071,0.0016
1525,0.0077,0.0022,0.0071,0.0016
1526,0.0077,0.0022,0.0071,0.0016
1527,0.0077,0.0022,0.0071,0.0016
1528,0.0065,0.0023,0.0077,0.0012
1529,0.0077,0.0022,0.0071,0.0016
1530,0.0077,0.0022,0.0071,0.0016
1531,0.0077,0.0022,0.0071,0.0016
1532,0.0077,0.0022,0.0071,0.0016
1533,0.0078,0.0030,0.0068,0.0013
1534,0.0071,0.0062,0.0083,0.0013
1535,0.0077,0.0022,0.0071,0.0016
1536,0.0077,0.0022,0.0071,0.0016
1537,0.0077,0.0022,0.0071,0.0016
1538,0.0077,0.0022,0.0071,0.0016
1539,0.0065,0.0023,0.0077,0.0012
1540,0.0119,0.0031,0.0111,0.0013
1541,0.0118,0.0020,0.0109,0.0015
1542,0.0117,0.0020,0.0109,0.0017
1543,0.0116,0.0024,0.0108,0.0018
1544,0.0074,0.0026,0.0067,0.0013
1545,0.0077,0.0055,0.0070,0.0019
1546,0.0069,0.0051,0.0062,0.0016
1547,0.0094,0.0023,0.0079,0.0024
1548,0.0110,0.0027,0.0101,0.0017
1549,0.0104,0.0026,0.0095,0.0015
1550,0.0098,0.0023,0.0089,0.0013
1551,0.0092,0.0026,0.0091,0.0014
1552,0.0083,0.0021,0.0077,0.0014
1553,0.0072,0.0020,0.0063,0.0018
1554,0.0072,0.0021,0.0064,0.0020
1555,0.0075,0.0022,0.0070,0.0020
1556,0.0067,0.0023,0.0068,0.0013
1557,0.0069,0.0051,0.0062,0.0016
1558,0.0083,0.0022,0.0080,0.0019
1559,0.0099,0.0024,0.0080,0.0024
1560,0.0086,0.0021,0.0080,0.0021
1561,0.0090,0.0022,0.0080,0.0022
1562,0.0083,0.0037,0.0069,0.0014
1563,0.0099,0.0024,0.0080,0.0024
1564,0.0104,0.0025,0.0080,0.0025
1565,0.0096,0.0033,0.0078,0.0079
1566,0.0094,0.0033,0.0087,0.0052
1567,0.0080,0.0034,0.0074,0.0032
1568,0.0069,0.0051,0.0062,0.0016
1569,0.0080,0.0034,0.0074,0.0032
1570,0.0080,0.0034,0.0074,0.0032
1571,0.0080,0.0034,0.0074,0.0032
1572,0.0080,0.0034,0.0074,0.0032
1573,0.0080,0.0034,0.0074,0.0032
1574,0.0059,0.0052,0.0050,0.0013
1575,0.0059,0.0052,0.0050,0.0013
1576,0.0085,0.0054,0.0066,0.0015
1577,0.0070,0.0051,0.0056,0.0015
1578,0.0058,0.0069,0.0054,0.0014
1579,0.0069,0.0051,0.0062,0.0016
1580,0.0090,0.0048,0.0076,0.0016
1581,0.0087,0.0061,0.0064,0.0017
1582,0.0090,0.0065,0.0068,0.0017
1583,0.0090,0.0055,0.0075,0.0022
1584,0.0065,0.0079,0.0068,0.0013
1585,0.0088,0.0067,0.0081,0.0022
1586,0.0090,0.0062,0.0081,0.0032
1587,0.0084,0.0070,0.0091,0.0029
1588,0.0082,0.0072,0.0095,0.0033
1589,0.0063,0.0072,0.0054,0.0015
1590,0.0071,0.0062,0.0083,0.0013
1591,0.0091,0.0114,0.0084,0.0057
1592,0.0091,0.0087,0.0075,0.0038
1593,0.0090,0.0060,0.0084,0.0040
1594,0.0080,0.0064,0.0057,0.0041
1595,0.0089,0.0075,0.0121,0.0043
1596,0.0083,0.0055,0.0073,0.0060
1597,0.0052,0.0054,0.0057,0.0026
1598,0.0056,0.0055,0.0062,0.0024
1599,0.0073,0.0045,0.0057,0.0021
1600,0.0083,0.0066,0.0094,0.0020
1601,0.0069,0.0051,0.0062,0.0016
1602,0.0087,0.0061,0.0064,0.0017
1603,0.0092,0.0057,0.0072,0.0015
1604,0.0104,0.0050,0.0088,0.0015
1605,0.0096,0.0050,0.0083,0.0018
1606,0.0095,0.0070,0.0081,0.0038
1607,0.0080,0.0051,0.0073,0.0021
1608,0.0077,0.0053,0.0072,0.0025
1609,0.0086,0.0055,0.0085,0.0042
1610,0.0076,0.0058,0.0073,0.0040
1611,0.0090,0.0110,0.0098,0.0054
1612,0.0069,0.0051,0.0062,0.0016
1613,0.0088,0.0060,0.0093,0.0051
1614,0.0090,0.0065,0.0068,0.0017
1615,0.0059,0.0052,0.0050,0.0013
1616,0.0085,0.0054,0.0066,0.0015
1617,0.0056,0.0063,0.0057,0.0013
1618,0.0059,0.0052,0.0050,0.0013
1619,0.0085,0.0054,0.0066,0.0015
1620,0.0059,0.0052,0.0050,0.0013
1621,0.0059,0.0052,0.0050,0.0013
1622,0.0056,0.0063,0.0057,0.0013
1623,0.0069,0.0051,0.0062,0.0016
1624,0.0059,0.0052,0.0050,0.0013
1625,0.0059,0.0052,0.0050,0.0013
1626,0.0090,0.0055,0.0075,0.0022
1627,0.0059,0.0052,0.0050,0.0013
1628,0.0056,0.0063,0.0057,0.0013
1629,0.0085,0.0054,0.0066,0.0015
1630,0.0059,0.0052,0.0050,0.0013
1631,0.0059,0.0052,0.0050,0.0013
1632,0.0085,0.0054,0.0066,0.0015
1633,0.0056,0.0063,0.0057,0.0013
1634,0.0090,0.0069,0.0084,0.0023
1635,0.0059,0.0052,0.0050,0.0013
1636,0.0085,0.0054,0.0066,0.0015
1637,0.0059,0.0052,0.0050,0.0013
1638,0.0089,0.0067,0.0077,0.0019
1639,0.0056,0.0063,0.0057,0.0013
1640,0.0059,0.0052,0.0050,0.0013
1641,0.0059,0.0052,0.0050,0.0013
1642,0.0085,0.0054,0.0066,0.0015
1643,0.0059,0.0052,0.0050,0.0013
1644,0.0056,0.0063,0.0057,0.0013
1645,0.0071,0.0062,0.0083,0.0013
1646,0.0085,0.0054,0.0066,0.0015
1647,0.0059,0.0052,0.0050,0.0013
1648,0.0059,0.0052,0.0050,0.0013
1649,0.0085,0.0054,0.0066,0.0015
1650,0.0064,0.0082,0.0071,0.0014
1651,0.0059,0.0052,0.0050,0.0013
1652,0.0085,0.0054,0.0066,0.0015
1653,0.0059,0.0052,0.0050,0.0013
1654,0.0059,0.0052,0.0050,0.0013
1655,0.0056,0.0063,0.0057,0.0013
1656,0.0080,0.0062,0.0077,0.0019
1657,0.0069,0.0051,0.0062,0.0016
1658,0.0055,0.0038,0.0079,0.0013
1659,0.0052,0.0046,0.0071,0.0015
1660,0.0074,0.0044,0.0096,0.0032
1661,0.0049,0.0062,0.0068,0.0019
1662,0.0065,0.0079,0.0068,0.0013
1663,0.0090,0.0062,0.0081,0.0032
1664,0.0047,0.0065,0.0062,0.0017
1665,0.0046,0.0063,0.0056,0.0015
1666,0.0077,0.0060,0.0068,0.0015
1667,0.0076,0.0057,0.0071,0.0015
1668,0.0069,0.0051,0.0062,0.0016
1669,0.0052,0.0053,0.0044,0.0011
1670,0.0088,0.0051,0.0070,0.0015
1671,0.0081,0.0055,0.0060,0.0016
1672,0.0087,0.0061,0.0064,0.0017
1673,0.0066,0.0075,0.0060,0.0014
1674,0.0091,0.0067,0.0073,0.0017
1675,0.0084,0.0070,0.0091,0.0029
1676,0.0090,0.0060,0.0079,0.0025
1677,0.0088,0.0067,0.0081,0.0022
1678,0.0063,0.0087,0.0074,0.0015
1679,0.0069,0.0051,0.0062,0.0016
1680,0.0091,0.0061,0.0082,0.0037
1681,0.0082,0.0072,0.0095,0.0033
1682,0.0091,0.0114,0.0084,0.0057
1683,0.0090,0.0091,0.0080,0.0059
1684,0.0070,0.0071,0.0055,0.0025
1685,0.0070,0.0071,0.0055,0.0025
1686,0.0070,0.0071,0.0055,0.0025
1687,0.0070,0.0071,0.0055,0.0025
1688,0.0070,0.0071,0.0055,0.0025
1689,0.0070,0.0071,0.0055,0.0025
1690,0.0069,0.0051,0.0062,0.0016
1691,0.0057,0.0043,0.0047,0.0016
1692,0.0057,0.0043,0.0047,0.0016
1693,0.0085,0.0046,0.0065,0.0016
1694,0.0068,0.0043,0.0053,0.0018
1695,0.0052,0.0056,0.0054,0.0012
1696,0.0089,0.0040,0.0074,0.0018
1697,0.0084,0.0050,0.0064,0.0019
1698,0.0087,0.0052,0.0069,0.0019
1699,0.0088,0.0047,0.0076,0.0025
1700,0.0057,0.0063,0.0058,0.0013
1701,0.0071,0.0062,0.0083,0.0013
1702,0.0083,0.0054,0.0079,0.0024
1703,0.0087,0.0050,0.0082,0.0034
1704,0.0080,0.0058,0.0082,0.0030
1705,0.0079,0.0060,0.0084,0.0032
1706,0.0055,0.0058,0.0054,0.0013
1707,0.0087,0.0085,0.0083,0.0058
1708,0.0087,0.0069,0.0073,0.0038
1709,0.0089,0.0053,0.0081,0.0037
1710,0.0077,0.0058,0.0055,0.0037
1711,0.0085,0.0068,0.0121,0.0042
1712,0.0069,0.0051,0.0062,0.0016
1713,0.0081,0.0048,0.0069,0.0055
1714,0.0049,0.0048,0.0054,0.0022
1715,0.0054,0.0049,0.0060,0.0023
1716,0.0072,0.0039,0.0056,0.0017
1717,0.0080,0.0057,0.0093,0.0022
1718,0.0084,0.0050,0.0064,0.0019
1719,0.0092,0.0048,0.0072,0.0016
1720,0.0103,0.0042,0.0086,0.0013
1721,0.0094,0.0043,0.0080,0.0015
1722,0.0088,0.0056,0.0081,0.0035
1723,0.0069,0.0051,0.0062,0.0016
1724,0.0076,0.0045,0.0068,0.0021
1725,0.0071,0.0047,0.0069,0.0025
1726,0.0084,0.0047,0.0079,0.0044
1727,0.0067,0.0051,0.0075,0.0034
1728,0.0072,0.0071,0.0099,0.0043
1729,0.0088,0.0055,0.0089,0.0042
1730,0.0087,0.0052,0.0069,0.0019
1731,0.0057,0.0043,0.0047,0.0016
1732,0.0085,0.0046,0.0065,0.0016
1733,0.0050,0.0053,0.0055,0.0012
1734,0.0069,0.0051,0.0062,0.0016
1735,0.0057,0.0043,0.0047,0.0016
1736,0.0085,0.0046,0.0065,0.0016
1737,0.0057,0.0043,0.0047,0.0016
1738,0.0057,0.0043,0.0047,0.0016
1739,0.0050,0.0053,0.0055,0.0012
1740,0.0057,0.0043,0.0047,0.0016
1741,0.0057,0.0043,0.0047,0.0016
1742,0.0088,0.0047,0.0076,0.0025
1743,0.0057,0.0043,0.0047,0.0016
1744,0.0050,0.0053,0.0055,0.0012
1745,0.0069,0.0051,0.0062,0.0016
1746,0.0085,0.0046,0.0065,0.0016
1747,0.0057,0.0043,0.0047,0.0016
1748,0.0057,0.0043,0.0047,0.0016
1749,0.0085,0.0046,0.0065,0.0016
1750,0.0050,0.0053,0.0055,0.0012
1751,0.0057,0.0043,0.0047,0.0016
1752,0.0085,0.0046,0.0065,0.0016
1753,0.0057,0.0043,0.0047,0.0016
1754,0.0085,0.0053,0.0077,0.0021
1755,0.0050,0.0053,0.0055,0.0012
1756,0.0081,0.0084,0.0076,0.0015
1757,0.0057,0.0043,0.0047,0.0016
1758,0.0057,0.0043,0.0047,0.0016
1759,0.0085,0.0046,0.0065,0.0016
1760,0.0057,0.0043,0.0047,0.0016
1761,0.0050,0.0053,0.0055,0.0012
1762,0.0085,0.0046,0.0065,0.0016
1763,0.0057,0.0043,0.0047,0.0016
1764,0.0057,0.0043,0.0047,0.0016
1765,0.0085,0.0046,0.0065,0.0016
1766,0.0057,0.0066,0.0058,0.0014
1767,0.0083,0.0066,0.0082,0.0019
1768,0.0069,0.0051,0.0062,0.0016
1769,0.0057,0.0043,0.0047,0.0016
1770,0.0085,0.0046,0.0065,0.0016
1771,0.0057,0.0043,0.0047,0.0016
1772,0.0057,0.0043,0.0047,0.0016
1773,0.0050,0.0053,0.0055,0.0012
1774,0.0054,0.0032,0.0074,0.0016
1775,0.0052,0.0037,0.0069,0.0017
1776,0.0074,0.0043,0.0090,0.0033
1777,0.0049,0.0053,0.0069,0.0019
1778,0.0057,0.0063,0.0058,0.0013
1779,0.0069,0.0051,0.0062,0.0016
1780,0.0087,0.0050,0.0082,0.0034
1781,0.0046,0.0056,0.0063,0.0018
1782,0.0046,0.0054,0.0056,0.0016
1783,0.0076,0.0051,0.0069,0.0016
1784,0.0074,0.0050,0.0069,0.0015
1785,0.0051,0.0044,0.0041,0.0014
1786,0.0088,0.0042,0.0069,0.0017
1787,0.0079,0.0046,0.0058,0.0019
1788,0.0084,0.0050,0.0064,0.0019
1789,0.0058,0.0060,0.0056,0.0013
1790,0.0069,0.0051,0.0062,0.0016
1791,0.0087,0.0053,0.0073,0.0019
1792,0.0080,0.0058,0.0082,0.0030
1793,0.0087,0.0049,0.0080,0.0027
1794,0.0083,0.0054,0.0079,0.0024
1795,0.0057,0.0070,0.0058,0.0015
1796,0.0088,0.0051,0.0081,0.0039
1797,0.0079,0.0060,0.0084,0.0032
1798,0.0087,0.0085,0.0083,0.0058
1799,0.0088,0.0072,0.0079,0.0060
1800,0.0062,0.0061,0.0054,0.0024
1801,0.0069,0.0051,0.0062,0.0016
1802,0.0062,0.0061,0.0054,0.0024
1803,0.0062,0.0061,0.0054,0.0024
1804,0.0062,0.0061,0.0054,0.0024
1805,0.0062,0.0061,0.0054,0.0024
1806,0.0062,0.0061,0.0054,0.0024
1807,0.0060,0.0030,0.0047,0.0018
1808,0.0060,0.0030,0.0047,0.0018
1809,0.0083,0.0033,0.0066,0.0015
1810,0.0072,0.0029,0.0053,0.0021
1811,0.0060,0.0039,0.0047,0.0013
1812,0.0071,0.0062,0.0083,0.0013
1813,0.0089,0.0028,0.0073,0.0018
1814,0.0088,0.0034,0.0060,0.0021
1815,0.0089,0.0035,0.0064,0.0020
1816,0.0089,0.0033,0.0072,0.0026
1817,0.0056,0.0043,0.0054,0.0012
1818,0.0083,0.0036,0.0075,0.0022
1819,0.0086,0.0033,0.0077,0.0032
1820,0.0077,0.0040,0.0081,0.0024
1821,0.0075,0.0042,0.0082,0.0025
1822,0.0062,0.0039,0.0047,0.0012
1823,0.0102,0.0038,0.0098,0.0013
1824,0.0089,0.0064,0.0097,0.0052
1825,0.0088,0.0055,0.0077,0.0035
1826,0.0089,0.0044,0.0083,0.0038
1827,0.0078,0.0045,0.0052,0.0038
1828,0.0085,0.0055,0.0118,0.0042
1829,0.0080,0.0033,0.0064,0.0060
1830,0.0048,0.0035,0.0051,0.0024
1831,0.0052,0.0037,0.0057,0.0024
1832,0.0070,0.0028,0.0058,0.0022
1833,0.0084,0.0044,0.0091,0.0024
1834,0.0097,0.0043,0.0100,0.0013
1835,0.0088,0.0034,0.0060,0.0021
1836,0.0092,0.0034,0.0071,0.0017
1837,0.0111,0.0029,0.0088,0.0021
1838,0.0106,0.0031,0.0083,0.0026
1839,0.0095,0.0038,0.0077,0.0027
1840,0.0087,0.0032,0.0066,0.0037
1841,0.0076,0.0034,0.0066,0.0039
1842,0.0086,0.0032,0.0079,0.0063
1843,0.0065,0.0038,0.0078,0.0036
1844,0.0074,0.0044,0.0101,0.0040
1845,0.0093,0.0051,0.0104,0.0014
1846,0.0093,0.0040,0.0095,0.0039
1847,0.0089,0.0035,0.0064,0.0020
1848,0.0060,0.0030,0.0047,0.0018
1849,0.0083,0.0033,0.0066,0.0015
1850,0.0060,0.0038,0.0051,0.0015
1851,0.0060,0.0030,0.0047,0.0018
1852,0.0083,0.0033,0.0066,0.0015
1853,0.0060,0.0030,0.0047,0.0018
1854,0.0060,0.0030,0.0047,0.0018
1855,0.0060,0.0038,0.0051,0.0015
1856,0.0088,0.0057,0.0105,0.0015
1857,0.0060,0.0030,0.0047,0.0018
1858,0.0060,0.0030,0.0047,0.0018
1859,0.0089,0.0033,0.0072,0.0026
1860,0.0060,0.0030,0.0047,0.0018
1861,0.0060,0.0038,0.0051,0.0015
1862,0.0083,0.0033,0.0066,0.0015
1863,0.0060,0.0030,0.0047,0.0018
1864,0.0060,0.0030,0.0047,0.0018
1865,0.0083,0.0033,0.0066,0.0015
1866,0.0060,0.0038,0.0051,0.0015
1867,0.0078,0.0081,0.0075,0.0014
1868,0.0060,0.0030,0.0047,0.0018
1869,0.0083,0.0033,0.0066,0.0015
1870,0.0060,0.0030,0.0047,0.0018
1871,0.0086,0.0035,0.0072,0.0021
1872,0.0060,0.0038,0.0051,0.0015
1873,0.0060,0.0030,0.0047,0.0018
1874,0.0060,0.0030,0.0047,0.0018
1875,0.0083,0.0033,0.0066,0.0015
1876,0.0060,0.0030,0.0047,0.0018
1877,0.0060,0.0038,0.0051,0.0015
1878,0.0087,0.0068,0.0085,0.0020
1879,0.0096,0.0070,0.0084,0.0030
1880,0.0083,0.0033,0.0066,0.0015
1881,0.0060,0.0030,0.0047,0.0018
1882,0.0060,0.0030,0.0047,0.0018
1883,0.0083,0.0033,0.0066,0.0015
1884,0.0054,0.0046,0.0054,0.0012
1885,0.0060,0.0030,0.0047,0.0018
1886,0.0083,0.0033,0.0066,0.0015
1887,0.0060,0.0030,0.0047,0.0018
1888,0.0060,0.0030,0.0047,0.0018
1889,0.0060,0.0038,0.0051,0.0015
1890,0.0080,0.0061,0.0099,0.0014
1891,0.0055,0.0026,0.0072,0.0013
1892,0.0050,0.0024,0.0073,0.0015
1893,0.0079,0.0045,0.0086,0.0031
1894,0.0044,0.0037,0.0077,0.0019
1895,0.0056,0.0043,0.0054,0.0012
1896,0.0086,0.0033,0.0077,0.0032
1897,0.0042,0.0040,0.0068,0.0017
1898,0.0042,0.0037,0.0058,0.0015
1899,0.0075,0.0037,0.0080,0.0015
1900,0.0081,0.0037,0.0070,0.0020
1901,0.0076,0.0060,0.0092,0.0013
1902,0.0053,0.0030,0.0039,0.0016
1903,0.0087,0.0030,0.0068,0.0016
1904,0.0083,0.0031,0.0056,0.0021
1905,0.0088,0.0034,0.0060,0.0021
1906,0.0060,0.0041,0.0050,0.0012
1907,0.0088,0.0035,0.0068,0.0020
1908,0.0077,0.0040,0.0081,0.0024
1909,0.0088,0.0033,0.0075,0.0028
1910,0.0083,0.0036,0.0075,0.0022
1911,0.0052,0.0050,0.0054,0.0012
1912,0.0073,0.0056,0.0083,0.0012
1913,0.0086,0.0035,0.0077,0.0036
1914,0.0075,0.0042,0.0082,0.0025
1915,0.0089,0.0064,0.0097,0.0052
1916,0.0089,0.0059,0.0087,0.0057
1917,0.0063,0.0044,0.0053,0.0023
1918,0.0063,0.0044,0.0053,0.0023
1919,0.0063,0.0044,0.0053,0.0023
1920,0.0063,0.0044,0.0053,0.0023
1921,0.0063,0.0044,0.0053,0.0023
1922,0.0063,0.0044,0.0053,0.0023
1923,0.0093,0.0056,0.0090,0.0014
1924,0.0056,0.0023,0.0048,0.0014
1925,0.0056,0.0023,0.0048,0.0014
1926,0.0088,0.0025,0.0064,0.0017
1927,0.0066,0.0022,0.0051,0.0017
1928,0.0054,0.0027,0.0046,0.0012
1929,0.0089,0.0022,0.0074,0.0016
1930,0.0083,0.0023,0.0058,0.0018
1931,0.0085,0.0024,0.0062,0.0017
1932,0.0086,0.0025,0.0072,0.0023
1933,0.0056,0.0030,0.0055,0.0013
1934,0.0069,0.0052,0.0066,0.0014
1935,0.0081,0.0023,0.0074,0.0019
1936,0.0084,0.0023,0.0076,0.0029
1937,0.0076,0.0026,0.0081,0.0020
1938,0.0074,0.0028,0.0083,0.0020
1939,0.0058,0.0027,0.0046,0.0012
1940,0.0096,0.0047,0.0098,0.0047
1941,0.0090,0.0042,0.0072,0.0036
1942,0.0087,0.0034,0.0076,0.0041
1943,0.0075,0.0038,0.0055,0.0043
1944,0.0081,0.0049,0.0118,0.0042
1945,0.0072,0.0052,0.0064,0.0018
1946,0.0080,0.0029,0.0065,0.0069
1947,0.0046,0.0029,0.0051,0.0030
1948,0.0051,0.0032,0.0056,0.0027
1949,0.0076,0.0023,0.0054,0.0032
1950,0.0078,0.0035,0.0090,0.0021
1951,0.0083,0.0023,0.0058,0.0018
1952,0.0093,0.0025,0.0070,0.0015
1953,0.0105,0.0021,0.0089,0.0017
1954,0.0103,0.0023,0.0088,0.0024
1955,0.0118,0.0028,0.0087,0.0029
1956,0.0077,0.0055,0.0070,0.0019
1957,0.0107,0.0022,0.0081,0.0046
1958,0.0107,0.0023,0.0077,0.0054
1959,0.0108,0.0025,0.0094,0.0079
1960,0.0084,0.0027,0.0070,0.0054
1961,0.0073,0.0039,0.0095,0.0056
1962,0.0083,0.0035,0.0086,0.0046
1963,0.0085,0.0024,0.0062,0.0017
1964,0.0056,0.0023,0.0048,0.0014
1965,0.0088,0.0025,0.0064,0.0017
1966,0.0051,0.0028,0.0050,0.0012
1967,0.0080,0.0062,0.0077,0.0019
1968,0.0056,0.0023,0.0048,0.0014
1969,0.0088,0.0025,0.0064,0.0017
1970,0.0056,0.0023,0.0048,0.0014
1971,0.0056,0.0023,0.0048,0.0014
1972,0.0051,0.0028,0.0050,0.0012
1973,0.0056,0.0023,0.0048,0.0014
1974,0.0056,0.0023,0.0048,0.0014
1975,0.0086,0.0025,0.0072,0.0023
1976,0.0056,0.0023,0.0048,0.0014
1977,0.0051,0.0028,0.0050,0.0012
1978,0.0074,0.0077,0.0075,0.0013
1979,0.0088,0.0025,0.0064,0.0017
1980,0.0056,0.0023,0.0048,0.0014
1981,0.0056,0.0023,0.0048,0.0014
1982,0.0088,0.0025,0.0064,0.0017
1983,0.0051,0.0028,0.0050,0.0012
1984,0.0056,0.0023,0.0048,0.0014
1985,0.0088,0.0025,0.0064,0.0017
1986,0.0056,0.0023,0.0048,0.0014
1987,0.0084,0.0022,0.0071,0.0018
1988,0.0051,0.0028,0.0050,0.0012
1989,0.0078,0.0081,0.0075,0.0014
1990,0.0087,0.0068,0.0085,0.0020
1991,0.0056,0.0023,0.0048,0.0014
1992,0.0056,0.0023,0.0048,0.0014
1993,0.0088,0.0025,0.0064,0.0017
1994,0.0056,0.0023,0.0048,0.0014
1995,0.0051,0.0028,0.0050,0.0012
1996,0.0088,0.0025,0.0064,0.0017
1997,0.0056,0.0023,0.0048,0.0014
1998,0.0056,0.0023,0.0048,0.0014
1999,0.0088,0.0025,0.0064,0.0017
2000,0.0053,0.0033,0.0056,0.0014
2001,0.0099,0.0072,0.0086,0.0034
2002,0.0056,0.0023,0.0048,0.0014
2003,0.0088,0.0025,0.0064,0.0017
2004,0.0056,0.0023,0.0048,0.0014
2005,0.0056,0.0023,0.0048,0.0014
2006,0.0051,0.0028,0.0050,0.0012
2007,0.0062,0.0027,0.0074,0.0014
2008,0.0061,0.0018,0.0069,0.0018
2009,0.0101,0.0048,0.0107,0.0031
2010,0.0057,0.0025,0.0067,0.0022
2011,0.0056,0.0030,0.0055,0.0013
2012,0.0090,0.0069,0.0084,0.0023
2013,0.0084,0.0023,0.0076,0.0029
2014,0.0053,0.0028,0.0060,0.0020
2015,0.0051,0.0026,0.0053,0.0016
2016,0.0088,0.0029,0.0066,0.0020
2017,0.0074,0.0031,0.0069,0.0016
2018,0.0051,0.0022,0.0041,0.0011
2019,0.0089,0.0023,0.0069,0.0016
2020,0.0077,0.0021,0.0054,0.0018
2021,0.0083,0.0023,0.0058,0.0018
2022,0.0059,0.0028,0.0051,0.0012
2023,0.0093,0.0070,0.0084,0.0026
2024,0.0085,0.0023,0.0066,0.0017
2025,0.0076,0.0026,0.0081,0.0020
2026,0.0085,0.0024,0.0075,0.0025
2027,0.0081,0.0023,0.0074,0.0019
2028,0.0051,0.0038,0.0056,0.0015
2029,0.0085,0.0025,0.0076,0.0033
2030,0.0074,0.0028,0.0083,0.0020
2031,0.0096,0.0047,0.0098,0.0047
2032,0.0090,0.0044,0.0076,0.0054
2033,0.0063,0.0034,0.0047,0.0025
2034,0.0084,0.0090,0.0079,0.0017
2035,0.0063,0.0034,0.0047,0.0025
2036,0.0063,0.0034,0.0047,0.0025
2037,0.0063,0.0034,0.0047,0.0025
2038,0.0063,0.0034,0.0047,0.0025
2039,0.0063,0.0034,0.0047,0.0025
2040,0.0108,0.0021,0.0097,0.0014
2041,0.0108,0.0021,0.0097,0.0014
2042,0.0158,0.0025,0.0114,0.0016
2043,0.0100,0.0019,0.0084,0.0016
2044,0.0060,0.0024,0.0052,0.0012
2045,0.0099,0.0072,0.0086,0.0034
2046,0.0138,0.0021,0.0117,0.0016
2047,0.0092,0.0020,0.0064,0.0018
2048,0.0090,0.0020,0.0064,0.0018
2049,0.0098,0.0023,0.0077,0.0022
2050,0.0053,0.0025,0.0056,0.0012
2051,0.0081,0.0021,0.0075,0.0020
2052,0.0086,0.0023,0.0076,0.0030
2053,0.0076,0.0023,0.0080,0.0022
2054,0.0074,0.0025,0.0081,0.0021
2055,0.0060,0.0024,0.0049,0.0012
2056,0.0103,0.0074,0.0087,0.0037
2057,0.0095,0.0037,0.0090,0.0047
2058,0.0091,0.0038,0.0069,0.0036
2059,0.0090,0.0032,0.0076,0.0043
2060,0.0082,0.0037,0.0051,0.0047
2061,0.0088,0.0047,0.0117,0.0043
2062,0.0116,0.0026,0.0088,0.0075
2063,0.0095,0.0028,0.0078,0.0036
2064,0.0109,0.0031,0.0095,0.0030
2065,0.0149,0.0026,0.0109,0.0030
2066,0.0093,0.0033,0.0097,0.0021
2067,0.0100,0.0110,0.0085,0.0089
2068,0.0092,0.0020,0.0064,0.0018
2069,0.0149,0.0024,0.0109,0.0015
2070,0.0116,0.0020,0.0103,0.0016
2071,0.0103,0.0021,0.0094,0.0021
2072,0.0114,0.0023,0.0092,0.0028
2073,0.0102,0.0019,0.0086,0.0041
2074,0.0110,0.0019,0.0087,0.0052
2075,0.0109,0.0025,0.0101,0.0074
2076,0.0104,0.0022,0.0082,0.0060
2077,0.0094,0.0037,0.0110,0.0066
2078,0.0099,0.0083,0.0094,0.0057
2079,0.0092,0.0036,0.0090,0.0053
2080,0.0090,0.0020,0.0064,0.0018
2081,0.0108,0.0021,0.0097,0.0014
2082,0.0158,0.0025,0.0114,0.0016
2083,0.0065,0.0024,0.0060,0.0012
2084,0.0108,0.0021,0.0097,0.0014
2085,0.0158,0.0025,0.0114,0.0016
2086,0.0108,0.0021,0.0097,0.0014
2087,0.0108,0.0021,0.0097,0.0014
2088,0.0065,0.0024,0.0060,0.0012
2089,0.0086,0.0070,0.0083,0.0034
2090,0.0108,0.0021,0.0097,0.0014
2091,0.0108,0.0021,0.0097,0.0014
2092,0.0098,0.0023,0.0077,0.0022
2093,0.0108,0.0021,0.0097,0.0014
2094,0.0065,0.0024,0.0060,0.0012
2095,0.0158,0.0025,0.0114,0.0016
2096,0.0108,0.0021,0.0097,0.0014
2097,0.0108,0.0021,0.0097,0.0014
2098,0.0158,0.0025,0.0114,0.0016
2099,0.0065,0.0024,0.0060,0.0012
Highest RMSE Cases
Vdc  Max RMSE=  0.0176 at Case 28; 0 > 0.05
Idc  Max RMSE=  0.0114 at Case 1368; 0 > 0.05
Vd   Max RMSE=  0.0157 at Case 28; 0 > 0.05
Vq   Max RMSE=  0.0091 at Case 225; 0 > 0.05
Total Error Summary
Vdc  RMSE=  0.0076
Idc  RMSE=  0.0044
Vd   RMSE=  0.0070
Vq   RMSE=  0.0026
