Read Model from: ./ucf4tsx2nd/
Export Model to: ./ucf4tsx2nd/ucf4tsx2nd_fhf.json
idx_in [0, 1, 2, 3, 4, 5, 6]
idx_out [7, 8, 9, 10]
make_mimo_block stable2ndx
H1s[0][0]  Real Poles: [-1362.60823122  -632.9032275 ] Freqs [Hz]: []
H1s[0][1]  Real Poles: [-1157.05801769 -1084.71435086] Freqs [Hz]: []
H1s[0][2]  Real Poles: [-1315.95233049  -760.02756539] Freqs [Hz]: []
H1s[0][3]  Real Poles: [-857.73901641 -857.73901641] Freqs [Hz]: [55.46521084009176]
H1s[1][0]  Real Poles: [-1380.87647948  -618.28559115] Freqs [Hz]: []
H1s[1][1]  Real Poles: [-1587.07423803  -446.59171703] Freqs [Hz]: []
H1s[1][2]  Real Poles: [-1133.02460313 -1133.02460313] Freqs [Hz]: [56.94368636166699]
H1s[1][3]  Real Poles: [-1181.93292286  -691.75953005] Freqs [Hz]: []
H1s[2][0]  Real Poles: [-868.3834821 -868.3834821] Freqs [Hz]: [52.08097341049175]
H1s[2][1]  Real Poles: [-745.3584373 -745.3584373] Freqs [Hz]: [55.72592715521862]
H1s[2][2]  Real Poles: [-1130.41004539 -1130.41004539] Freqs [Hz]: [44.78646434573651]
H1s[2][3]  Real Poles: [-449.58394766 -449.58394766] Freqs [Hz]: [56.13767119881836]
H1s[3][0]  Real Poles: [-754.52718139 -754.52718139] Freqs [Hz]: [50.04964857312109]
H1s[3][1]  Real Poles: [-1020.1513283 -1020.1513283] Freqs [Hz]: [40.936301232805725]
H1s[3][2]  Real Poles: [-880.75337559 -880.75337559] Freqs [Hz]: [31.43391243061875]
H1s[3][3]  Real Poles: [-794.29468513 -794.29468513] Freqs [Hz]: [60.596090527296404]
model_folder = ./ucf4tsx2nd/
model_root = ucf4tsx2nd
data_path = d:/data/ucf3/ucf9c.hdf5
idx_in [0, 1, 2, 3, 4, 5, 6]
idx_out [7, 8, 9, 10]
read 2100 dataframes
dt=0.001000 data_len=4001 n_io=11 n_case=2100
['G', 'Ud', 'Uq', 'Id', 'Iq', 'GIrms', 'Ctrl'] ['Vdc', 'Idc', 'Vd', 'Vq'] (2100, 4001, 11)
make_mimo_block stable2ndx
prepending initial conditions (2100, 500, 11) (2100, 4001, 11) float32 float32
results in (2100, 4501, 11)
Idx,Vdc,Idc,Vd,Vq
#,RMSE,RMSE,RMSE,RMSE
Total,0.0103,0.0078,0.0125,0.0055
0,0.0116,0.0084,0.0124,0.0030
1,0.0116,0.0084,0.0124,0.0030
2,0.0109,0.0100,0.0142,0.0037
3,0.0111,0.0106,0.0173,0.0101
4,0.0150,0.0058,0.0158,0.0019
5,0.0146,0.0039,0.0136,0.0027
6,0.0150,0.0058,0.0158,0.0019
7,0.0114,0.0039,0.0112,0.0042
8,0.0131,0.0053,0.0142,0.0033
9,0.0150,0.0058,0.0158,0.0019
10,0.0150,0.0058,0.0158,0.0019
11,0.0146,0.0039,0.0136,0.0027
12,0.0150,0.0058,0.0158,0.0019
13,0.0131,0.0053,0.0142,0.0033
14,0.0111,0.0106,0.0173,0.0101
15,0.0146,0.0039,0.0136,0.0027
16,0.0150,0.0058,0.0158,0.0019
17,0.0150,0.0058,0.0158,0.0019
18,0.0146,0.0039,0.0136,0.0027
19,0.0089,0.0068,0.0161,0.0069
20,0.0150,0.0058,0.0158,0.0019
21,0.0146,0.0039,0.0136,0.0027
22,0.0150,0.0058,0.0158,0.0019
23,0.0150,0.0058,0.0158,0.0019
24,0.0131,0.0053,0.0142,0.0033
25,0.0111,0.0106,0.0173,0.0101
26,0.0147,0.0055,0.0156,0.0024
27,0.0148,0.0050,0.0157,0.0022
28,0.0143,0.0046,0.0139,0.0035
29,0.0150,0.0046,0.0158,0.0020
30,0.0089,0.0066,0.0151,0.0047
31,0.0129,0.0028,0.0105,0.0061
32,0.0152,0.0047,0.0161,0.0019
33,0.0153,0.0049,0.0162,0.0019
34,0.0142,0.0032,0.0135,0.0030
35,0.0144,0.0061,0.0169,0.0029
36,0.0111,0.0106,0.0173,0.0101
37,0.0152,0.0057,0.0162,0.0019
38,0.0146,0.0042,0.0135,0.0027
39,0.0140,0.0043,0.0126,0.0027
40,0.0134,0.0039,0.0117,0.0036
41,0.0100,0.0058,0.0138,0.0028
42,0.0121,0.0038,0.0111,0.0048
43,0.0092,0.0046,0.0131,0.0023
44,0.0137,0.0026,0.0107,0.0054
45,0.0106,0.0042,0.0116,0.0032
46,0.0096,0.0069,0.0173,0.0094
47,0.0111,0.0106,0.0173,0.0101
48,0.0123,0.0033,0.0105,0.0053
49,0.0090,0.0047,0.0141,0.0038
50,0.0116,0.0112,0.0126,0.0115
51,0.0136,0.0102,0.0116,0.0106
52,0.0128,0.0081,0.0160,0.0100
53,0.0128,0.0081,0.0160,0.0100
54,0.0128,0.0081,0.0160,0.0100
55,0.0128,0.0081,0.0160,0.0100
56,0.0128,0.0081,0.0160,0.0100
57,0.0128,0.0081,0.0160,0.0100
58,0.0112,0.0078,0.0121,0.0028
59,0.0088,0.0076,0.0098,0.0026
60,0.0088,0.0076,0.0098,0.0026
61,0.0096,0.0062,0.0093,0.0037
62,0.0087,0.0076,0.0095,0.0023
63,0.0085,0.0096,0.0119,0.0027
64,0.0093,0.0068,0.0092,0.0031
65,0.0085,0.0083,0.0098,0.0028
66,0.0085,0.0089,0.0101,0.0038
67,0.0089,0.0071,0.0104,0.0038
68,0.0097,0.0107,0.0130,0.0052
69,0.0112,0.0078,0.0121,0.0028
70,0.0092,0.0095,0.0098,0.0031
71,0.0097,0.0082,0.0111,0.0060
72,0.0099,0.0096,0.0103,0.0024
73,0.0103,0.0097,0.0111,0.0037
74,0.0085,0.0100,0.0119,0.0027
75,0.0080,0.0159,0.0112,0.0114
76,0.0082,0.0129,0.0110,0.0104
77,0.0095,0.0110,0.0125,0.0093
78,0.0085,0.0088,0.0136,0.0080
79,0.0089,0.0106,0.0152,0.0076
80,0.0112,0.0078,0.0121,0.0028
81,0.0089,0.0098,0.0179,0.0058
82,0.0080,0.0103,0.0123,0.0061
83,0.0081,0.0094,0.0101,0.0050
84,0.0091,0.0080,0.0098,0.0056
85,0.0089,0.0091,0.0121,0.0031
86,0.0085,0.0083,0.0098,0.0028
87,0.0096,0.0064,0.0095,0.0041
88,0.0084,0.0075,0.0089,0.0042
89,0.0085,0.0088,0.0097,0.0058
90,0.0080,0.0094,0.0165,0.0075
91,0.0109,0.0075,0.0126,0.0027
92,0.0081,0.0085,0.0110,0.0086
93,0.0077,0.0079,0.0113,0.0106
94,0.0106,0.0081,0.0118,0.0120
95,0.0075,0.0135,0.0125,0.0122
96,0.0079,0.0260,0.0157,0.0123
97,0.0102,0.0195,0.0171,0.0142
98,0.0085,0.0089,0.0101,0.0038
99,0.0088,0.0076,0.0098,0.0026
100,0.0096,0.0062,0.0093,0.0037
101,0.0086,0.0090,0.0118,0.0027
102,0.0102,0.0090,0.0157,0.0040
103,0.0088,0.0076,0.0098,0.0026
104,0.0096,0.0062,0.0093,0.0037
105,0.0088,0.0076,0.0098,0.0026
106,0.0088,0.0076,0.0098,0.0026
107,0.0086,0.0090,0.0118,0.0027
108,0.0088,0.0076,0.0098,0.0026
109,0.0088,0.0076,0.0098,0.0026
110,0.0089,0.0071,0.0104,0.0038
111,0.0088,0.0076,0.0098,0.0026
112,0.0086,0.0090,0.0118,0.0027
113,0.0116,0.0100,0.0134,0.0029
114,0.0107,0.0073,0.0137,0.0028
115,0.0096,0.0062,0.0093,0.0037
116,0.0088,0.0076,0.0098,0.0026
117,0.0088,0.0076,0.0098,0.0026
118,0.0096,0.0062,0.0093,0.0037
119,0.0086,0.0090,0.0118,0.0027
120,0.0088,0.0076,0.0098,0.0026
121,0.0096,0.0062,0.0093,0.0037
122,0.0088,0.0076,0.0098,0.0026
123,0.0090,0.0095,0.0099,0.0039
124,0.0086,0.0090,0.0118,0.0027
125,0.0104,0.0076,0.0149,0.0035
126,0.0088,0.0076,0.0098,0.0026
127,0.0088,0.0076,0.0098,0.0026
128,0.0096,0.0062,0.0093,0.0037
129,0.0088,0.0076,0.0098,0.0026
130,0.0086,0.0090,0.0118,0.0027
131,0.0096,0.0062,0.0093,0.0037
132,0.0088,0.0076,0.0098,0.0026
133,0.0088,0.0076,0.0098,0.0026
134,0.0096,0.0062,0.0093,0.0037
135,0.0103,0.0108,0.0139,0.0074
136,0.0103,0.0080,0.0156,0.0044
137,0.0088,0.0076,0.0098,0.0026
138,0.0096,0.0062,0.0093,0.0037
139,0.0088,0.0076,0.0098,0.0026
140,0.0088,0.0076,0.0098,0.0026
141,0.0086,0.0090,0.0118,0.0027
142,0.0089,0.0063,0.0099,0.0028
143,0.0086,0.0060,0.0097,0.0030
144,0.0112,0.0061,0.0103,0.0052
145,0.0086,0.0060,0.0096,0.0032
146,0.0097,0.0107,0.0130,0.0052
147,0.0103,0.0082,0.0156,0.0048
148,0.0097,0.0082,0.0111,0.0060
149,0.0088,0.0063,0.0096,0.0033
150,0.0090,0.0066,0.0097,0.0033
151,0.0100,0.0055,0.0096,0.0045
152,0.0090,0.0087,0.0123,0.0033
153,0.0089,0.0074,0.0099,0.0028
154,0.0094,0.0065,0.0092,0.0033
155,0.0085,0.0077,0.0093,0.0022
156,0.0085,0.0083,0.0098,0.0028
157,0.0089,0.0104,0.0120,0.0025
158,0.0121,0.0101,0.0135,0.0052
159,0.0087,0.0093,0.0101,0.0042
160,0.0099,0.0096,0.0103,0.0024
161,0.0091,0.0077,0.0112,0.0049
162,0.0092,0.0095,0.0098,0.0031
163,0.0111,0.0110,0.0151,0.0098
164,0.0100,0.0083,0.0105,0.0055
165,0.0103,0.0097,0.0111,0.0037
166,0.0080,0.0159,0.0112,0.0114
167,0.0093,0.0140,0.0104,0.0105
168,0.0085,0.0109,0.0152,0.0096
169,0.0107,0.0084,0.0144,0.0036
170,0.0085,0.0109,0.0152,0.0096
171,0.0085,0.0109,0.0152,0.0096
172,0.0085,0.0109,0.0152,0.0096
173,0.0085,0.0109,0.0152,0.0096
174,0.0085,0.0109,0.0152,0.0096
175,0.0085,0.0069,0.0097,0.0024
176,0.0085,0.0069,0.0097,0.0024
177,0.0087,0.0055,0.0090,0.0035
178,0.0085,0.0068,0.0093,0.0022
179,0.0083,0.0084,0.0120,0.0027
180,0.0112,0.0085,0.0136,0.0028
181,0.0088,0.0061,0.0090,0.0030
182,0.0083,0.0071,0.0098,0.0029
183,0.0082,0.0076,0.0102,0.0038
184,0.0089,0.0061,0.0105,0.0038
185,0.0081,0.0095,0.0126,0.0052
186,0.0079,0.0080,0.0099,0.0030
187,0.0090,0.0069,0.0113,0.0058
188,0.0080,0.0082,0.0102,0.0024
189,0.0084,0.0084,0.0109,0.0038
190,0.0081,0.0087,0.0120,0.0027
191,0.0119,0.0086,0.0129,0.0027
192,0.0080,0.0133,0.0111,0.0114
193,0.0085,0.0108,0.0112,0.0104
194,0.0102,0.0103,0.0128,0.0093
195,0.0088,0.0083,0.0134,0.0080
196,0.0090,0.0103,0.0147,0.0075
197,0.0094,0.0100,0.0177,0.0058
198,0.0079,0.0099,0.0118,0.0059
199,0.0078,0.0090,0.0100,0.0048
200,0.0084,0.0075,0.0098,0.0054
201,0.0088,0.0081,0.0121,0.0031
202,0.0130,0.0088,0.0123,0.0038
203,0.0083,0.0071,0.0098,0.0029
204,0.0088,0.0058,0.0094,0.0038
205,0.0081,0.0066,0.0088,0.0039
206,0.0083,0.0080,0.0097,0.0056
207,0.0075,0.0084,0.0166,0.0069
208,0.0081,0.0076,0.0108,0.0078
209,0.0076,0.0068,0.0106,0.0096
210,0.0104,0.0072,0.0112,0.0111
211,0.0074,0.0107,0.0114,0.0114
212,0.0076,0.0206,0.0146,0.0119
213,0.0102,0.0092,0.0158,0.0041
214,0.0102,0.0166,0.0159,0.0135
215,0.0082,0.0076,0.0102,0.0038
216,0.0085,0.0069,0.0097,0.0024
217,0.0087,0.0055,0.0090,0.0035
218,0.0085,0.0081,0.0118,0.0026
219,0.0085,0.0069,0.0097,0.0024
220,0.0087,0.0055,0.0090,0.0035
221,0.0085,0.0069,0.0097,0.0024
222,0.0085,0.0069,0.0097,0.0024
223,0.0085,0.0081,0.0118,0.0026
224,0.0124,0.0100,0.0128,0.0027
225,0.0118,0.0110,0.0168,0.0127
226,0.0085,0.0069,0.0097,0.0024
227,0.0085,0.0069,0.0097,0.0024
228,0.0089,0.0061,0.0105,0.0038
229,0.0085,0.0069,0.0097,0.0024
230,0.0085,0.0081,0.0118,0.0026
231,0.0087,0.0055,0.0090,0.0035
232,0.0085,0.0069,0.0097,0.0024
233,0.0085,0.0069,0.0097,0.0024
234,0.0087,0.0055,0.0090,0.0035
235,0.0085,0.0081,0.0118,0.0026
236,0.0113,0.0091,0.0160,0.0108
237,0.0085,0.0069,0.0097,0.0024
238,0.0087,0.0055,0.0090,0.0035
239,0.0085,0.0069,0.0097,0.0024
240,0.0080,0.0080,0.0101,0.0038
241,0.0085,0.0081,0.0118,0.0026
242,0.0085,0.0069,0.0097,0.0024
243,0.0085,0.0069,0.0097,0.0024
244,0.0087,0.0055,0.0090,0.0035
245,0.0085,0.0069,0.0097,0.0024
246,0.0085,0.0081,0.0118,0.0026
247,0.0110,0.0080,0.0155,0.0096
248,0.0087,0.0055,0.0090,0.0035
249,0.0085,0.0069,0.0097,0.0024
250,0.0085,0.0069,0.0097,0.0024
251,0.0087,0.0055,0.0090,0.0035
252,0.0086,0.0097,0.0134,0.0074
253,0.0085,0.0069,0.0097,0.0024
254,0.0087,0.0055,0.0090,0.0035
255,0.0085,0.0069,0.0097,0.0024
256,0.0085,0.0069,0.0097,0.0024
257,0.0085,0.0081,0.0118,0.0026
258,0.0109,0.0078,0.0156,0.0084
259,0.0080,0.0060,0.0099,0.0025
260,0.0075,0.0057,0.0096,0.0026
261,0.0103,0.0058,0.0104,0.0048
262,0.0073,0.0055,0.0094,0.0028
263,0.0081,0.0095,0.0126,0.0052
264,0.0090,0.0069,0.0113,0.0058
265,0.0076,0.0058,0.0094,0.0029
266,0.0079,0.0060,0.0095,0.0030
267,0.0086,0.0049,0.0092,0.0042
268,0.0088,0.0080,0.0122,0.0030
269,0.0102,0.0105,0.0170,0.0086
270,0.0084,0.0067,0.0098,0.0027
271,0.0088,0.0058,0.0090,0.0032
272,0.0084,0.0067,0.0093,0.0022
273,0.0083,0.0071,0.0098,0.0029
274,0.0079,0.0091,0.0119,0.0024
275,0.0081,0.0078,0.0102,0.0042
276,0.0080,0.0082,0.0102,0.0024
277,0.0089,0.0064,0.0113,0.0049
278,0.0079,0.0080,0.0099,0.0030
279,0.0095,0.0100,0.0144,0.0099
280,0.0110,0.0099,0.0154,0.0075
281,0.0090,0.0070,0.0108,0.0054
282,0.0084,0.0084,0.0109,0.0038
283,0.0080,0.0133,0.0111,0.0114
284,0.0098,0.0121,0.0107,0.0104
285,0.0087,0.0102,0.0152,0.0097
286,0.0087,0.0102,0.0152,0.0097
287,0.0087,0.0102,0.0152,0.0097
288,0.0087,0.0102,0.0152,0.0097
289,0.0087,0.0102,0.0152,0.0097
290,0.0087,0.0102,0.0152,0.0097
291,0.0113,0.0103,0.0145,0.0071
292,0.0087,0.0058,0.0104,0.0021
293,0.0087,0.0058,0.0104,0.0021
294,0.0086,0.0044,0.0092,0.0032
295,0.0086,0.0054,0.0095,0.0020
296,0.0081,0.0065,0.0115,0.0029
297,0.0088,0.0049,0.0091,0.0029
298,0.0083,0.0050,0.0089,0.0030
299,0.0081,0.0051,0.0092,0.0040
300,0.0089,0.0041,0.0095,0.0039
301,0.0078,0.0076,0.0124,0.0051
302,0.0115,0.0096,0.0144,0.0058
303,0.0075,0.0055,0.0092,0.0028
304,0.0089,0.0045,0.0103,0.0057
305,0.0076,0.0059,0.0099,0.0025
306,0.0083,0.0061,0.0108,0.0041
307,0.0079,0.0066,0.0116,0.0029
308,0.0097,0.0130,0.0114,0.0113
309,0.0104,0.0104,0.0116,0.0104
310,0.0124,0.0111,0.0131,0.0092
311,0.0109,0.0081,0.0133,0.0081
312,0.0103,0.0096,0.0143,0.0075
313,0.0117,0.0081,0.0144,0.0039
314,0.0117,0.0096,0.0175,0.0058
315,0.0092,0.0088,0.0118,0.0056
316,0.0086,0.0077,0.0103,0.0044
317,0.0089,0.0063,0.0103,0.0050
318,0.0089,0.0064,0.0116,0.0032
319,0.0083,0.0050,0.0089,0.0030
320,0.0090,0.0049,0.0104,0.0035
321,0.0073,0.0049,0.0088,0.0038
322,0.0070,0.0068,0.0093,0.0057
323,0.0072,0.0067,0.0169,0.0061
324,0.0100,0.0087,0.0155,0.0042
325,0.0074,0.0061,0.0107,0.0066
326,0.0072,0.0049,0.0102,0.0078
327,0.0092,0.0059,0.0112,0.0094
328,0.0071,0.0063,0.0101,0.0100
329,0.0072,0.0119,0.0133,0.0114
330,0.0095,0.0111,0.0144,0.0125
331,0.0081,0.0051,0.0092,0.0040
332,0.0087,0.0058,0.0104,0.0021
333,0.0086,0.0044,0.0092,0.0032
334,0.0083,0.0064,0.0115,0.0025
335,0.0134,0.0101,0.0123,0.0037
336,0.0104,0.0076,0.0149,0.0035
337,0.0087,0.0058,0.0104,0.0021
338,0.0086,0.0044,0.0092,0.0032
339,0.0087,0.0058,0.0104,0.0021
340,0.0087,0.0058,0.0104,0.0021
341,0.0083,0.0064,0.0115,0.0025
342,0.0087,0.0058,0.0104,0.0021
343,0.0087,0.0058,0.0104,0.0021
344,0.0089,0.0041,0.0095,0.0039
345,0.0087,0.0058,0.0104,0.0021
346,0.0083,0.0064,0.0115,0.0025
347,0.0113,0.0078,0.0118,0.0033
348,0.0086,0.0044,0.0092,0.0032
349,0.0087,0.0058,0.0104,0.0021
350,0.0087,0.0058,0.0104,0.0021
351,0.0086,0.0044,0.0092,0.0032
352,0.0083,0.0064,0.0115,0.0025
353,0.0087,0.0058,0.0104,0.0021
354,0.0086,0.0044,0.0092,0.0032
355,0.0087,0.0058,0.0104,0.0021
356,0.0077,0.0054,0.0092,0.0037
357,0.0083,0.0064,0.0115,0.0025
358,0.0124,0.0069,0.0131,0.0047
359,0.0087,0.0058,0.0104,0.0021
360,0.0087,0.0058,0.0104,0.0021
361,0.0086,0.0044,0.0092,0.0032
362,0.0087,0.0058,0.0104,0.0021
363,0.0083,0.0064,0.0115,0.0025
364,0.0086,0.0044,0.0092,0.0032
365,0.0087,0.0058,0.0104,0.0021
366,0.0087,0.0058,0.0104,0.0021
367,0.0086,0.0044,0.0092,0.0032
368,0.0086,0.0079,0.0132,0.0074
369,0.0139,0.0076,0.0158,0.0069
370,0.0087,0.0058,0.0104,0.0021
371,0.0086,0.0044,0.0092,0.0032
372,0.0087,0.0058,0.0104,0.0021
373,0.0087,0.0058,0.0104,0.0021
374,0.0083,0.0064,0.0115,0.0025
375,0.0101,0.0053,0.0118,0.0021
376,0.0095,0.0049,0.0114,0.0021
377,0.0111,0.0050,0.0115,0.0042
378,0.0089,0.0046,0.0109,0.0021
379,0.0078,0.0076,0.0124,0.0051
380,0.0119,0.0089,0.0234,0.0089
381,0.0089,0.0045,0.0103,0.0057
382,0.0086,0.0048,0.0107,0.0023
383,0.0086,0.0050,0.0107,0.0023
384,0.0087,0.0038,0.0097,0.0037
385,0.0088,0.0067,0.0127,0.0025
386,0.0087,0.0056,0.0106,0.0022
387,0.0087,0.0046,0.0092,0.0030
388,0.0085,0.0050,0.0088,0.0022
389,0.0083,0.0050,0.0089,0.0030
390,0.0075,0.0070,0.0116,0.0023
391,0.0146,0.0075,0.0176,0.0088
392,0.0079,0.0053,0.0093,0.0042
393,0.0076,0.0059,0.0099,0.0025
394,0.0090,0.0042,0.0102,0.0050
395,0.0075,0.0055,0.0092,0.0028
396,0.0099,0.0082,0.0143,0.0100
397,0.0087,0.0048,0.0099,0.0052
398,0.0083,0.0061,0.0108,0.0041
399,0.0097,0.0130,0.0114,0.0113
400,0.0119,0.0125,0.0113,0.0104
401,0.0104,0.0100,0.0152,0.0097
402,0.0139,0.0073,0.0169,0.0101
403,0.0104,0.0100,0.0152,0.0097
404,0.0104,0.0100,0.0152,0.0097
405,0.0104,0.0100,0.0152,0.0097
406,0.0104,0.0100,0.0152,0.0097
407,0.0104,0.0100,0.0152,0.0097
408,0.0119,0.0052,0.0128,0.0020
409,0.0119,0.0052,0.0128,0.0020
410,0.0117,0.0037,0.0111,0.0030
411,0.0114,0.0047,0.0114,0.0020
412,0.0096,0.0054,0.0117,0.0030
413,0.0135,0.0085,0.0164,0.0112
414,0.0117,0.0043,0.0108,0.0029
415,0.0104,0.0038,0.0091,0.0032
416,0.0098,0.0038,0.0089,0.0041
417,0.0111,0.0031,0.0092,0.0040
418,0.0075,0.0066,0.0132,0.0050
419,0.0080,0.0042,0.0093,0.0027
420,0.0101,0.0033,0.0093,0.0057
421,0.0074,0.0047,0.0108,0.0026
422,0.0079,0.0048,0.0119,0.0042
423,0.0090,0.0055,0.0116,0.0030
424,0.0135,0.0113,0.0162,0.0125
425,0.0110,0.0142,0.0114,0.0113
426,0.0120,0.0111,0.0115,0.0104
427,0.0140,0.0117,0.0126,0.0091
428,0.0129,0.0078,0.0130,0.0081
429,0.0124,0.0088,0.0144,0.0075
430,0.0137,0.0087,0.0169,0.0058
431,0.0118,0.0075,0.0121,0.0054
432,0.0113,0.0065,0.0108,0.0043
433,0.0114,0.0052,0.0111,0.0047
434,0.0111,0.0054,0.0121,0.0033
435,0.0127,0.0215,0.0195,0.0151
436,0.0104,0.0038,0.0091,0.0032
437,0.0125,0.0044,0.0131,0.0033
438,0.0096,0.0038,0.0101,0.0039
439,0.0079,0.0065,0.0093,0.0061
440,0.0077,0.0056,0.0168,0.0062
441,0.0075,0.0055,0.0106,0.0063
442,0.0075,0.0038,0.0101,0.0071
443,0.0089,0.0054,0.0117,0.0085
444,0.0073,0.0046,0.0096,0.0096
445,0.0073,0.0083,0.0128,0.0115
446,0.0099,0.0105,0.0155,0.0041
447,0.0157,0.0245,0.0160,0.0183
448,0.0090,0.0075,0.0139,0.0124
449,0.0098,0.0038,0.0089,0.0041
450,0.0119,0.0052,0.0128,0.0020
451,0.0117,0.0037,0.0111,0.0030
452,0.0103,0.0054,0.0120,0.0026
453,0.0119,0.0052,0.0128,0.0020
454,0.0117,0.0037,0.0111,0.0030
455,0.0119,0.0052,0.0128,0.0020
456,0.0119,0.0052,0.0128,0.0020
457,0.0103,0.0054,0.0120,0.0026
458,0.0103,0.0080,0.0156,0.0044
459,0.0119,0.0052,0.0128,0.0020
460,0.0119,0.0052,0.0128,0.0020
461,0.0111,0.0031,0.0092,0.0040
462,0.0119,0.0052,0.0128,0.0020
463,0.0103,0.0054,0.0120,0.0026
464,0.0117,0.0037,0.0111,0.0030
465,0.0119,0.0052,0.0128,0.0020
466,0.0119,0.0052,0.0128,0.0020
467,0.0117,0.0037,0.0111,0.0030
468,0.0103,0.0054,0.0120,0.0026
469,0.0112,0.0078,0.0121,0.0028
470,0.0119,0.0052,0.0128,0.0020
471,0.0117,0.0037,0.0111,0.0030
472,0.0119,0.0052,0.0128,0.0020
473,0.0086,0.0040,0.0090,0.0037
474,0.0103,0.0054,0.0120,0.0026
475,0.0119,0.0052,0.0128,0.0020
476,0.0119,0.0052,0.0128,0.0020
477,0.0117,0.0037,0.0111,0.0030
478,0.0119,0.0052,0.0128,0.0020
479,0.0103,0.0054,0.0120,0.0026
480,0.0112,0.0078,0.0121,0.0028
481,0.0117,0.0037,0.0111,0.0030
482,0.0119,0.0052,0.0128,0.0020
483,0.0119,0.0052,0.0128,0.0020
484,0.0117,0.0037,0.0111,0.0030
485,0.0081,0.0069,0.0142,0.0074
486,0.0119,0.0052,0.0128,0.0020
487,0.0117,0.0037,0.0111,0.0030
488,0.0119,0.0052,0.0128,0.0020
489,0.0119,0.0052,0.0128,0.0020
490,0.0103,0.0054,0.0120,0.0026
491,0.0104,0.0087,0.0151,0.0039
492,0.0128,0.0047,0.0136,0.0022
493,0.0127,0.0043,0.0135,0.0020
494,0.0125,0.0042,0.0125,0.0039
495,0.0126,0.0040,0.0133,0.0020
496,0.0075,0.0066,0.0132,0.0050
497,0.0101,0.0033,0.0093,0.0057
498,0.0126,0.0042,0.0134,0.0020
499,0.0125,0.0043,0.0134,0.0021
500,0.0117,0.0031,0.0114,0.0034
501,0.0115,0.0059,0.0143,0.0023
502,0.0112,0.0078,0.0121,0.0028
503,0.0121,0.0051,0.0132,0.0020
504,0.0117,0.0040,0.0111,0.0029
505,0.0109,0.0040,0.0098,0.0023
506,0.0104,0.0038,0.0091,0.0032
507,0.0078,0.0059,0.0119,0.0023
508,0.0092,0.0039,0.0089,0.0042
509,0.0074,0.0047,0.0108,0.0026
510,0.0108,0.0030,0.0094,0.0052
511,0.0080,0.0042,0.0093,0.0027
512,0.0095,0.0070,0.0155,0.0099
513,0.0112,0.0078,0.0121,0.0028
514,0.0097,0.0037,0.0091,0.0051
515,0.0079,0.0048,0.0119,0.0042
516,0.0110,0.0142,0.0114,0.0113
517,0.0133,0.0138,0.0112,0.0103
518,0.0121,0.0099,0.0151,0.0098
519,0.0121,0.0099,0.0151,0.0098
520,0.0121,0.0099,0.0151,0.0098
521,0.0121,0.0099,0.0151,0.0098
522,0.0121,0.0099,0.0151,0.0098
523,0.0121,0.0099,0.0151,0.0098
524,0.0112,0.0078,0.0121,0.0028
525,0.0137,0.0050,0.0142,0.0019
526,0.0137,0.0050,0.0142,0.0019
527,0.0133,0.0035,0.0122,0.0030
528,0.0133,0.0045,0.0126,0.0020
529,0.0110,0.0051,0.0123,0.0030
530,0.0134,0.0041,0.0119,0.0029
531,0.0119,0.0035,0.0099,0.0032
532,0.0113,0.0035,0.0095,0.0041
533,0.0125,0.0029,0.0095,0.0041
534,0.0076,0.0063,0.0140,0.0050
535,0.0112,0.0078,0.0121,0.0028
536,0.0089,0.0039,0.0100,0.0027
537,0.0113,0.0031,0.0094,0.0058
538,0.0077,0.0044,0.0118,0.0027
539,0.0078,0.0045,0.0130,0.0043
540,0.0102,0.0052,0.0120,0.0031
541,0.0114,0.0147,0.0113,0.0113
542,0.0125,0.0113,0.0114,0.0103
543,0.0143,0.0118,0.0122,0.0091
544,0.0135,0.0075,0.0126,0.0081
545,0.0134,0.0084,0.0143,0.0075
546,0.0104,0.0087,0.0151,0.0039
547,0.0144,0.0082,0.0164,0.0058
548,0.0130,0.0070,0.0121,0.0054
549,0.0127,0.0060,0.0111,0.0043
550,0.0125,0.0048,0.0114,0.0046
551,0.0127,0.0052,0.0128,0.0034
552,0.0119,0.0035,0.0099,0.0032
553,0.0143,0.0042,0.0145,0.0033
554,0.0113,0.0036,0.0110,0.0040
555,0.0093,0.0066,0.0096,0.0063
556,0.0083,0.0052,0.0168,0.0064
557,0.0125,0.0142,0.0172,0.0128
558,0.0112,0.0078,0.0121,0.0028
559,0.0081,0.0055,0.0106,0.0064
560,0.0080,0.0035,0.0100,0.0069
561,0.0092,0.0054,0.0119,0.0082
562,0.0077,0.0045,0.0095,0.0096
563,0.0075,0.0080,0.0126,0.0117
564,0.0090,0.0062,0.0137,0.0125
565,0.0113,0.0035,0.0095,0.0041
566,0.0137,0.0050,0.0142,0.0019
567,0.0133,0.0035,0.0122,0.0030
568,0.0118,0.0052,0.0127,0.0027
569,0.0112,0.0078,0.0121,0.0028
570,0.0137,0.0050,0.0142,0.0019
571,0.0133,0.0035,0.0122,0.0030
572,0.0137,0.0050,0.0142,0.0019
573,0.0137,0.0050,0.0142,0.0019
574,0.0118,0.0052,0.0127,0.0027
575,0.0137,0.0050,0.0142,0.0019
576,0.0137,0.0050,0.0142,0.0019
577,0.0125,0.0029,0.0095,0.0041
578,0.0137,0.0050,0.0142,0.0019
579,0.0118,0.0052,0.0127,0.0027
580,0.0103,0.0082,0.0156,0.0048
581,0.0133,0.0035,0.0122,0.0030
582,0.0137,0.0050,0.0142,0.0019
583,0.0137,0.0050,0.0142,0.0019
584,0.0133,0.0035,0.0122,0.0030
585,0.0118,0.0052,0.0127,0.0027
586,0.0137,0.0050,0.0142,0.0019
587,0.0133,0.0035,0.0122,0.0030
588,0.0137,0.0050,0.0142,0.0019
589,0.0097,0.0037,0.0096,0.0037
590,0.0118,0.0052,0.0127,0.0027
591,0.0112,0.0078,0.0121,0.0028
592,0.0137,0.0050,0.0142,0.0019
593,0.0137,0.0050,0.0142,0.0019
594,0.0133,0.0035,0.0122,0.0030
595,0.0137,0.0050,0.0142,0.0019
596,0.0118,0.0052,0.0127,0.0027
597,0.0133,0.0035,0.0122,0.0030
598,0.0137,0.0050,0.0142,0.0019
599,0.0137,0.0050,0.0142,0.0019
600,0.0133,0.0035,0.0122,0.0030
601,0.0080,0.0066,0.0151,0.0074
602,0.0104,0.0087,0.0151,0.0039
603,0.0137,0.0050,0.0142,0.0019
604,0.0133,0.0035,0.0122,0.0030
605,0.0137,0.0050,0.0142,0.0019
606,0.0137,0.0050,0.0142,0.0019
607,0.0118,0.0052,0.0127,0.0027
608,0.0134,0.0044,0.0140,0.0023
609,0.0136,0.0040,0.0140,0.0021
610,0.0128,0.0038,0.0125,0.0038
611,0.0140,0.0038,0.0142,0.0020
612,0.0076,0.0063,0.0140,0.0050
613,0.0112,0.0078,0.0121,0.0028
614,0.0113,0.0031,0.0094,0.0058
615,0.0142,0.0039,0.0145,0.0020
616,0.0142,0.0041,0.0146,0.0020
617,0.0130,0.0028,0.0122,0.0033
618,0.0134,0.0056,0.0155,0.0023
619,0.0140,0.0049,0.0146,0.0020
620,0.0133,0.0038,0.0121,0.0029
621,0.0125,0.0038,0.0107,0.0024
622,0.0119,0.0035,0.0099,0.0032
623,0.0086,0.0057,0.0125,0.0023
624,0.0112,0.0078,0.0121,0.0028
625,0.0105,0.0035,0.0094,0.0043
626,0.0077,0.0044,0.0118,0.0027
627,0.0122,0.0028,0.0095,0.0051
628,0.0089,0.0039,0.0100,0.0027
629,0.0091,0.0067,0.0165,0.0099
630,0.0107,0.0035,0.0093,0.0050
631,0.0078,0.0045,0.0130,0.0043
632,0.0114,0.0147,0.0113,0.0113
633,0.0136,0.0141,0.0109,0.0103
634,0.0128,0.0097,0.0150,0.0098
635,0.0112,0.0078,0.0121,0.0028
636,0.0128,0.0097,0.0150,0.0098
637,0.0128,0.0097,0.0150,0.0098
638,0.0128,0.0097,0.0150,0.0098
639,0.0128,0.0097,0.0150,0.0098
640,0.0128,0.0097,0.0150,0.0098
641,0.0085,0.0093,0.0093,0.0028
642,0.0085,0.0093,0.0093,0.0028
643,0.0104,0.0078,0.0094,0.0039
644,0.0080,0.0092,0.0090,0.0024
645,0.0077,0.0098,0.0117,0.0026
646,0.0112,0.0078,0.0121,0.0028
647,0.0095,0.0087,0.0092,0.0032
648,0.0075,0.0084,0.0096,0.0026
649,0.0076,0.0084,0.0099,0.0035
650,0.0082,0.0081,0.0108,0.0035
651,0.0103,0.0117,0.0127,0.0055
652,0.0090,0.0094,0.0093,0.0029
653,0.0088,0.0086,0.0114,0.0057
654,0.0102,0.0105,0.0096,0.0026
655,0.0109,0.0112,0.0103,0.0040
656,0.0079,0.0099,0.0117,0.0026
657,0.0104,0.0087,0.0151,0.0039
658,0.0106,0.0151,0.0139,0.0116
659,0.0097,0.0122,0.0118,0.0102
660,0.0093,0.0122,0.0098,0.0092
661,0.0086,0.0103,0.0109,0.0078
662,0.0080,0.0134,0.0138,0.0079
663,0.0089,0.0128,0.0141,0.0062
664,0.0084,0.0135,0.0107,0.0067
665,0.0085,0.0124,0.0099,0.0055
666,0.0105,0.0105,0.0096,0.0062
667,0.0079,0.0096,0.0119,0.0029
668,0.0118,0.0118,0.0161,0.0108
669,0.0112,0.0078,0.0121,0.0028
670,0.0075,0.0084,0.0096,0.0026
671,0.0099,0.0081,0.0092,0.0043
672,0.0081,0.0092,0.0087,0.0042
673,0.0083,0.0099,0.0097,0.0058
674,0.0081,0.0107,0.0168,0.0077
675,0.0080,0.0098,0.0116,0.0088
676,0.0077,0.0086,0.0122,0.0108
677,0.0103,0.0079,0.0130,0.0122
678,0.0076,0.0099,0.0138,0.0123
679,0.0082,0.0213,0.0168,0.0123
680,0.0112,0.0078,0.0121,0.0028
681,0.0099,0.0145,0.0189,0.0142
682,0.0076,0.0084,0.0099,0.0035
683,0.0085,0.0093,0.0093,0.0028
684,0.0104,0.0078,0.0094,0.0039
685,0.0077,0.0098,0.0116,0.0027
686,0.0085,0.0093,0.0093,0.0028
687,0.0104,0.0078,0.0094,0.0039
688,0.0085,0.0093,0.0093,0.0028
689,0.0085,0.0093,0.0093,0.0028
690,0.0077,0.0098,0.0116,0.0027
691,0.0112,0.0078,0.0121,0.0028
692,0.0085,0.0093,0.0093,0.0028
693,0.0085,0.0093,0.0093,0.0028
694,0.0082,0.0081,0.0108,0.0035
695,0.0085,0.0093,0.0093,0.0028
696,0.0077,0.0098,0.0116,0.0027
697,0.0104,0.0078,0.0094,0.0039
698,0.0085,0.0093,0.0093,0.0028
699,0.0085,0.0093,0.0093,0.0028
700,0.0104,0.0078,0.0094,0.0039
701,0.0077,0.0098,0.0116,0.0027
702,0.0104,0.0084,0.0151,0.0044
703,0.0085,0.0093,0.0093,0.0028
704,0.0104,0.0078,0.0094,0.0039
705,0.0085,0.0093,0.0093,0.0028
706,0.0084,0.0090,0.0096,0.0036
707,0.0077,0.0098,0.0116,0.0027
708,0.0085,0.0093,0.0093,0.0028
709,0.0085,0.0093,0.0093,0.0028
710,0.0104,0.0078,0.0094,0.0039
711,0.0085,0.0093,0.0093,0.0028
712,0.0077,0.0098,0.0116,0.0027
713,0.0104,0.0087,0.0151,0.0039
714,0.0104,0.0078,0.0094,0.0039
715,0.0085,0.0093,0.0093,0.0028
716,0.0085,0.0093,0.0093,0.0028
717,0.0104,0.0078,0.0094,0.0039
718,0.0112,0.0123,0.0136,0.0077
719,0.0085,0.0093,0.0093,0.0028
720,0.0104,0.0078,0.0094,0.0039
721,0.0085,0.0093,0.0093,0.0028
722,0.0085,0.0093,0.0093,0.0028
723,0.0077,0.0098,0.0116,0.0027
724,0.0112,0.0078,0.0121,0.0028
725,0.0104,0.0073,0.0100,0.0030
726,0.0099,0.0071,0.0098,0.0032
727,0.0131,0.0071,0.0106,0.0056
728,0.0096,0.0072,0.0096,0.0034
729,0.0103,0.0117,0.0127,0.0055
730,0.0088,0.0086,0.0114,0.0057
731,0.0096,0.0076,0.0095,0.0035
732,0.0095,0.0079,0.0094,0.0036
733,0.0114,0.0067,0.0099,0.0049
734,0.0084,0.0104,0.0119,0.0035
735,0.0112,0.0078,0.0121,0.0028
736,0.0088,0.0090,0.0094,0.0031
737,0.0099,0.0083,0.0093,0.0036
738,0.0077,0.0088,0.0091,0.0021
739,0.0075,0.0084,0.0096,0.0026
740,0.0089,0.0106,0.0117,0.0026
741,0.0079,0.0087,0.0099,0.0039
742,0.0102,0.0105,0.0096,0.0026
743,0.0081,0.0079,0.0117,0.0046
744,0.0090,0.0094,0.0093,0.0029
745,0.0121,0.0130,0.0147,0.0102
746,0.0112,0.0078,0.0121,0.0028
747,0.0093,0.0093,0.0107,0.0052
748,0.0109,0.0112,0.0103,0.0040
749,0.0106,0.0151,0.0139,0.0116
750,0.0099,0.0140,0.0106,0.0108
751,0.0087,0.0121,0.0133,0.0095
752,0.0087,0.0121,0.0133,0.0095
753,0.0087,0.0121,0.0133,0.0095
754,0.0087,0.0121,0.0133,0.0095
755,0.0087,0.0121,0.0133,0.0095
756,0.0087,0.0121,0.0133,0.0095
757,0.0112,0.0078,0.0121,0.0028
758,0.0083,0.0085,0.0092,0.0026
759,0.0083,0.0085,0.0092,0.0026
760,0.0095,0.0069,0.0091,0.0038
761,0.0080,0.0083,0.0090,0.0023
762,0.0076,0.0088,0.0119,0.0026
763,0.0092,0.0078,0.0091,0.0032
764,0.0076,0.0074,0.0100,0.0026
765,0.0073,0.0075,0.0105,0.0034
766,0.0084,0.0071,0.0114,0.0035
767,0.0081,0.0109,0.0120,0.0055
768,0.0104,0.0087,0.0151,0.0039
769,0.0072,0.0085,0.0097,0.0027
770,0.0080,0.0076,0.0121,0.0054
771,0.0078,0.0096,0.0096,0.0026
772,0.0085,0.0103,0.0100,0.0042
773,0.0074,0.0090,0.0119,0.0026
774,0.0084,0.0145,0.0128,0.0116
775,0.0079,0.0121,0.0113,0.0102
776,0.0082,0.0129,0.0099,0.0092
777,0.0075,0.0107,0.0108,0.0078
778,0.0076,0.0134,0.0133,0.0078
779,0.0114,0.0096,0.0155,0.0096
780,0.0112,0.0078,0.0121,0.0028
781,0.0080,0.0131,0.0140,0.0061
782,0.0077,0.0129,0.0103,0.0065
783,0.0080,0.0117,0.0097,0.0053
784,0.0094,0.0097,0.0095,0.0061
785,0.0080,0.0087,0.0121,0.0030
786,0.0076,0.0074,0.0100,0.0026
787,0.0090,0.0073,0.0090,0.0041
788,0.0082,0.0080,0.0086,0.0039
789,0.0086,0.0088,0.0097,0.0056
790,0.0074,0.0098,0.0168,0.0070
791,0.0112,0.0078,0.0121,0.0028
792,0.0083,0.0086,0.0110,0.0080
793,0.0077,0.0077,0.0111,0.0099
794,0.0105,0.0070,0.0120,0.0113
795,0.0073,0.0081,0.0122,0.0114
796,0.0076,0.0169,0.0153,0.0119
797,0.0100,0.0126,0.0172,0.0135
798,0.0073,0.0075,0.0105,0.0034
799,0.0083,0.0085,0.0092,0.0026
800,0.0095,0.0069,0.0091,0.0038
801,0.0078,0.0089,0.0117,0.0026
802,0.0112,0.0078,0.0121,0.0028
803,0.0083,0.0085,0.0092,0.0026
804,0.0095,0.0069,0.0091,0.0038
805,0.0083,0.0085,0.0092,0.0026
806,0.0083,0.0085,0.0092,0.0026
807,0.0078,0.0089,0.0117,0.0026
808,0.0083,0.0085,0.0092,0.0026
809,0.0083,0.0085,0.0092,0.0026
810,0.0084,0.0071,0.0114,0.0035
811,0.0083,0.0085,0.0092,0.0026
812,0.0078,0.0089,0.0117,0.0026
813,0.0112,0.0078,0.0121,0.0028
814,0.0095,0.0069,0.0091,0.0038
815,0.0083,0.0085,0.0092,0.0026
816,0.0083,0.0085,0.0092,0.0026
817,0.0095,0.0069,0.0091,0.0038
818,0.0078,0.0089,0.0117,0.0026
819,0.0083,0.0085,0.0092,0.0026
820,0.0095,0.0069,0.0091,0.0038
821,0.0083,0.0085,0.0092,0.0026
822,0.0071,0.0080,0.0101,0.0035
823,0.0078,0.0089,0.0117,0.0026
824,0.0132,0.0104,0.0132,0.0072
825,0.0083,0.0085,0.0092,0.0026
826,0.0083,0.0085,0.0092,0.0026
827,0.0095,0.0069,0.0091,0.0038
828,0.0083,0.0085,0.0092,0.0026
829,0.0078,0.0089,0.0117,0.0026
830,0.0095,0.0069,0.0091,0.0038
831,0.0083,0.0085,0.0092,0.0026
832,0.0083,0.0085,0.0092,0.0026
833,0.0095,0.0069,0.0091,0.0038
834,0.0089,0.0116,0.0127,0.0078
835,0.0112,0.0078,0.0121,0.0028
836,0.0083,0.0085,0.0092,0.0026
837,0.0095,0.0069,0.0091,0.0038
838,0.0083,0.0085,0.0092,0.0026
839,0.0083,0.0085,0.0092,0.0026
840,0.0078,0.0089,0.0117,0.0026
841,0.0090,0.0067,0.0099,0.0026
842,0.0084,0.0065,0.0096,0.0027
843,0.0117,0.0066,0.0104,0.0052
844,0.0080,0.0064,0.0092,0.0031
845,0.0081,0.0109,0.0120,0.0055
846,0.0112,0.0078,0.0121,0.0028
847,0.0080,0.0076,0.0121,0.0054
848,0.0081,0.0068,0.0091,0.0032
849,0.0082,0.0072,0.0091,0.0032
850,0.0098,0.0060,0.0094,0.0046
851,0.0084,0.0095,0.0118,0.0031
852,0.0083,0.0082,0.0092,0.0029
853,0.0093,0.0074,0.0090,0.0035
854,0.0078,0.0078,0.0092,0.0021
855,0.0076,0.0074,0.0100,0.0026
856,0.0073,0.0097,0.0116,0.0025
857,0.0112,0.0078,0.0121,0.0028
858,0.0071,0.0077,0.0104,0.0038
859,0.0078,0.0096,0.0096,0.0026
860,0.0082,0.0069,0.0123,0.0045
861,0.0072,0.0085,0.0097,0.0027
862,0.0101,0.0122,0.0136,0.0103
863,0.0080,0.0084,0.0113,0.0050
864,0.0085,0.0103,0.0100,0.0042
865,0.0084,0.0145,0.0128,0.0116
866,0.0084,0.0140,0.0102,0.0107
867,0.0077,0.0126,0.0133,0.0095
868,0.0112,0.0078,0.0121,0.0028
869,0.0077,0.0126,0.0133,0.0095
870,0.0077,0.0126,0.0133,0.0095
871,0.0077,0.0126,0.0133,0.0095
872,0.0077,0.0126,0.0133,0.0095
873,0.0077,0.0126,0.0133,0.0095
874,0.0071,0.0067,0.0091,0.0023
875,0.0071,0.0067,0.0091,0.0023
876,0.0075,0.0052,0.0085,0.0034
877,0.0071,0.0064,0.0086,0.0021
878,0.0073,0.0069,0.0116,0.0027
879,0.0104,0.0087,0.0151,0.0039
880,0.0075,0.0060,0.0084,0.0030
881,0.0071,0.0054,0.0093,0.0026
882,0.0070,0.0054,0.0098,0.0035
883,0.0078,0.0050,0.0106,0.0035
884,0.0087,0.0089,0.0116,0.0055
885,0.0072,0.0064,0.0093,0.0025
886,0.0079,0.0055,0.0117,0.0053
887,0.0083,0.0074,0.0092,0.0028
888,0.0095,0.0078,0.0097,0.0046
889,0.0072,0.0070,0.0117,0.0027
890,0.0112,0.0084,0.0157,0.0084
891,0.0154,0.0070,0.0138,0.0030
892,0.0068,0.0169,0.0117,0.0115
893,0.0070,0.0139,0.0109,0.0101
894,0.0088,0.0149,0.0103,0.0091
895,0.0074,0.0112,0.0109,0.0078
896,0.0074,0.0123,0.0130,0.0077
897,0.0084,0.0124,0.0140,0.0060
898,0.0068,0.0110,0.0102,0.0062
899,0.0067,0.0095,0.0096,0.0049
900,0.0077,0.0078,0.0095,0.0056
901,0.0074,0.0068,0.0116,0.0030
902,0.0146,0.0066,0.0136,0.0030
903,0.0071,0.0054,0.0093,0.0026
904,0.0076,0.0057,0.0092,0.0037
905,0.0067,0.0056,0.0084,0.0037
906,0.0071,0.0070,0.0095,0.0056
907,0.0071,0.0076,0.0173,0.0061
908,0.0077,0.0064,0.0109,0.0067
909,0.0074,0.0054,0.0103,0.0080
910,0.0095,0.0055,0.0113,0.0096
911,0.0070,0.0055,0.0103,0.0101
912,0.0071,0.0102,0.0135,0.0115
913,0.0140,0.0064,0.0134,0.0031
914,0.0096,0.0090,0.0152,0.0125
915,0.0070,0.0054,0.0098,0.0035
916,0.0071,0.0067,0.0091,0.0023
917,0.0075,0.0052,0.0085,0.0034
918,0.0073,0.0069,0.0114,0.0025
919,0.0071,0.0067,0.0091,0.0023
920,0.0075,0.0052,0.0085,0.0034
921,0.0071,0.0067,0.0091,0.0023
922,0.0071,0.0067,0.0091,0.0023
923,0.0073,0.0069,0.0114,0.0025
924,0.0135,0.0064,0.0131,0.0032
925,0.0071,0.0067,0.0091,0.0023
926,0.0071,0.0067,0.0091,0.0023
927,0.0078,0.0050,0.0106,0.0035
928,0.0071,0.0067,0.0091,0.0023
929,0.0073,0.0069,0.0114,0.0025
930,0.0075,0.0052,0.0085,0.0034
931,0.0071,0.0067,0.0091,0.0023
932,0.0071,0.0067,0.0091,0.0023
933,0.0075,0.0052,0.0085,0.0034
934,0.0073,0.0069,0.0114,0.0025
935,0.0121,0.0101,0.0135,0.0052
936,0.0071,0.0067,0.0091,0.0023
937,0.0075,0.0052,0.0085,0.0034
938,0.0071,0.0067,0.0091,0.0023
939,0.0070,0.0059,0.0096,0.0033
940,0.0073,0.0069,0.0114,0.0025
941,0.0071,0.0067,0.0091,0.0023
942,0.0071,0.0067,0.0091,0.0023
943,0.0075,0.0052,0.0085,0.0034
944,0.0071,0.0067,0.0091,0.0023
945,0.0073,0.0069,0.0114,0.0025
946,0.0112,0.0085,0.0136,0.0028
947,0.0075,0.0052,0.0085,0.0034
948,0.0071,0.0067,0.0091,0.0023
949,0.0071,0.0067,0.0091,0.0023
950,0.0075,0.0052,0.0085,0.0034
951,0.0099,0.0095,0.0122,0.0078
952,0.0071,0.0067,0.0091,0.0023
953,0.0075,0.0052,0.0085,0.0034
954,0.0071,0.0067,0.0091,0.0023
955,0.0071,0.0067,0.0091,0.0023
956,0.0073,0.0069,0.0114,0.0025
957,0.0127,0.0066,0.0126,0.0033
958,0.0095,0.0054,0.0113,0.0021
959,0.0087,0.0051,0.0108,0.0021
960,0.0111,0.0052,0.0111,0.0045
961,0.0076,0.0050,0.0100,0.0023
962,0.0087,0.0089,0.0116,0.0055
963,0.0079,0.0055,0.0117,0.0053
964,0.0071,0.0053,0.0097,0.0025
965,0.0070,0.0055,0.0096,0.0026
966,0.0079,0.0043,0.0091,0.0040
967,0.0074,0.0075,0.0118,0.0026
968,0.0124,0.0069,0.0125,0.0033
969,0.0070,0.0064,0.0093,0.0024
970,0.0075,0.0056,0.0084,0.0032
971,0.0071,0.0058,0.0086,0.0021
972,0.0071,0.0054,0.0093,0.0026
973,0.0074,0.0078,0.0114,0.0025
974,0.0069,0.0056,0.0099,0.0037
975,0.0083,0.0074,0.0092,0.0028
976,0.0078,0.0048,0.0115,0.0046
977,0.0072,0.0064,0.0093,0.0025
978,0.0117,0.0099,0.0131,0.0105
979,0.0121,0.0071,0.0123,0.0032
980,0.0079,0.0062,0.0110,0.0047
981,0.0095,0.0078,0.0097,0.0046
982,0.0068,0.0169,0.0117,0.0115
983,0.0084,0.0166,0.0100,0.0107
984,0.0072,0.0131,0.0133,0.0095
985,0.0072,0.0131,0.0133,0.0095
986,0.0072,0.0131,0.0133,0.0095
987,0.0072,0.0131,0.0133,0.0095
988,0.0072,0.0131,0.0133,0.0095
989,0.0072,0.0131,0.0133,0.0095
990,0.0108,0.0088,0.0136,0.0039
991,0.0090,0.0054,0.0107,0.0021
992,0.0090,0.0054,0.0107,0.0021
993,0.0093,0.0039,0.0096,0.0032
994,0.0086,0.0050,0.0096,0.0020
995,0.0073,0.0056,0.0112,0.0028
996,0.0090,0.0047,0.0091,0.0029
997,0.0076,0.0041,0.0084,0.0027
998,0.0073,0.0040,0.0086,0.0036
999,0.0084,0.0035,0.0093,0.0036
1000,0.0080,0.0072,0.0118,0.0055
1001,0.0104,0.0108,0.0174,0.0087
1002,0.0115,0.0076,0.0121,0.0030
1003,0.0066,0.0048,0.0084,0.0024
1004,0.0079,0.0040,0.0100,0.0052
1005,0.0076,0.0055,0.0091,0.0030
1006,0.0090,0.0057,0.0100,0.0048
1007,0.0069,0.0057,0.0112,0.0028
1008,0.0078,0.0184,0.0114,0.0115
1009,0.0085,0.0147,0.0109,0.0101
1010,0.0104,0.0155,0.0103,0.0091
1011,0.0092,0.0104,0.0108,0.0078
1012,0.0090,0.0106,0.0130,0.0076
1013,0.0109,0.0075,0.0126,0.0027
1014,0.0102,0.0108,0.0137,0.0060
1015,0.0086,0.0088,0.0103,0.0060
1016,0.0082,0.0073,0.0098,0.0048
1017,0.0090,0.0059,0.0099,0.0053
1018,0.0083,0.0056,0.0112,0.0031
1019,0.0076,0.0041,0.0084,0.0027
1020,0.0101,0.0044,0.0113,0.0035
1021,0.0074,0.0041,0.0090,0.0038
1022,0.0067,0.0068,0.0092,0.0059
1023,0.0069,0.0059,0.0174,0.0060
1024,0.0107,0.0073,0.0137,0.0028
1025,0.0072,0.0057,0.0108,0.0063
1026,0.0071,0.0040,0.0101,0.0071
1027,0.0089,0.0053,0.0115,0.0086
1028,0.0069,0.0045,0.0096,0.0096
1029,0.0070,0.0077,0.0128,0.0115
1030,0.0091,0.0069,0.0142,0.0124
1031,0.0073,0.0040,0.0086,0.0036
1032,0.0090,0.0054,0.0107,0.0021
1033,0.0093,0.0039,0.0096,0.0032
1034,0.0077,0.0056,0.0112,0.0025
1035,0.0104,0.0076,0.0149,0.0035
1036,0.0090,0.0054,0.0107,0.0021
1037,0.0093,0.0039,0.0096,0.0032
1038,0.0090,0.0054,0.0107,0.0021
1039,0.0090,0.0054,0.0107,0.0021
1040,0.0077,0.0056,0.0112,0.0025
1041,0.0090,0.0054,0.0107,0.0021
1042,0.0090,0.0054,0.0107,0.0021
1043,0.0084,0.0035,0.0093,0.0036
1044,0.0090,0.0054,0.0107,0.0021
1045,0.0077,0.0056,0.0112,0.0025
1046,0.0107,0.0097,0.0148,0.0035
1047,0.0093,0.0039,0.0096,0.0032
1048,0.0090,0.0054,0.0107,0.0021
1049,0.0090,0.0054,0.0107,0.0021
1050,0.0093,0.0039,0.0096,0.0032
1051,0.0077,0.0056,0.0112,0.0025
1052,0.0090,0.0054,0.0107,0.0021
1053,0.0093,0.0039,0.0096,0.0032
1054,0.0090,0.0054,0.0107,0.0021
1055,0.0066,0.0044,0.0085,0.0032
1056,0.0077,0.0056,0.0112,0.0025
1057,0.0103,0.0082,0.0156,0.0048
1058,0.0090,0.0054,0.0107,0.0021
1059,0.0090,0.0054,0.0107,0.0021
1060,0.0093,0.0039,0.0096,0.0032
1061,0.0090,0.0054,0.0107,0.0021
1062,0.0077,0.0056,0.0112,0.0025
1063,0.0093,0.0039,0.0096,0.0032
1064,0.0090,0.0054,0.0107,0.0021
1065,0.0090,0.0054,0.0107,0.0021
1066,0.0093,0.0039,0.0096,0.0032
1067,0.0095,0.0076,0.0126,0.0079
1068,0.0119,0.0086,0.0129,0.0027
1069,0.0090,0.0054,0.0107,0.0021
1070,0.0093,0.0039,0.0096,0.0032
1071,0.0090,0.0054,0.0107,0.0021
1072,0.0090,0.0054,0.0107,0.0021
1073,0.0077,0.0056,0.0112,0.0025
1074,0.0115,0.0043,0.0127,0.0020
1075,0.0112,0.0041,0.0125,0.0020
1076,0.0119,0.0039,0.0117,0.0042
1077,0.0106,0.0039,0.0121,0.0020
1078,0.0080,0.0072,0.0118,0.0055
1079,0.0104,0.0084,0.0151,0.0044
1080,0.0079,0.0040,0.0100,0.0052
1081,0.0103,0.0041,0.0119,0.0021
1082,0.0102,0.0043,0.0118,0.0022
1083,0.0098,0.0031,0.0103,0.0037
1084,0.0090,0.0060,0.0129,0.0024
1085,0.0094,0.0052,0.0113,0.0022
1086,0.0092,0.0043,0.0095,0.0031
1087,0.0081,0.0043,0.0085,0.0021
1088,0.0076,0.0041,0.0084,0.0027
1089,0.0067,0.0063,0.0111,0.0024
1090,0.0107,0.0084,0.0144,0.0036
1091,0.0069,0.0041,0.0086,0.0037
1092,0.0076,0.0055,0.0091,0.0030
1093,0.0083,0.0034,0.0099,0.0046
1094,0.0066,0.0048,0.0084,0.0024
1095,0.0115,0.0078,0.0136,0.0105
1096,0.0077,0.0046,0.0095,0.0046
1097,0.0090,0.0057,0.0100,0.0048
1098,0.0078,0.0184,0.0114,0.0115
1099,0.0098,0.0180,0.0100,0.0107
1100,0.0087,0.0125,0.0134,0.0095
1101,0.0146,0.0106,0.0131,0.0096
1102,0.0087,0.0125,0.0134,0.0095
1103,0.0087,0.0125,0.0134,0.0095
1104,0.0087,0.0125,0.0134,0.0095
1105,0.0087,0.0125,0.0134,0.0095
1106,0.0087,0.0125,0.0134,0.0095
1107,0.0108,0.0049,0.0120,0.0020
1108,0.0108,0.0049,0.0120,0.0020
1109,0.0107,0.0034,0.0104,0.0032
1110,0.0102,0.0045,0.0105,0.0019
1111,0.0082,0.0052,0.0113,0.0028
1112,0.0116,0.0084,0.0124,0.0030
1113,0.0114,0.0102,0.0159,0.0076
1114,0.0119,0.0086,0.0129,0.0027
1115,0.0105,0.0042,0.0100,0.0029
1116,0.0089,0.0036,0.0087,0.0028
1117,0.0082,0.0035,0.0085,0.0036
1118,0.0096,0.0031,0.0091,0.0036
1119,0.0075,0.0066,0.0123,0.0055
1120,0.0068,0.0042,0.0086,0.0024
1121,0.0086,0.0035,0.0095,0.0052
1122,0.0072,0.0049,0.0097,0.0031
1123,0.0084,0.0050,0.0107,0.0049
1124,0.0076,0.0052,0.0112,0.0029
1125,0.0130,0.0088,0.0123,0.0038
1126,0.0083,0.0187,0.0114,0.0115
1127,0.0090,0.0147,0.0109,0.0101
1128,0.0109,0.0153,0.0101,0.0091
1129,0.0100,0.0098,0.0107,0.0078
1130,0.0099,0.0098,0.0130,0.0076
1131,0.0111,0.0099,0.0133,0.0060
1132,0.0096,0.0078,0.0103,0.0059
1133,0.0095,0.0064,0.0099,0.0047
1134,0.0100,0.0051,0.0101,0.0052
1135,0.0097,0.0052,0.0116,0.0031
1136,0.0118,0.0110,0.0168,0.0127
1137,0.0089,0.0036,0.0087,0.0028
1138,0.0118,0.0040,0.0125,0.0034
1139,0.0088,0.0038,0.0096,0.0039
1140,0.0075,0.0071,0.0093,0.0061
1141,0.0071,0.0053,0.0174,0.0062
1142,0.0074,0.0058,0.0107,0.0063
1143,0.0074,0.0036,0.0101,0.0069
1144,0.0089,0.0057,0.0116,0.0083
1145,0.0071,0.0043,0.0094,0.0096
1146,0.0070,0.0074,0.0127,0.0117
1147,0.0113,0.0091,0.0160,0.0108
1148,0.0090,0.0061,0.0139,0.0125
1149,0.0082,0.0035,0.0085,0.0036
1150,0.0108,0.0049,0.0120,0.0020
1151,0.0107,0.0034,0.0104,0.0032
1152,0.0090,0.0052,0.0116,0.0025
1153,0.0108,0.0049,0.0120,0.0020
1154,0.0107,0.0034,0.0104,0.0032
1155,0.0108,0.0049,0.0120,0.0020
1156,0.0108,0.0049,0.0120,0.0020
1157,0.0090,0.0052,0.0116,0.0025
1158,0.0108,0.0098,0.0172,0.0101
1159,0.0108,0.0049,0.0120,0.0020
1160,0.0108,0.0049,0.0120,0.0020
1161,0.0096,0.0031,0.0091,0.0036
1162,0.0108,0.0049,0.0120,0.0020
1163,0.0090,0.0052,0.0116,0.0025
1164,0.0107,0.0034,0.0104,0.0032
1165,0.0108,0.0049,0.0120,0.0020
1166,0.0108,0.0049,0.0120,0.0020
1167,0.0107,0.0034,0.0104,0.0032
1168,0.0090,0.0052,0.0116,0.0025
1169,0.0108,0.0098,0.0172,0.0101
1170,0.0108,0.0049,0.0120,0.0020
1171,0.0107,0.0034,0.0104,0.0032
1172,0.0108,0.0049,0.0120,0.0020
1173,0.0072,0.0039,0.0085,0.0032
1174,0.0090,0.0052,0.0116,0.0025
1175,0.0108,0.0049,0.0120,0.0020
1176,0.0108,0.0049,0.0120,0.0020
1177,0.0107,0.0034,0.0104,0.0032
1178,0.0108,0.0049,0.0120,0.0020
1179,0.0090,0.0052,0.0116,0.0025
1180,0.0108,0.0098,0.0172,0.0101
1181,0.0107,0.0034,0.0104,0.0032
1182,0.0108,0.0049,0.0120,0.0020
1183,0.0108,0.0049,0.0120,0.0020
1184,0.0107,0.0034,0.0104,0.0032
1185,0.0089,0.0069,0.0132,0.0079
1186,0.0108,0.0049,0.0120,0.0020
1187,0.0107,0.0034,0.0104,0.0032
1188,0.0108,0.0049,0.0120,0.0020
1189,0.0108,0.0049,0.0120,0.0020
1190,0.0090,0.0052,0.0116,0.0025
1191,0.0108,0.0098,0.0172,0.0101
1192,0.0120,0.0039,0.0130,0.0021
1193,0.0119,0.0037,0.0129,0.0020
1194,0.0119,0.0034,0.0116,0.0041
1195,0.0119,0.0035,0.0129,0.0020
1196,0.0075,0.0066,0.0123,0.0055
1197,0.0086,0.0035,0.0095,0.0052
1198,0.0119,0.0037,0.0130,0.0021
1199,0.0118,0.0039,0.0129,0.0021
1200,0.0109,0.0027,0.0108,0.0036
1201,0.0106,0.0055,0.0137,0.0023
1202,0.0108,0.0098,0.0172,0.0101
1203,0.0112,0.0047,0.0125,0.0021
1204,0.0106,0.0038,0.0102,0.0030
1205,0.0096,0.0039,0.0092,0.0021
1206,0.0089,0.0036,0.0087,0.0028
1207,0.0067,0.0058,0.0113,0.0024
1208,0.0077,0.0037,0.0085,0.0038
1209,0.0072,0.0049,0.0097,0.0031
1210,0.0092,0.0030,0.0096,0.0046
1211,0.0068,0.0042,0.0086,0.0024
1212,0.0108,0.0071,0.0144,0.0105
1213,0.0108,0.0098,0.0172,0.0101
1214,0.0082,0.0042,0.0091,0.0045
1215,0.0084,0.0050,0.0107,0.0049
1216,0.0083,0.0187,0.0114,0.0115
1217,0.0102,0.0182,0.0099,0.0108
1218,0.0095,0.0120,0.0133,0.0095
1219,0.0095,0.0120,0.0133,0.0095
1220,0.0095,0.0120,0.0133,0.0095
1221,0.0095,0.0120,0.0133,0.0095
1222,0.0095,0.0120,0.0133,0.0095
1223,0.0095,0.0120,0.0133,0.0095
1224,0.0117,0.0106,0.0148,0.0073
1225,0.0097,0.0068,0.0116,0.0026
1226,0.0097,0.0068,0.0116,0.0026
1227,0.0097,0.0068,0.0116,0.0026
1228,0.0096,0.0063,0.0118,0.0026
1229,0.0096,0.0071,0.0150,0.0042
1230,0.0097,0.0057,0.0128,0.0028
1231,0.0097,0.0056,0.0138,0.0036
1232,0.0098,0.0057,0.0145,0.0045
1233,0.0100,0.0058,0.0147,0.0048
1234,0.0127,0.0084,0.0133,0.0051
1235,0.0120,0.0099,0.0144,0.0059
1236,0.0107,0.0061,0.0136,0.0035
1237,0.0114,0.0062,0.0129,0.0027
1238,0.0124,0.0065,0.0123,0.0028
1239,0.0137,0.0066,0.0118,0.0041
1240,0.0098,0.0072,0.0152,0.0042
1241,0.0117,0.0103,0.0165,0.0127
1242,0.0115,0.0085,0.0160,0.0107
1243,0.0115,0.0076,0.0155,0.0096
1244,0.0114,0.0076,0.0155,0.0084
1245,0.0103,0.0099,0.0168,0.0085
1246,0.0122,0.0087,0.0145,0.0040
1247,0.0110,0.0091,0.0151,0.0073
1248,0.0109,0.0093,0.0145,0.0068
1249,0.0107,0.0083,0.0143,0.0054
1250,0.0105,0.0068,0.0139,0.0037
1251,0.0091,0.0070,0.0146,0.0043
1252,0.0097,0.0056,0.0138,0.0036
1253,0.0097,0.0067,0.0115,0.0029
1254,0.0106,0.0053,0.0125,0.0046
1255,0.0123,0.0063,0.0153,0.0071
1256,0.0117,0.0072,0.0240,0.0085
1257,0.0099,0.0096,0.0154,0.0042
1258,0.0138,0.0059,0.0177,0.0080
1259,0.0134,0.0055,0.0169,0.0087
1260,0.0131,0.0062,0.0162,0.0099
1261,0.0132,0.0071,0.0157,0.0116
1262,0.0125,0.0128,0.0189,0.0150
1263,0.0153,0.0152,0.0151,0.0188
1264,0.0098,0.0057,0.0145,0.0045
1265,0.0097,0.0068,0.0116,0.0026
1266,0.0097,0.0068,0.0116,0.0026
1267,0.0094,0.0071,0.0144,0.0038
1268,0.0102,0.0088,0.0147,0.0035
1269,0.0097,0.0068,0.0116,0.0026
1270,0.0097,0.0068,0.0116,0.0026
1271,0.0097,0.0068,0.0116,0.0026
1272,0.0097,0.0068,0.0116,0.0026
1273,0.0094,0.0071,0.0144,0.0038
1274,0.0097,0.0068,0.0116,0.0026
1275,0.0097,0.0068,0.0116,0.0026
1276,0.0100,0.0058,0.0147,0.0048
1277,0.0097,0.0068,0.0116,0.0026
1278,0.0094,0.0071,0.0144,0.0038
1279,0.0117,0.0084,0.0120,0.0036
1280,0.0097,0.0068,0.0116,0.0026
1281,0.0097,0.0068,0.0116,0.0026
1282,0.0097,0.0068,0.0116,0.0026
1283,0.0097,0.0068,0.0116,0.0026
1284,0.0094,0.0071,0.0144,0.0038
1285,0.0097,0.0068,0.0116,0.0026
1286,0.0097,0.0068,0.0116,0.0026
1287,0.0097,0.0068,0.0116,0.0026
1288,0.0103,0.0059,0.0142,0.0043
1289,0.0094,0.0071,0.0144,0.0038
1290,0.0126,0.0078,0.0132,0.0048
1291,0.0097,0.0068,0.0116,0.0026
1292,0.0097,0.0068,0.0116,0.0026
1293,0.0097,0.0068,0.0116,0.0026
1294,0.0097,0.0068,0.0116,0.0026
1295,0.0094,0.0071,0.0144,0.0038
1296,0.0097,0.0068,0.0116,0.0026
1297,0.0097,0.0068,0.0116,0.0026
1298,0.0097,0.0068,0.0116,0.0026
1299,0.0097,0.0068,0.0116,0.0026
1300,0.0141,0.0087,0.0129,0.0071
1301,0.0140,0.0085,0.0157,0.0070
1302,0.0097,0.0068,0.0116,0.0026
1303,0.0097,0.0068,0.0116,0.0026
1304,0.0097,0.0068,0.0116,0.0026
1305,0.0097,0.0068,0.0116,0.0026
1306,0.0094,0.0071,0.0144,0.0038
1307,0.0149,0.0065,0.0143,0.0026
1308,0.0138,0.0060,0.0138,0.0026
1309,0.0130,0.0057,0.0134,0.0026
1310,0.0123,0.0056,0.0130,0.0026
1311,0.0127,0.0084,0.0133,0.0051
1312,0.0118,0.0099,0.0231,0.0093
1313,0.0114,0.0062,0.0129,0.0027
1314,0.0111,0.0058,0.0124,0.0027
1315,0.0107,0.0060,0.0122,0.0028
1316,0.0103,0.0062,0.0120,0.0027
1317,0.0092,0.0077,0.0132,0.0036
1318,0.0099,0.0067,0.0116,0.0026
1319,0.0096,0.0063,0.0118,0.0026
1320,0.0097,0.0057,0.0128,0.0028
1321,0.0097,0.0056,0.0138,0.0036
1322,0.0108,0.0077,0.0144,0.0035
1323,0.0111,0.0083,0.0127,0.0028
1324,0.0145,0.0084,0.0175,0.0094
1325,0.0100,0.0058,0.0147,0.0048
1326,0.0124,0.0065,0.0123,0.0028
1327,0.0103,0.0059,0.0142,0.0043
1328,0.0107,0.0061,0.0136,0.0035
1329,0.0159,0.0089,0.0128,0.0096
1330,0.0124,0.0065,0.0123,0.0028
1331,0.0137,0.0066,0.0118,0.0041
1332,0.0117,0.0103,0.0165,0.0127
1333,0.0115,0.0085,0.0160,0.0107
1334,0.0110,0.0096,0.0172,0.0101
1335,0.0138,0.0083,0.0171,0.0109
1336,0.0110,0.0096,0.0172,0.0101
1337,0.0110,0.0096,0.0172,0.0101
1338,0.0110,0.0096,0.0172,0.0101
1339,0.0110,0.0096,0.0172,0.0101
1340,0.0110,0.0096,0.0172,0.0101
1341,0.0108,0.0063,0.0126,0.0025
1342,0.0108,0.0063,0.0126,0.0025
1343,0.0108,0.0063,0.0126,0.0025
1344,0.0104,0.0057,0.0122,0.0025
1345,0.0093,0.0062,0.0142,0.0043
1346,0.0133,0.0101,0.0168,0.0121
1347,0.0101,0.0049,0.0124,0.0029
1348,0.0099,0.0046,0.0129,0.0037
1349,0.0098,0.0045,0.0134,0.0046
1350,0.0097,0.0045,0.0134,0.0048
1351,0.0120,0.0074,0.0131,0.0051
1352,0.0102,0.0049,0.0126,0.0034
1353,0.0108,0.0051,0.0122,0.0027
1354,0.0118,0.0053,0.0119,0.0029
1355,0.0132,0.0054,0.0117,0.0043
1356,0.0093,0.0062,0.0144,0.0044
1357,0.0135,0.0141,0.0168,0.0131
1358,0.0123,0.0118,0.0165,0.0126
1359,0.0124,0.0094,0.0160,0.0107
1360,0.0125,0.0079,0.0154,0.0096
1361,0.0126,0.0073,0.0152,0.0084
1362,0.0114,0.0091,0.0167,0.0084
1363,0.0122,0.0080,0.0149,0.0072
1364,0.0120,0.0081,0.0146,0.0066
1365,0.0117,0.0072,0.0144,0.0053
1366,0.0113,0.0059,0.0139,0.0036
1367,0.0096,0.0062,0.0140,0.0044
1368,0.0127,0.0269,0.0200,0.0153
1369,0.0099,0.0046,0.0129,0.0037
1370,0.0106,0.0060,0.0125,0.0028
1371,0.0105,0.0044,0.0125,0.0048
1372,0.0114,0.0059,0.0148,0.0075
1373,0.0112,0.0062,0.0239,0.0088
1374,0.0130,0.0052,0.0175,0.0080
1375,0.0127,0.0045,0.0169,0.0082
1376,0.0126,0.0054,0.0161,0.0094
1377,0.0128,0.0055,0.0156,0.0115
1378,0.0121,0.0092,0.0188,0.0153
1379,0.0155,0.0297,0.0167,0.0182
1380,0.0147,0.0092,0.0148,0.0196
1381,0.0098,0.0045,0.0134,0.0046
1382,0.0108,0.0063,0.0126,0.0025
1383,0.0108,0.0063,0.0126,0.0025
1384,0.0094,0.0062,0.0139,0.0039
1385,0.0108,0.0063,0.0126,0.0025
1386,0.0108,0.0063,0.0126,0.0025
1387,0.0108,0.0063,0.0126,0.0025
1388,0.0108,0.0063,0.0126,0.0025
1389,0.0094,0.0062,0.0139,0.0039
1390,0.0101,0.0093,0.0154,0.0044
1391,0.0108,0.0063,0.0126,0.0025
1392,0.0108,0.0063,0.0126,0.0025
1393,0.0097,0.0045,0.0134,0.0048
1394,0.0108,0.0063,0.0126,0.0025
1395,0.0094,0.0062,0.0139,0.0039
1396,0.0108,0.0063,0.0126,0.0025
1397,0.0108,0.0063,0.0126,0.0025
1398,0.0108,0.0063,0.0126,0.0025
1399,0.0108,0.0063,0.0126,0.0025
1400,0.0094,0.0062,0.0139,0.0039
1401,0.0116,0.0084,0.0124,0.0030
1402,0.0108,0.0063,0.0126,0.0025
1403,0.0108,0.0063,0.0126,0.0025
1404,0.0108,0.0063,0.0126,0.0025
1405,0.0099,0.0047,0.0131,0.0043
1406,0.0094,0.0062,0.0139,0.0039
1407,0.0108,0.0063,0.0126,0.0025
1408,0.0108,0.0063,0.0126,0.0025
1409,0.0108,0.0063,0.0126,0.0025
1410,0.0108,0.0063,0.0126,0.0025
1411,0.0094,0.0062,0.0139,0.0039
1412,0.0116,0.0084,0.0124,0.0030
1413,0.0108,0.0063,0.0126,0.0025
1414,0.0108,0.0063,0.0126,0.0025
1415,0.0108,0.0063,0.0126,0.0025
1416,0.0108,0.0063,0.0126,0.0025
1417,0.0135,0.0077,0.0131,0.0071
1418,0.0108,0.0063,0.0126,0.0025
1419,0.0108,0.0063,0.0126,0.0025
1420,0.0108,0.0063,0.0126,0.0025
1421,0.0108,0.0063,0.0126,0.0025
1422,0.0094,0.0062,0.0139,0.0039
1423,0.0101,0.0096,0.0149,0.0039
1424,0.0159,0.0059,0.0153,0.0027
1425,0.0151,0.0055,0.0150,0.0025
1426,0.0144,0.0052,0.0147,0.0025
1427,0.0138,0.0051,0.0144,0.0025
1428,0.0120,0.0074,0.0131,0.0051
1429,0.0108,0.0051,0.0122,0.0027
1430,0.0127,0.0053,0.0139,0.0025
1431,0.0123,0.0054,0.0137,0.0025
1432,0.0119,0.0057,0.0134,0.0025
1433,0.0100,0.0069,0.0139,0.0035
1434,0.0099,0.0101,0.0154,0.0040
1435,0.0116,0.0084,0.0124,0.0030
1436,0.0112,0.0062,0.0130,0.0025
1437,0.0104,0.0057,0.0122,0.0025
1438,0.0101,0.0049,0.0124,0.0029
1439,0.0099,0.0046,0.0129,0.0037
1440,0.0100,0.0067,0.0138,0.0034
1441,0.0097,0.0045,0.0134,0.0048
1442,0.0118,0.0053,0.0119,0.0029
1443,0.0099,0.0047,0.0131,0.0043
1444,0.0102,0.0049,0.0126,0.0034
1445,0.0155,0.0079,0.0133,0.0096
1446,0.0116,0.0084,0.0124,0.0030
1447,0.0118,0.0053,0.0119,0.0029
1448,0.0132,0.0054,0.0117,0.0043
1449,0.0123,0.0118,0.0165,0.0126
1450,0.0124,0.0094,0.0160,0.0107
1451,0.0119,0.0095,0.0171,0.0101
1452,0.0119,0.0095,0.0171,0.0101
1453,0.0119,0.0095,0.0171,0.0101
1454,0.0119,0.0095,0.0171,0.0101
1455,0.0119,0.0095,0.0171,0.0101
1456,0.0119,0.0095,0.0171,0.0101
1457,0.0116,0.0084,0.0124,0.0030
1458,0.0121,0.0061,0.0136,0.0024
1459,0.0121,0.0061,0.0136,0.0024
1460,0.0121,0.0061,0.0136,0.0024
1461,0.0117,0.0055,0.0129,0.0026
1462,0.0099,0.0059,0.0142,0.0043
1463,0.0112,0.0047,0.0127,0.0030
1464,0.0108,0.0044,0.0129,0.0038
1465,0.0105,0.0042,0.0132,0.0046
1466,0.0102,0.0042,0.0132,0.0049
1467,0.0116,0.0072,0.0134,0.0050
1468,0.0116,0.0084,0.0124,0.0030
1469,0.0103,0.0046,0.0126,0.0034
1470,0.0107,0.0049,0.0123,0.0027
1471,0.0115,0.0050,0.0122,0.0029
1472,0.0128,0.0051,0.0122,0.0043
1473,0.0097,0.0059,0.0143,0.0044
1474,0.0125,0.0124,0.0165,0.0126
1475,0.0126,0.0096,0.0159,0.0107
1476,0.0129,0.0078,0.0153,0.0095
1477,0.0130,0.0070,0.0150,0.0084
1478,0.0121,0.0087,0.0167,0.0084
1479,0.0101,0.0096,0.0149,0.0039
1480,0.0129,0.0074,0.0147,0.0072
1481,0.0127,0.0075,0.0146,0.0065
1482,0.0125,0.0067,0.0145,0.0052
1483,0.0123,0.0056,0.0141,0.0036
1484,0.0106,0.0059,0.0142,0.0044
1485,0.0108,0.0044,0.0129,0.0038
1486,0.0118,0.0058,0.0135,0.0028
1487,0.0113,0.0041,0.0129,0.0049
1488,0.0117,0.0060,0.0147,0.0077
1489,0.0112,0.0059,0.0239,0.0090
1490,0.0116,0.0084,0.0124,0.0030
1491,0.0129,0.0051,0.0175,0.0081
1492,0.0127,0.0042,0.0168,0.0082
1493,0.0125,0.0053,0.0161,0.0093
1494,0.0127,0.0054,0.0155,0.0116
1495,0.0120,0.0089,0.0189,0.0156
1496,0.0145,0.0070,0.0148,0.0200
1497,0.0105,0.0042,0.0132,0.0046
1498,0.0121,0.0061,0.0136,0.0024
1499,0.0121,0.0061,0.0136,0.0024
1500,0.0102,0.0060,0.0141,0.0039
1501,0.0116,0.0084,0.0124,0.0030
1502,0.0121,0.0061,0.0136,0.0024
1503,0.0121,0.0061,0.0136,0.0024
1504,0.0121,0.0061,0.0136,0.0024
1505,0.0121,0.0061,0.0136,0.0024
1506,0.0102,0.0060,0.0141,0.0039
1507,0.0121,0.0061,0.0136,0.0024
1508,0.0121,0.0061,0.0136,0.0024
1509,0.0102,0.0042,0.0132,0.0049
1510,0.0121,0.0061,0.0136,0.0024
1511,0.0102,0.0060,0.0141,0.0039
1512,0.0102,0.0097,0.0154,0.0048
1513,0.0121,0.0061,0.0136,0.0024
1514,0.0121,0.0061,0.0136,0.0024
1515,0.0121,0.0061,0.0136,0.0024
1516,0.0121,0.0061,0.0136,0.0024
1517,0.0102,0.0060,0.0141,0.0039
1518,0.0121,0.0061,0.0136,0.0024
1519,0.0121,0.0061,0.0136,0.0024
1520,0.0121,0.0061,0.0136,0.0024
1521,0.0102,0.0044,0.0129,0.0043
1522,0.0102,0.0060,0.0141,0.0039
1523,0.0116,0.0084,0.0124,0.0030
1524,0.0121,0.0061,0.0136,0.0024
1525,0.0121,0.0061,0.0136,0.0024
1526,0.0121,0.0061,0.0136,0.0024
1527,0.0121,0.0061,0.0136,0.0024
1528,0.0102,0.0060,0.0141,0.0039
1529,0.0121,0.0061,0.0136,0.0024
1530,0.0121,0.0061,0.0136,0.0024
1531,0.0121,0.0061,0.0136,0.0024
1532,0.0121,0.0061,0.0136,0.0024
1533,0.0130,0.0074,0.0135,0.0071
1534,0.0101,0.0096,0.0149,0.0039
1535,0.0121,0.0061,0.0136,0.0024
1536,0.0121,0.0061,0.0136,0.0024
1537,0.0121,0.0061,0.0136,0.0024
1538,0.0121,0.0061,0.0136,0.0024
1539,0.0102,0.0060,0.0141,0.0039
1540,0.0162,0.0057,0.0155,0.0027
1541,0.0156,0.0053,0.0153,0.0026
1542,0.0151,0.0050,0.0152,0.0025
1543,0.0147,0.0050,0.0150,0.0024
1544,0.0116,0.0072,0.0134,0.0050
1545,0.0107,0.0082,0.0137,0.0028
1546,0.0116,0.0084,0.0124,0.0030
1547,0.0107,0.0049,0.0123,0.0027
1548,0.0139,0.0051,0.0147,0.0024
1549,0.0135,0.0053,0.0145,0.0024
1550,0.0132,0.0055,0.0144,0.0024
1551,0.0112,0.0067,0.0146,0.0035
1552,0.0125,0.0060,0.0139,0.0024
1553,0.0117,0.0055,0.0129,0.0026
1554,0.0112,0.0047,0.0127,0.0030
1555,0.0108,0.0044,0.0129,0.0038
1556,0.0100,0.0065,0.0138,0.0034
1557,0.0116,0.0084,0.0124,0.0030
1558,0.0102,0.0042,0.0132,0.0049
1559,0.0115,0.0050,0.0122,0.0029
1560,0.0102,0.0044,0.0129,0.0043
1561,0.0103,0.0046,0.0126,0.0034
1562,0.0150,0.0076,0.0139,0.0096
1563,0.0115,0.0050,0.0122,0.0029
1564,0.0128,0.0051,0.0122,0.0043
1565,0.0125,0.0124,0.0165,0.0126
1566,0.0126,0.0096,0.0159,0.0107
1567,0.0124,0.0093,0.0170,0.0101
1568,0.0116,0.0084,0.0124,0.0030
1569,0.0124,0.0093,0.0170,0.0101
1570,0.0124,0.0093,0.0170,0.0101
1571,0.0124,0.0093,0.0170,0.0101
1572,0.0124,0.0093,0.0170,0.0101
1573,0.0124,0.0093,0.0170,0.0101
1574,0.0089,0.0078,0.0107,0.0024
1575,0.0089,0.0078,0.0107,0.0024
1576,0.0098,0.0060,0.0098,0.0033
1577,0.0089,0.0079,0.0104,0.0022
1578,0.0089,0.0105,0.0127,0.0034
1579,0.0116,0.0084,0.0124,0.0030
1580,0.0095,0.0066,0.0097,0.0028
1581,0.0091,0.0094,0.0106,0.0032
1582,0.0094,0.0103,0.0108,0.0042
1583,0.0098,0.0077,0.0108,0.0038
1584,0.0108,0.0115,0.0136,0.0049
1585,0.0106,0.0110,0.0106,0.0035
1586,0.0110,0.0094,0.0114,0.0062
1587,0.0113,0.0107,0.0110,0.0023
1588,0.0116,0.0106,0.0116,0.0033
1589,0.0091,0.0111,0.0127,0.0034
1590,0.0101,0.0096,0.0149,0.0039
1591,0.0083,0.0167,0.0124,0.0116
1592,0.0086,0.0139,0.0127,0.0104
1593,0.0102,0.0104,0.0141,0.0094
1594,0.0090,0.0089,0.0157,0.0081
1595,0.0092,0.0099,0.0169,0.0078
1596,0.0097,0.0082,0.0194,0.0058
1597,0.0085,0.0092,0.0141,0.0061
1598,0.0084,0.0086,0.0118,0.0049
1599,0.0095,0.0072,0.0111,0.0054
1600,0.0090,0.0097,0.0127,0.0037
1601,0.0116,0.0084,0.0124,0.0030
1602,0.0091,0.0094,0.0106,0.0032
1603,0.0097,0.0063,0.0100,0.0038
1604,0.0086,0.0074,0.0101,0.0043
1605,0.0089,0.0087,0.0111,0.0061
1606,0.0088,0.0098,0.0182,0.0080
1607,0.0092,0.0086,0.0129,0.0086
1608,0.0090,0.0088,0.0131,0.0103
1609,0.0120,0.0089,0.0121,0.0114
1610,0.0090,0.0161,0.0137,0.0121
1611,0.0089,0.0292,0.0170,0.0132
1612,0.0116,0.0084,0.0124,0.0030
1613,0.0122,0.0223,0.0163,0.0142
1614,0.0094,0.0103,0.0108,0.0042
1615,0.0089,0.0078,0.0107,0.0024
1616,0.0098,0.0060,0.0098,0.0033
1617,0.0087,0.0096,0.0126,0.0032
1618,0.0089,0.0078,0.0107,0.0024
1619,0.0098,0.0060,0.0098,0.0033
1620,0.0089,0.0078,0.0107,0.0024
1621,0.0089,0.0078,0.0107,0.0024
1622,0.0087,0.0096,0.0126,0.0032
1623,0.0116,0.0084,0.0124,0.0030
1624,0.0089,0.0078,0.0107,0.0024
1625,0.0089,0.0078,0.0107,0.0024
1626,0.0098,0.0077,0.0108,0.0038
1627,0.0089,0.0078,0.0107,0.0024
1628,0.0087,0.0096,0.0126,0.0032
1629,0.0098,0.0060,0.0098,0.0033
1630,0.0089,0.0078,0.0107,0.0024
1631,0.0089,0.0078,0.0107,0.0024
1632,0.0098,0.0060,0.0098,0.0033
1633,0.0087,0.0096,0.0126,0.0032
1634,0.0105,0.0099,0.0148,0.0045
1635,0.0089,0.0078,0.0107,0.0024
1636,0.0098,0.0060,0.0098,0.0033
1637,0.0089,0.0078,0.0107,0.0024
1638,0.0102,0.0110,0.0107,0.0043
1639,0.0087,0.0096,0.0126,0.0032
1640,0.0089,0.0078,0.0107,0.0024
1641,0.0089,0.0078,0.0107,0.0024
1642,0.0098,0.0060,0.0098,0.0033
1643,0.0089,0.0078,0.0107,0.0024
1644,0.0087,0.0096,0.0126,0.0032
1645,0.0101,0.0096,0.0149,0.0039
1646,0.0098,0.0060,0.0098,0.0033
1647,0.0089,0.0078,0.0107,0.0024
1648,0.0089,0.0078,0.0107,0.0024
1649,0.0098,0.0060,0.0098,0.0033
1650,0.0114,0.0115,0.0144,0.0069
1651,0.0089,0.0078,0.0107,0.0024
1652,0.0098,0.0060,0.0098,0.0033
1653,0.0089,0.0078,0.0107,0.0024
1654,0.0089,0.0078,0.0107,0.0024
1655,0.0087,0.0096,0.0126,0.0032
1656,0.0102,0.0088,0.0147,0.0035
1657,0.0116,0.0084,0.0124,0.0030
1658,0.0098,0.0065,0.0112,0.0028
1659,0.0093,0.0062,0.0110,0.0029
1660,0.0124,0.0061,0.0113,0.0049
1661,0.0089,0.0061,0.0107,0.0031
1662,0.0108,0.0115,0.0136,0.0049
1663,0.0110,0.0094,0.0114,0.0062
1664,0.0088,0.0064,0.0106,0.0031
1665,0.0088,0.0067,0.0106,0.0031
1666,0.0105,0.0053,0.0102,0.0042
1667,0.0088,0.0087,0.0131,0.0036
1668,0.0116,0.0084,0.0124,0.0030
1669,0.0088,0.0076,0.0107,0.0026
1670,0.0097,0.0064,0.0098,0.0030
1671,0.0090,0.0083,0.0103,0.0023
1672,0.0091,0.0094,0.0106,0.0032
1673,0.0099,0.0115,0.0128,0.0029
1674,0.0098,0.0109,0.0109,0.0046
1675,0.0113,0.0107,0.0110,0.0023
1676,0.0101,0.0087,0.0115,0.0051
1677,0.0106,0.0110,0.0106,0.0035
1678,0.0121,0.0115,0.0154,0.0093
1679,0.0116,0.0084,0.0124,0.0030
1680,0.0114,0.0093,0.0110,0.0057
1681,0.0116,0.0106,0.0116,0.0033
1682,0.0083,0.0167,0.0124,0.0116
1683,0.0098,0.0141,0.0117,0.0107
1684,0.0088,0.0113,0.0170,0.0098
1685,0.0088,0.0113,0.0170,0.0098
1686,0.0088,0.0113,0.0170,0.0098
1687,0.0088,0.0113,0.0170,0.0098
1688,0.0088,0.0113,0.0170,0.0098
1689,0.0088,0.0113,0.0170,0.0098
1690,0.0116,0.0084,0.0124,0.0030
1691,0.0087,0.0070,0.0107,0.0022
1692,0.0087,0.0070,0.0107,0.0022
1693,0.0093,0.0053,0.0097,0.0032
1694,0.0088,0.0069,0.0103,0.0021
1695,0.0085,0.0090,0.0127,0.0034
1696,0.0093,0.0058,0.0096,0.0027
1697,0.0089,0.0079,0.0105,0.0032
1698,0.0090,0.0086,0.0108,0.0042
1699,0.0096,0.0064,0.0108,0.0039
1700,0.0090,0.0099,0.0132,0.0049
1701,0.0101,0.0096,0.0149,0.0039
1702,0.0091,0.0091,0.0106,0.0034
1703,0.0101,0.0077,0.0115,0.0061
1704,0.0093,0.0089,0.0108,0.0022
1705,0.0096,0.0089,0.0114,0.0034
1706,0.0085,0.0094,0.0127,0.0034
1707,0.0087,0.0129,0.0125,0.0116
1708,0.0092,0.0106,0.0129,0.0105
1709,0.0110,0.0086,0.0142,0.0093
1710,0.0096,0.0076,0.0153,0.0081
1711,0.0094,0.0093,0.0163,0.0078
1712,0.0116,0.0084,0.0124,0.0030
1713,0.0103,0.0082,0.0191,0.0058
1714,0.0086,0.0089,0.0137,0.0059
1715,0.0083,0.0082,0.0117,0.0047
1716,0.0092,0.0067,0.0111,0.0052
1717,0.0088,0.0085,0.0127,0.0038
1718,0.0089,0.0079,0.0105,0.0032
1719,0.0093,0.0058,0.0100,0.0035
1720,0.0083,0.0064,0.0100,0.0041
1721,0.0086,0.0077,0.0110,0.0060
1722,0.0083,0.0085,0.0183,0.0075
1723,0.0116,0.0084,0.0124,0.0030
1724,0.0091,0.0076,0.0127,0.0079
1725,0.0089,0.0074,0.0126,0.0094
1726,0.0117,0.0077,0.0117,0.0105
1727,0.0088,0.0127,0.0129,0.0114
1728,0.0085,0.0232,0.0161,0.0129
1729,0.0121,0.0188,0.0153,0.0136
1730,0.0090,0.0086,0.0108,0.0042
1731,0.0087,0.0070,0.0107,0.0022
1732,0.0093,0.0053,0.0097,0.0032
1733,0.0085,0.0084,0.0125,0.0032
1734,0.0116,0.0084,0.0124,0.0030
1735,0.0087,0.0070,0.0107,0.0022
1736,0.0093,0.0053,0.0097,0.0032
1737,0.0087,0.0070,0.0107,0.0022
1738,0.0087,0.0070,0.0107,0.0022
1739,0.0085,0.0084,0.0125,0.0032
1740,0.0087,0.0070,0.0107,0.0022
1741,0.0087,0.0070,0.0107,0.0022
1742,0.0096,0.0064,0.0108,0.0039
1743,0.0087,0.0070,0.0107,0.0022
1744,0.0085,0.0084,0.0125,0.0032
1745,0.0116,0.0084,0.0124,0.0030
1746,0.0093,0.0053,0.0097,0.0032
1747,0.0087,0.0070,0.0107,0.0022
1748,0.0087,0.0070,0.0107,0.0022
1749,0.0093,0.0053,0.0097,0.0032
1750,0.0085,0.0084,0.0125,0.0032
1751,0.0087,0.0070,0.0107,0.0022
1752,0.0093,0.0053,0.0097,0.0032
1753,0.0087,0.0070,0.0107,0.0022
1754,0.0091,0.0091,0.0107,0.0042
1755,0.0085,0.0084,0.0125,0.0032
1756,0.0135,0.0114,0.0134,0.0071
1757,0.0087,0.0070,0.0107,0.0022
1758,0.0087,0.0070,0.0107,0.0022
1759,0.0093,0.0053,0.0097,0.0032
1760,0.0087,0.0070,0.0107,0.0022
1761,0.0085,0.0084,0.0125,0.0032
1762,0.0093,0.0053,0.0097,0.0032
1763,0.0087,0.0070,0.0107,0.0022
1764,0.0087,0.0070,0.0107,0.0022
1765,0.0093,0.0053,0.0097,0.0032
1766,0.0095,0.0100,0.0139,0.0070
1767,0.0101,0.0093,0.0154,0.0044
1768,0.0116,0.0084,0.0124,0.0030
1769,0.0087,0.0070,0.0107,0.0022
1770,0.0093,0.0053,0.0097,0.0032
1771,0.0087,0.0070,0.0107,0.0022
1772,0.0087,0.0070,0.0107,0.0022
1773,0.0085,0.0084,0.0125,0.0032
1774,0.0094,0.0064,0.0115,0.0024
1775,0.0088,0.0060,0.0112,0.0025
1776,0.0118,0.0060,0.0116,0.0045
1777,0.0081,0.0057,0.0107,0.0027
1778,0.0090,0.0099,0.0132,0.0049
1779,0.0116,0.0084,0.0124,0.0030
1780,0.0101,0.0077,0.0115,0.0061
1781,0.0081,0.0059,0.0106,0.0027
1782,0.0082,0.0061,0.0106,0.0028
1783,0.0095,0.0047,0.0101,0.0039
1784,0.0086,0.0079,0.0131,0.0033
1785,0.0085,0.0069,0.0108,0.0025
1786,0.0093,0.0056,0.0097,0.0029
1787,0.0088,0.0071,0.0102,0.0024
1788,0.0089,0.0079,0.0105,0.0032
1789,0.0086,0.0098,0.0126,0.0028
1790,0.0116,0.0084,0.0124,0.0030
1791,0.0090,0.0089,0.0109,0.0046
1792,0.0093,0.0089,0.0108,0.0022
1793,0.0098,0.0071,0.0115,0.0051
1794,0.0091,0.0091,0.0106,0.0034
1795,0.0103,0.0101,0.0148,0.0094
1796,0.0103,0.0076,0.0110,0.0056
1797,0.0096,0.0089,0.0114,0.0034
1798,0.0087,0.0129,0.0125,0.0116
1799,0.0105,0.0107,0.0120,0.0106
1800,0.0092,0.0097,0.0169,0.0098
1801,0.0116,0.0084,0.0124,0.0030
1802,0.0092,0.0097,0.0169,0.0098
1803,0.0092,0.0097,0.0169,0.0098
1804,0.0092,0.0097,0.0169,0.0098
1805,0.0092,0.0097,0.0169,0.0098
1806,0.0092,0.0097,0.0169,0.0098
1807,0.0097,0.0060,0.0119,0.0020
1808,0.0097,0.0060,0.0119,0.0020
1809,0.0100,0.0043,0.0105,0.0029
1810,0.0097,0.0056,0.0110,0.0020
1811,0.0087,0.0066,0.0124,0.0036
1812,0.0101,0.0096,0.0149,0.0039
1813,0.0101,0.0048,0.0102,0.0027
1814,0.0094,0.0053,0.0100,0.0034
1815,0.0092,0.0056,0.0101,0.0044
1816,0.0102,0.0041,0.0101,0.0040
1817,0.0082,0.0076,0.0131,0.0048
1818,0.0086,0.0059,0.0101,0.0032
1819,0.0101,0.0046,0.0107,0.0061
1820,0.0084,0.0061,0.0108,0.0022
1821,0.0088,0.0062,0.0115,0.0036
1822,0.0085,0.0068,0.0124,0.0036
1823,0.0166,0.0072,0.0143,0.0033
1824,0.0104,0.0099,0.0128,0.0115
1825,0.0111,0.0079,0.0131,0.0104
1826,0.0130,0.0079,0.0141,0.0092
1827,0.0116,0.0064,0.0149,0.0082
1828,0.0108,0.0085,0.0158,0.0077
1829,0.0125,0.0079,0.0185,0.0058
1830,0.0103,0.0080,0.0136,0.0056
1831,0.0097,0.0073,0.0120,0.0044
1832,0.0103,0.0058,0.0117,0.0048
1833,0.0095,0.0065,0.0125,0.0039
1834,0.0160,0.0069,0.0142,0.0034
1835,0.0094,0.0053,0.0100,0.0034
1836,0.0104,0.0050,0.0116,0.0032
1837,0.0084,0.0048,0.0104,0.0040
1838,0.0081,0.0063,0.0108,0.0062
1839,0.0081,0.0065,0.0185,0.0070
1840,0.0087,0.0058,0.0126,0.0069
1841,0.0087,0.0051,0.0123,0.0078
1842,0.0109,0.0058,0.0117,0.0089
1843,0.0086,0.0073,0.0119,0.0103
1844,0.0083,0.0133,0.0151,0.0126
1845,0.0154,0.0068,0.0140,0.0035
1846,0.0115,0.0122,0.0140,0.0129
1847,0.0092,0.0056,0.0101,0.0044
1848,0.0097,0.0060,0.0119,0.0020
1849,0.0100,0.0043,0.0105,0.0029
1850,0.0089,0.0064,0.0125,0.0032
1851,0.0097,0.0060,0.0119,0.0020
1852,0.0100,0.0043,0.0105,0.0029
1853,0.0097,0.0060,0.0119,0.0020
1854,0.0097,0.0060,0.0119,0.0020
1855,0.0089,0.0064,0.0125,0.0032
1856,0.0150,0.0068,0.0137,0.0036
1857,0.0097,0.0060,0.0119,0.0020
1858,0.0097,0.0060,0.0119,0.0020
1859,0.0102,0.0041,0.0101,0.0040
1860,0.0097,0.0060,0.0119,0.0020
1861,0.0089,0.0064,0.0125,0.0032
1862,0.0100,0.0043,0.0105,0.0029
1863,0.0097,0.0060,0.0119,0.0020
1864,0.0097,0.0060,0.0119,0.0020
1865,0.0100,0.0043,0.0105,0.0029
1866,0.0089,0.0064,0.0125,0.0032
1867,0.0124,0.0113,0.0136,0.0052
1868,0.0097,0.0060,0.0119,0.0020
1869,0.0100,0.0043,0.0105,0.0029
1870,0.0097,0.0060,0.0119,0.0020
1871,0.0088,0.0059,0.0101,0.0042
1872,0.0089,0.0064,0.0125,0.0032
1873,0.0097,0.0060,0.0119,0.0020
1874,0.0097,0.0060,0.0119,0.0020
1875,0.0100,0.0043,0.0105,0.0029
1876,0.0097,0.0060,0.0119,0.0020
1877,0.0089,0.0064,0.0125,0.0032
1878,0.0102,0.0097,0.0154,0.0048
1879,0.0116,0.0100,0.0134,0.0029
1880,0.0100,0.0043,0.0105,0.0029
1881,0.0097,0.0060,0.0119,0.0020
1882,0.0097,0.0060,0.0119,0.0020
1883,0.0100,0.0043,0.0105,0.0029
1884,0.0088,0.0078,0.0139,0.0069
1885,0.0097,0.0060,0.0119,0.0020
1886,0.0100,0.0043,0.0105,0.0029
1887,0.0097,0.0060,0.0119,0.0020
1888,0.0097,0.0060,0.0119,0.0020
1889,0.0089,0.0064,0.0125,0.0032
1890,0.0141,0.0071,0.0132,0.0036
1891,0.0116,0.0060,0.0135,0.0022
1892,0.0110,0.0055,0.0131,0.0021
1893,0.0127,0.0055,0.0129,0.0039
1894,0.0102,0.0051,0.0126,0.0021
1895,0.0082,0.0076,0.0131,0.0048
1896,0.0101,0.0046,0.0107,0.0061
1897,0.0098,0.0052,0.0123,0.0022
1898,0.0098,0.0053,0.0123,0.0022
1899,0.0103,0.0038,0.0110,0.0034
1900,0.0094,0.0068,0.0139,0.0029
1901,0.0137,0.0074,0.0130,0.0036
1902,0.0097,0.0059,0.0121,0.0020
1903,0.0100,0.0045,0.0104,0.0027
1904,0.0096,0.0052,0.0102,0.0025
1905,0.0094,0.0053,0.0100,0.0034
1906,0.0081,0.0071,0.0124,0.0028
1907,0.0090,0.0058,0.0102,0.0046
1908,0.0084,0.0061,0.0108,0.0022
1909,0.0102,0.0043,0.0106,0.0053
1910,0.0086,0.0059,0.0101,0.0032
1911,0.0099,0.0079,0.0149,0.0094
1912,0.0132,0.0076,0.0128,0.0036
1913,0.0100,0.0047,0.0103,0.0055
1914,0.0088,0.0062,0.0115,0.0036
1915,0.0104,0.0099,0.0128,0.0115
1916,0.0124,0.0088,0.0123,0.0106
1917,0.0109,0.0084,0.0166,0.0099
1918,0.0109,0.0084,0.0166,0.0099
1919,0.0109,0.0084,0.0166,0.0099
1920,0.0109,0.0084,0.0166,0.0099
1921,0.0109,0.0084,0.0166,0.0099
1922,0.0109,0.0084,0.0166,0.0099
1923,0.0110,0.0094,0.0137,0.0042
1924,0.0131,0.0058,0.0144,0.0019
1925,0.0131,0.0058,0.0144,0.0019
1926,0.0131,0.0039,0.0126,0.0028
1927,0.0128,0.0052,0.0131,0.0021
1928,0.0108,0.0055,0.0130,0.0038
1929,0.0131,0.0045,0.0122,0.0027
1930,0.0119,0.0041,0.0108,0.0036
1931,0.0114,0.0040,0.0105,0.0045
1932,0.0126,0.0030,0.0103,0.0042
1933,0.0084,0.0067,0.0142,0.0047
1934,0.0121,0.0082,0.0124,0.0032
1935,0.0096,0.0044,0.0107,0.0031
1936,0.0117,0.0030,0.0103,0.0061
1937,0.0087,0.0048,0.0120,0.0023
1938,0.0088,0.0049,0.0130,0.0037
1939,0.0102,0.0055,0.0129,0.0038
1940,0.0114,0.0107,0.0128,0.0115
1941,0.0123,0.0082,0.0129,0.0104
1942,0.0142,0.0085,0.0133,0.0092
1943,0.0133,0.0061,0.0143,0.0082
1944,0.0128,0.0080,0.0157,0.0078
1945,0.0111,0.0083,0.0127,0.0028
1946,0.0143,0.0073,0.0177,0.0058
1947,0.0127,0.0072,0.0137,0.0055
1948,0.0124,0.0065,0.0125,0.0043
1949,0.0127,0.0051,0.0124,0.0046
1950,0.0122,0.0055,0.0134,0.0040
1951,0.0119,0.0041,0.0108,0.0036
1952,0.0139,0.0048,0.0144,0.0030
1953,0.0111,0.0038,0.0118,0.0042
1954,0.0097,0.0057,0.0111,0.0066
1955,0.0090,0.0055,0.0184,0.0073
1956,0.0107,0.0082,0.0137,0.0028
1957,0.0093,0.0049,0.0126,0.0069
1958,0.0093,0.0039,0.0122,0.0072
1959,0.0110,0.0048,0.0123,0.0081
1960,0.0091,0.0051,0.0116,0.0101
1961,0.0086,0.0090,0.0147,0.0129
1962,0.0112,0.0078,0.0135,0.0130
1963,0.0114,0.0040,0.0105,0.0045
1964,0.0131,0.0058,0.0144,0.0019
1965,0.0131,0.0039,0.0126,0.0028
1966,0.0114,0.0055,0.0134,0.0033
1967,0.0102,0.0088,0.0147,0.0035
1968,0.0131,0.0058,0.0144,0.0019
1969,0.0131,0.0039,0.0126,0.0028
1970,0.0131,0.0058,0.0144,0.0019
1971,0.0131,0.0058,0.0144,0.0019
1972,0.0114,0.0055,0.0134,0.0033
1973,0.0131,0.0058,0.0144,0.0019
1974,0.0131,0.0058,0.0144,0.0019
1975,0.0126,0.0030,0.0103,0.0042
1976,0.0131,0.0058,0.0144,0.0019
1977,0.0114,0.0055,0.0134,0.0033
1978,0.0107,0.0110,0.0146,0.0035
1979,0.0131,0.0039,0.0126,0.0028
1980,0.0131,0.0058,0.0144,0.0019
1981,0.0131,0.0058,0.0144,0.0019
1982,0.0131,0.0039,0.0126,0.0028
1983,0.0114,0.0055,0.0134,0.0033
1984,0.0131,0.0058,0.0144,0.0019
1985,0.0131,0.0039,0.0126,0.0028
1986,0.0131,0.0058,0.0144,0.0019
1987,0.0102,0.0042,0.0105,0.0042
1988,0.0114,0.0055,0.0134,0.0033
1989,0.0124,0.0113,0.0136,0.0052
1990,0.0102,0.0097,0.0154,0.0048
1991,0.0131,0.0058,0.0144,0.0019
1992,0.0131,0.0058,0.0144,0.0019
1993,0.0131,0.0039,0.0126,0.0028
1994,0.0131,0.0058,0.0144,0.0019
1995,0.0114,0.0055,0.0134,0.0033
1996,0.0131,0.0039,0.0126,0.0028
1997,0.0131,0.0058,0.0144,0.0019
1998,0.0131,0.0058,0.0144,0.0019
1999,0.0131,0.0039,0.0126,0.0028
2000,0.0087,0.0069,0.0151,0.0069
2001,0.0124,0.0100,0.0128,0.0027
2002,0.0131,0.0058,0.0144,0.0019
2003,0.0131,0.0039,0.0126,0.0028
2004,0.0131,0.0058,0.0144,0.0019
2005,0.0131,0.0058,0.0144,0.0019
2006,0.0114,0.0055,0.0134,0.0033
2007,0.0141,0.0057,0.0153,0.0023
2008,0.0139,0.0052,0.0151,0.0021
2009,0.0141,0.0049,0.0138,0.0036
2010,0.0137,0.0048,0.0150,0.0019
2011,0.0084,0.0067,0.0142,0.0047
2012,0.0105,0.0099,0.0148,0.0045
2013,0.0117,0.0030,0.0103,0.0061
2014,0.0136,0.0048,0.0150,0.0019
2015,0.0137,0.0050,0.0151,0.0019
2016,0.0131,0.0033,0.0128,0.0031
2017,0.0126,0.0062,0.0158,0.0029
2018,0.0134,0.0057,0.0149,0.0019
2019,0.0131,0.0042,0.0125,0.0027
2020,0.0123,0.0044,0.0115,0.0026
2021,0.0119,0.0041,0.0108,0.0036
2022,0.0090,0.0060,0.0131,0.0028
2023,0.0109,0.0100,0.0142,0.0037
2024,0.0108,0.0041,0.0104,0.0048
2025,0.0087,0.0048,0.0120,0.0023
2026,0.0124,0.0028,0.0104,0.0054
2027,0.0096,0.0044,0.0107,0.0031
2028,0.0096,0.0070,0.0163,0.0094
2029,0.0113,0.0034,0.0101,0.0054
2030,0.0088,0.0049,0.0130,0.0037
2031,0.0114,0.0107,0.0128,0.0115
2032,0.0135,0.0098,0.0119,0.0106
2033,0.0124,0.0082,0.0163,0.0100
2034,0.0149,0.0116,0.0136,0.0095
2035,0.0124,0.0082,0.0163,0.0100
2036,0.0124,0.0082,0.0163,0.0100
2037,0.0124,0.0082,0.0163,0.0100
2038,0.0124,0.0082,0.0163,0.0100
2039,0.0124,0.0082,0.0163,0.0100
2040,0.0150,0.0058,0.0158,0.0019
2041,0.0150,0.0058,0.0158,0.0019
2042,0.0146,0.0039,0.0136,0.0027
2043,0.0146,0.0051,0.0143,0.0021
2044,0.0123,0.0052,0.0137,0.0038
2045,0.0124,0.0100,0.0128,0.0027
2046,0.0146,0.0045,0.0133,0.0027
2047,0.0134,0.0039,0.0117,0.0036
2048,0.0128,0.0037,0.0112,0.0046
2049,0.0140,0.0028,0.0108,0.0043
2050,0.0089,0.0066,0.0151,0.0047
2051,0.0106,0.0042,0.0116,0.0032
2052,0.0129,0.0028,0.0105,0.0061
2053,0.0092,0.0046,0.0131,0.0023
2054,0.0090,0.0047,0.0141,0.0038
2055,0.0115,0.0053,0.0134,0.0039
2056,0.0134,0.0101,0.0123,0.0037
2057,0.0116,0.0112,0.0126,0.0115
2058,0.0126,0.0084,0.0126,0.0104
2059,0.0145,0.0087,0.0128,0.0091
2060,0.0137,0.0060,0.0138,0.0082
2061,0.0136,0.0077,0.0155,0.0078
2062,0.0148,0.0069,0.0171,0.0058
2063,0.0137,0.0069,0.0136,0.0054
2064,0.0137,0.0062,0.0127,0.0043
2065,0.0138,0.0048,0.0127,0.0045
2066,0.0139,0.0053,0.0143,0.0041
2067,0.0125,0.0142,0.0172,0.0128
2068,0.0134,0.0039,0.0117,0.0036
2069,0.0156,0.0048,0.0158,0.0030
2070,0.0128,0.0035,0.0128,0.0043
2071,0.0110,0.0056,0.0114,0.0068
2072,0.0098,0.0052,0.0183,0.0075
2073,0.0101,0.0047,0.0126,0.0070
2074,0.0100,0.0036,0.0122,0.0072
2075,0.0113,0.0046,0.0125,0.0080
2076,0.0095,0.0050,0.0115,0.0102
2077,0.0089,0.0087,0.0146,0.0132
2078,0.0118,0.0118,0.0161,0.0108
2079,0.0112,0.0061,0.0133,0.0132
2080,0.0128,0.0037,0.0112,0.0046
2081,0.0150,0.0058,0.0158,0.0019
2082,0.0146,0.0039,0.0136,0.0027
2083,0.0131,0.0053,0.0142,0.0033
2084,0.0150,0.0058,0.0158,0.0019
2085,0.0146,0.0039,0.0136,0.0027
2086,0.0150,0.0058,0.0158,0.0019
2087,0.0150,0.0058,0.0158,0.0019
2088,0.0131,0.0053,0.0142,0.0033
2089,0.0111,0.0106,0.0173,0.0101
2090,0.0150,0.0058,0.0158,0.0019
2091,0.0150,0.0058,0.0158,0.0019
2092,0.0140,0.0028,0.0108,0.0043
2093,0.0150,0.0058,0.0158,0.0019
2094,0.0131,0.0053,0.0142,0.0033
2095,0.0146,0.0039,0.0136,0.0027
2096,0.0150,0.0058,0.0158,0.0019
2097,0.0150,0.0058,0.0158,0.0019
2098,0.0146,0.0039,0.0136,0.0027
2099,0.0131,0.0053,0.0142,0.0033
Highest RMSE Cases
Vdc  Max RMSE=  0.0166 at Case 1823; 0 > 0.05
Idc  Max RMSE=  0.0297 at Case 1379; 0 > 0.05
Vd   Max RMSE=  0.0240 at Case 1256; 0 > 0.05
Vq   Max RMSE=  0.0200 at Case 1496; 0 > 0.05
Total Error Summary
Vdc  RMSE=  0.0103
Idc  RMSE=  0.0078
Vd   RMSE=  0.0125
Vq   RMSE=  0.0055
