Read Model from: ./ucf10ciir/
Export Model to: ./ucf10ciir/ucf10ciir_fhf.json
idx_in [0, 1, 2, 3, 4, 5, 6]
idx_out [7, 8, 9, 10]
make_mimo_block iir
H1s[0][0]  Real Poles: [-1394.7074647   -294.66009783] Freqs [Hz]: []
H1s[0][1]  Real Poles: [-1002.86839902 -1002.86839902] Freqs [Hz]: [19.779973391381244]
H1s[0][2]  Real Poles: [-1002.46312027 -1002.46312027] Freqs [Hz]: [52.35915878042132]
H1s[0][3]  Real Poles: [-982.35968687 -982.35968687] Freqs [Hz]: [11.777729781638719]
H1s[1][0]  Real Poles: [-1275.74178952  -601.77313161] Freqs [Hz]: []
H1s[1][1]  Real Poles: [-1294.12109483  -568.76001429] Freqs [Hz]: []
H1s[1][2]  Real Poles: [-1001.08705543 -1001.08705543] Freqs [Hz]: [50.17334126196545]
H1s[1][3]  Real Poles: [-1397.01856389  -300.91877565] Freqs [Hz]: []
H1s[2][0]  Real Poles: [-1014.0544204 -1014.0544204] Freqs [Hz]: [35.366681783102706]
H1s[2][1]  Real Poles: [-1494.0990262    -40.74030591] Freqs [Hz]: []
H1s[2][2]  Real Poles: [-1443.28531022  -150.39879684] Freqs [Hz]: []
H1s[2][3]  Real Poles: [-1358.7909544   -390.02282376] Freqs [Hz]: []
H1s[3][0]  Real Poles: [-1215.58492608  -683.5522356 ] Freqs [Hz]: []
H1s[3][1]  Real Poles: [-1311.81991614  -487.04733931] Freqs [Hz]: []
H1s[3][2]  Real Poles: [-1480.9482469    -63.04391485] Freqs [Hz]: []
H1s[3][3]  Real Poles: [-1190.73398449  -751.76155157] Freqs [Hz]: []
model_folder = ./ucf10ciir/
model_root = ucf10ciir
data_path = d:/data/ucf3/ucf9c.hdf5
idx_in [0, 1, 2, 3, 4, 5, 6]
idx_out [7, 8, 9, 10]
read 2100 dataframes
dt=0.001000 data_len=4001 n_io=11 n_case=2100
['G', 'Ud', 'Uq', 'Vd', 'Vq', 'GVrms', 'Ctrl'] ['Vdc', 'Idc', 'Id', 'Iq'] (2100, 4001, 11)
make_mimo_block iir
prepending initial conditions (2100, 500, 11) (2100, 4001, 11) float32 float32
results in (2100, 4501, 11)
Idx,Vdc,Idc,Id,Iq
#,RMSE,RMSE,RMSE,RMSE
Total,0.0060,0.0230,0.0233,0.0080
0,0.0057,0.0126,0.0133,0.0032
1,0.0057,0.0126,0.0133,0.0032
2,0.0064,0.0337,0.0301,0.0035
3,0.0064,0.0371,0.0311,0.0212
4,0.0045,0.0086,0.0112,0.0031
5,0.0057,0.0066,0.0084,0.0056
6,0.0045,0.0086,0.0112,0.0031
7,0.0051,0.0145,0.0150,0.0035
8,0.0061,0.0128,0.0122,0.0030
9,0.0045,0.0086,0.0112,0.0031
10,0.0045,0.0086,0.0112,0.0031
11,0.0057,0.0066,0.0084,0.0056
12,0.0045,0.0086,0.0112,0.0031
13,0.0061,0.0128,0.0122,0.0030
14,0.0064,0.0371,0.0311,0.0212
15,0.0057,0.0066,0.0084,0.0056
16,0.0045,0.0086,0.0112,0.0031
17,0.0045,0.0086,0.0112,0.0031
18,0.0057,0.0066,0.0084,0.0056
19,0.0067,0.0186,0.0150,0.0032
20,0.0045,0.0086,0.0112,0.0031
21,0.0057,0.0066,0.0084,0.0056
22,0.0045,0.0086,0.0112,0.0031
23,0.0045,0.0086,0.0112,0.0031
24,0.0061,0.0128,0.0122,0.0030
25,0.0064,0.0371,0.0311,0.0212
26,0.0053,0.0235,0.0251,0.0020
27,0.0044,0.0113,0.0148,0.0023
28,0.0061,0.0660,0.0733,0.0025
29,0.0044,0.0289,0.0337,0.0026
30,0.0062,0.0154,0.0135,0.0030
31,0.0068,0.0122,0.0121,0.0059
32,0.0054,0.0378,0.0416,0.0025
33,0.0056,0.0353,0.0379,0.0025
34,0.0058,0.0114,0.0149,0.0037
35,0.0055,0.0100,0.0114,0.0028
36,0.0064,0.0371,0.0311,0.0212
37,0.0049,0.0087,0.0085,0.0029
38,0.0055,0.0085,0.0101,0.0063
39,0.0055,0.0080,0.0098,0.0028
40,0.0065,0.0118,0.0108,0.0029
41,0.0053,0.0135,0.0143,0.0029
42,0.0067,0.0244,0.0241,0.0032
43,0.0070,0.0240,0.0203,0.0061
44,0.0075,0.0100,0.0095,0.0050
45,0.0046,0.0092,0.0100,0.0039
46,0.0070,0.0176,0.0168,0.0033
47,0.0064,0.0371,0.0311,0.0212
48,0.0072,0.0132,0.0146,0.0076
49,0.0083,0.0272,0.0197,0.0077
50,0.0078,0.0479,0.0471,0.0276
51,0.0059,0.0205,0.0236,0.0129
52,0.0061,0.0331,0.0313,0.0184
53,0.0061,0.0331,0.0313,0.0184
54,0.0061,0.0331,0.0313,0.0184
55,0.0061,0.0331,0.0313,0.0184
56,0.0061,0.0331,0.0313,0.0184
57,0.0061,0.0331,0.0313,0.0184
58,0.0051,0.0113,0.0124,0.0030
59,0.0042,0.0124,0.0118,0.0029
60,0.0042,0.0124,0.0118,0.0029
61,0.0053,0.0132,0.0170,0.0043
62,0.0046,0.0163,0.0165,0.0028
63,0.0064,0.0320,0.0297,0.0040
64,0.0055,0.0143,0.0141,0.0035
65,0.0059,0.0237,0.0208,0.0021
66,0.0068,0.0365,0.0325,0.0020
67,0.0075,0.0133,0.0127,0.0029
68,0.0061,0.0255,0.0242,0.0040
69,0.0051,0.0113,0.0124,0.0030
70,0.0059,0.0274,0.0228,0.0018
71,0.0089,0.0297,0.0229,0.0033
72,0.0097,0.0273,0.0267,0.0025
73,0.0137,0.0348,0.0382,0.0036
74,0.0065,0.0406,0.0377,0.0038
75,0.0058,0.0349,0.0340,0.0225
76,0.0042,0.0277,0.0228,0.0194
77,0.0066,0.0259,0.0241,0.0174
78,0.0065,0.0223,0.0202,0.0137
79,0.0074,0.0299,0.0240,0.0112
80,0.0051,0.0113,0.0124,0.0030
81,0.0058,0.0328,0.0262,0.0136
82,0.0058,0.0165,0.0174,0.0069
83,0.0067,0.0166,0.0187,0.0064
84,0.0077,0.0135,0.0158,0.0098
85,0.0068,0.0179,0.0165,0.0038
86,0.0059,0.0237,0.0208,0.0021
87,0.0057,0.0287,0.0345,0.0024
88,0.0048,0.0216,0.0210,0.0122
89,0.0048,0.0274,0.0269,0.0158
90,0.0054,0.0426,0.0406,0.0093
91,0.0052,0.0114,0.0113,0.0029
92,0.0038,0.0267,0.0266,0.0118
93,0.0040,0.0267,0.0280,0.0077
94,0.0059,0.0269,0.0311,0.0161
95,0.0040,0.0438,0.0439,0.0145
96,0.0055,0.0546,0.0491,0.0252
97,0.0056,0.0362,0.0393,0.0187
98,0.0068,0.0365,0.0325,0.0020
99,0.0042,0.0124,0.0118,0.0029
100,0.0053,0.0132,0.0170,0.0043
101,0.0057,0.0196,0.0182,0.0046
102,0.0050,0.0424,0.0431,0.0028
103,0.0042,0.0124,0.0118,0.0029
104,0.0053,0.0132,0.0170,0.0043
105,0.0042,0.0124,0.0118,0.0029
106,0.0042,0.0124,0.0118,0.0029
107,0.0057,0.0196,0.0182,0.0046
108,0.0042,0.0124,0.0118,0.0029
109,0.0042,0.0124,0.0118,0.0029
110,0.0075,0.0133,0.0127,0.0029
111,0.0042,0.0124,0.0118,0.0029
112,0.0057,0.0196,0.0182,0.0046
113,0.0075,0.0295,0.0258,0.0035
114,0.0055,0.0144,0.0144,0.0029
115,0.0053,0.0132,0.0170,0.0043
116,0.0042,0.0124,0.0118,0.0029
117,0.0042,0.0124,0.0118,0.0029
118,0.0053,0.0132,0.0170,0.0043
119,0.0057,0.0196,0.0182,0.0046
120,0.0042,0.0124,0.0118,0.0029
121,0.0053,0.0132,0.0170,0.0043
122,0.0042,0.0124,0.0118,0.0029
123,0.0060,0.0356,0.0308,0.0019
124,0.0057,0.0196,0.0182,0.0046
125,0.0061,0.0299,0.0295,0.0030
126,0.0042,0.0124,0.0118,0.0029
127,0.0042,0.0124,0.0118,0.0029
128,0.0053,0.0132,0.0170,0.0043
129,0.0042,0.0124,0.0118,0.0029
130,0.0057,0.0196,0.0182,0.0046
131,0.0053,0.0132,0.0170,0.0043
132,0.0042,0.0124,0.0118,0.0029
133,0.0042,0.0124,0.0118,0.0029
134,0.0053,0.0132,0.0170,0.0043
135,0.0066,0.0278,0.0311,0.0047
136,0.0069,0.0426,0.0416,0.0031
137,0.0042,0.0124,0.0118,0.0029
138,0.0053,0.0132,0.0170,0.0043
139,0.0042,0.0124,0.0118,0.0029
140,0.0042,0.0124,0.0118,0.0029
141,0.0057,0.0196,0.0182,0.0046
142,0.0080,0.0198,0.0181,0.0028
143,0.0069,0.0136,0.0249,0.0027
144,0.0109,0.0600,0.0553,0.0077
145,0.0057,0.0342,0.0474,0.0026
146,0.0061,0.0255,0.0242,0.0040
147,0.0070,0.0456,0.0439,0.0032
148,0.0089,0.0297,0.0229,0.0033
149,0.0052,0.0419,0.0522,0.0023
150,0.0050,0.0381,0.0463,0.0022
151,0.0065,0.0170,0.0263,0.0067
152,0.0059,0.0189,0.0173,0.0069
153,0.0042,0.0142,0.0148,0.0028
154,0.0053,0.0110,0.0120,0.0037
155,0.0051,0.0131,0.0123,0.0024
156,0.0059,0.0237,0.0208,0.0021
157,0.0054,0.0329,0.0296,0.0034
158,0.0071,0.0272,0.0267,0.0033
159,0.0068,0.0397,0.0352,0.0019
160,0.0097,0.0273,0.0267,0.0025
161,0.0086,0.0253,0.0206,0.0031
162,0.0059,0.0274,0.0228,0.0018
163,0.0080,0.0370,0.0468,0.0054
164,0.0093,0.0231,0.0173,0.0039
165,0.0137,0.0348,0.0382,0.0036
166,0.0058,0.0349,0.0340,0.0225
167,0.0059,0.0256,0.0236,0.0237
168,0.0065,0.0292,0.0280,0.0162
169,0.0061,0.0302,0.0274,0.0033
170,0.0065,0.0292,0.0280,0.0162
171,0.0065,0.0292,0.0280,0.0162
172,0.0065,0.0292,0.0280,0.0162
173,0.0065,0.0292,0.0280,0.0162
174,0.0065,0.0292,0.0280,0.0162
175,0.0037,0.0116,0.0120,0.0028
176,0.0037,0.0116,0.0120,0.0028
177,0.0053,0.0112,0.0135,0.0032
178,0.0040,0.0138,0.0154,0.0026
179,0.0069,0.0336,0.0313,0.0036
180,0.0071,0.0249,0.0221,0.0034
181,0.0054,0.0145,0.0154,0.0035
182,0.0061,0.0245,0.0216,0.0019
183,0.0070,0.0355,0.0317,0.0018
184,0.0073,0.0128,0.0127,0.0031
185,0.0058,0.0208,0.0191,0.0040
186,0.0056,0.0245,0.0206,0.0019
187,0.0082,0.0264,0.0208,0.0035
188,0.0084,0.0206,0.0190,0.0025
189,0.0117,0.0247,0.0265,0.0033
190,0.0070,0.0397,0.0368,0.0034
191,0.0090,0.0212,0.0193,0.0033
192,0.0059,0.0374,0.0384,0.0218
193,0.0041,0.0250,0.0216,0.0170
194,0.0067,0.0262,0.0244,0.0146
195,0.0065,0.0203,0.0185,0.0129
196,0.0066,0.0254,0.0217,0.0105
197,0.0057,0.0373,0.0293,0.0157
198,0.0055,0.0176,0.0192,0.0072
199,0.0063,0.0173,0.0205,0.0053
200,0.0076,0.0118,0.0122,0.0063
201,0.0069,0.0175,0.0162,0.0037
202,0.0115,0.0209,0.0237,0.0031
203,0.0061,0.0245,0.0216,0.0019
204,0.0054,0.0296,0.0340,0.0023
205,0.0042,0.0182,0.0191,0.0092
206,0.0044,0.0227,0.0235,0.0120
207,0.0055,0.0409,0.0381,0.0069
208,0.0038,0.0231,0.0230,0.0067
209,0.0040,0.0235,0.0244,0.0062
210,0.0059,0.0249,0.0290,0.0110
211,0.0041,0.0370,0.0368,0.0121
212,0.0054,0.0458,0.0415,0.0228
213,0.0052,0.0486,0.0485,0.0028
214,0.0056,0.0304,0.0329,0.0158
215,0.0070,0.0355,0.0317,0.0018
216,0.0037,0.0116,0.0120,0.0028
217,0.0053,0.0112,0.0135,0.0032
218,0.0060,0.0195,0.0178,0.0037
219,0.0037,0.0116,0.0120,0.0028
220,0.0053,0.0112,0.0135,0.0032
221,0.0037,0.0116,0.0120,0.0028
222,0.0037,0.0116,0.0120,0.0028
223,0.0060,0.0195,0.0178,0.0037
224,0.0096,0.0271,0.0251,0.0035
225,0.0091,0.0284,0.0252,0.0213
226,0.0037,0.0116,0.0120,0.0028
227,0.0037,0.0116,0.0120,0.0028
228,0.0073,0.0128,0.0127,0.0031
229,0.0037,0.0116,0.0120,0.0028
230,0.0060,0.0195,0.0178,0.0037
231,0.0053,0.0112,0.0135,0.0032
232,0.0037,0.0116,0.0120,0.0028
233,0.0037,0.0116,0.0120,0.0028
234,0.0053,0.0112,0.0135,0.0032
235,0.0060,0.0195,0.0178,0.0037
236,0.0053,0.0312,0.0249,0.0225
237,0.0037,0.0116,0.0120,0.0028
238,0.0053,0.0112,0.0135,0.0032
239,0.0037,0.0116,0.0120,0.0028
240,0.0060,0.0328,0.0286,0.0018
241,0.0060,0.0195,0.0178,0.0037
242,0.0037,0.0116,0.0120,0.0028
243,0.0037,0.0116,0.0120,0.0028
244,0.0053,0.0112,0.0135,0.0032
245,0.0037,0.0116,0.0120,0.0028
246,0.0060,0.0195,0.0178,0.0037
247,0.0055,0.0329,0.0295,0.0208
248,0.0053,0.0112,0.0135,0.0032
249,0.0037,0.0116,0.0120,0.0028
250,0.0037,0.0116,0.0120,0.0028
251,0.0053,0.0112,0.0135,0.0032
252,0.0063,0.0206,0.0223,0.0047
253,0.0037,0.0116,0.0120,0.0028
254,0.0053,0.0112,0.0135,0.0032
255,0.0037,0.0116,0.0120,0.0028
256,0.0037,0.0116,0.0120,0.0028
257,0.0060,0.0195,0.0178,0.0037
258,0.0059,0.0275,0.0260,0.0168
259,0.0074,0.0197,0.0183,0.0025
260,0.0062,0.0133,0.0228,0.0025
261,0.0101,0.0601,0.0579,0.0060
262,0.0049,0.0337,0.0446,0.0025
263,0.0058,0.0208,0.0191,0.0040
264,0.0082,0.0264,0.0208,0.0035
265,0.0045,0.0417,0.0500,0.0021
266,0.0044,0.0381,0.0445,0.0020
267,0.0060,0.0166,0.0242,0.0051
268,0.0053,0.0154,0.0154,0.0057
269,0.0051,0.0384,0.0346,0.0150
270,0.0038,0.0126,0.0126,0.0026
271,0.0053,0.0095,0.0099,0.0032
272,0.0050,0.0121,0.0117,0.0022
273,0.0061,0.0245,0.0216,0.0019
274,0.0055,0.0313,0.0283,0.0033
275,0.0069,0.0394,0.0353,0.0018
276,0.0084,0.0206,0.0190,0.0025
277,0.0082,0.0242,0.0204,0.0030
278,0.0056,0.0245,0.0206,0.0019
279,0.0071,0.0271,0.0358,0.0054
280,0.0060,0.0198,0.0176,0.0102
281,0.0085,0.0196,0.0156,0.0044
282,0.0117,0.0247,0.0265,0.0033
283,0.0059,0.0374,0.0384,0.0218
284,0.0061,0.0226,0.0222,0.0179
285,0.0062,0.0297,0.0302,0.0171
286,0.0062,0.0297,0.0302,0.0171
287,0.0062,0.0297,0.0302,0.0171
288,0.0062,0.0297,0.0302,0.0171
289,0.0062,0.0297,0.0302,0.0171
290,0.0062,0.0297,0.0302,0.0171
291,0.0075,0.0168,0.0156,0.0076
292,0.0039,0.0097,0.0116,0.0025
293,0.0039,0.0097,0.0116,0.0025
294,0.0056,0.0087,0.0098,0.0034
295,0.0042,0.0117,0.0150,0.0023
296,0.0080,0.0337,0.0313,0.0033
297,0.0056,0.0147,0.0173,0.0050
298,0.0066,0.0216,0.0191,0.0017
299,0.0077,0.0354,0.0326,0.0017
300,0.0070,0.0101,0.0111,0.0038
301,0.0058,0.0158,0.0143,0.0042
302,0.0078,0.0165,0.0157,0.0057
303,0.0051,0.0169,0.0150,0.0023
304,0.0072,0.0208,0.0175,0.0045
305,0.0068,0.0179,0.0159,0.0037
306,0.0089,0.0204,0.0163,0.0046
307,0.0081,0.0393,0.0369,0.0033
308,0.0060,0.0452,0.0461,0.0256
309,0.0039,0.0229,0.0213,0.0160
310,0.0072,0.0274,0.0268,0.0137
311,0.0066,0.0174,0.0155,0.0129
312,0.0057,0.0178,0.0167,0.0098
313,0.0062,0.0204,0.0202,0.0044
314,0.0056,0.0450,0.0375,0.0235
315,0.0049,0.0220,0.0239,0.0124
316,0.0057,0.0204,0.0246,0.0095
317,0.0075,0.0131,0.0132,0.0075
318,0.0074,0.0163,0.0153,0.0035
319,0.0066,0.0216,0.0191,0.0017
320,0.0057,0.0290,0.0311,0.0022
321,0.0044,0.0145,0.0159,0.0043
322,0.0045,0.0201,0.0202,0.0052
323,0.0055,0.0354,0.0311,0.0053
324,0.0055,0.0226,0.0227,0.0036
325,0.0039,0.0201,0.0188,0.0049
326,0.0039,0.0188,0.0184,0.0086
327,0.0057,0.0219,0.0249,0.0090
328,0.0041,0.0225,0.0219,0.0095
329,0.0054,0.0357,0.0340,0.0212
330,0.0055,0.0176,0.0192,0.0109
331,0.0077,0.0354,0.0326,0.0017
332,0.0039,0.0097,0.0116,0.0025
333,0.0056,0.0087,0.0098,0.0034
334,0.0069,0.0190,0.0170,0.0033
335,0.0126,0.0301,0.0331,0.0037
336,0.0061,0.0299,0.0295,0.0030
337,0.0039,0.0097,0.0116,0.0025
338,0.0056,0.0087,0.0098,0.0034
339,0.0039,0.0097,0.0116,0.0025
340,0.0039,0.0097,0.0116,0.0025
341,0.0069,0.0190,0.0170,0.0033
342,0.0039,0.0097,0.0116,0.0025
343,0.0039,0.0097,0.0116,0.0025
344,0.0070,0.0101,0.0111,0.0038
345,0.0039,0.0097,0.0116,0.0025
346,0.0069,0.0190,0.0170,0.0033
347,0.0059,0.0144,0.0179,0.0038
348,0.0056,0.0087,0.0098,0.0034
349,0.0039,0.0097,0.0116,0.0025
350,0.0039,0.0097,0.0116,0.0025
351,0.0056,0.0087,0.0098,0.0034
352,0.0069,0.0190,0.0170,0.0033
353,0.0039,0.0097,0.0116,0.0025
354,0.0056,0.0087,0.0098,0.0034
355,0.0039,0.0097,0.0116,0.0025
356,0.0058,0.0273,0.0246,0.0019
357,0.0069,0.0190,0.0170,0.0033
358,0.0070,0.0194,0.0242,0.0069
359,0.0039,0.0097,0.0116,0.0025
360,0.0039,0.0097,0.0116,0.0025
361,0.0056,0.0087,0.0098,0.0034
362,0.0039,0.0097,0.0116,0.0025
363,0.0069,0.0190,0.0170,0.0033
364,0.0056,0.0087,0.0098,0.0034
365,0.0039,0.0097,0.0116,0.0025
366,0.0039,0.0097,0.0116,0.0025
367,0.0056,0.0087,0.0098,0.0034
368,0.0060,0.0162,0.0154,0.0049
369,0.0070,0.0249,0.0296,0.0095
370,0.0039,0.0097,0.0116,0.0025
371,0.0056,0.0087,0.0098,0.0034
372,0.0039,0.0097,0.0116,0.0025
373,0.0039,0.0097,0.0116,0.0025
374,0.0069,0.0190,0.0170,0.0033
375,0.0063,0.0188,0.0186,0.0020
376,0.0051,0.0123,0.0183,0.0021
377,0.0086,0.0609,0.0637,0.0031
378,0.0042,0.0344,0.0412,0.0022
379,0.0058,0.0158,0.0143,0.0042
380,0.0042,0.0572,0.0568,0.0130
381,0.0072,0.0208,0.0175,0.0045
382,0.0045,0.0410,0.0460,0.0020
383,0.0045,0.0380,0.0413,0.0019
384,0.0056,0.0147,0.0191,0.0027
385,0.0055,0.0114,0.0129,0.0037
386,0.0041,0.0121,0.0110,0.0024
387,0.0055,0.0082,0.0097,0.0042
388,0.0054,0.0101,0.0104,0.0019
389,0.0066,0.0216,0.0191,0.0017
390,0.0062,0.0248,0.0228,0.0034
391,0.0049,0.0333,0.0364,0.0080
392,0.0071,0.0350,0.0321,0.0017
393,0.0068,0.0179,0.0159,0.0037
394,0.0079,0.0212,0.0187,0.0034
395,0.0051,0.0169,0.0150,0.0023
396,0.0062,0.0161,0.0213,0.0055
397,0.0070,0.0139,0.0140,0.0060
398,0.0089,0.0204,0.0163,0.0046
399,0.0060,0.0452,0.0461,0.0256
400,0.0064,0.0191,0.0219,0.0114
401,0.0062,0.0333,0.0338,0.0188
402,0.0049,0.0380,0.0417,0.0092
403,0.0062,0.0333,0.0338,0.0188
404,0.0062,0.0333,0.0338,0.0188
405,0.0062,0.0333,0.0338,0.0188
406,0.0062,0.0333,0.0338,0.0188
407,0.0062,0.0333,0.0338,0.0188
408,0.0046,0.0093,0.0125,0.0024
409,0.0046,0.0093,0.0125,0.0024
410,0.0060,0.0063,0.0081,0.0048
411,0.0048,0.0116,0.0155,0.0022
412,0.0084,0.0286,0.0266,0.0033
413,0.0048,0.0475,0.0510,0.0136
414,0.0057,0.0162,0.0200,0.0063
415,0.0071,0.0165,0.0145,0.0018
416,0.0081,0.0294,0.0273,0.0018
417,0.0071,0.0085,0.0114,0.0044
418,0.0060,0.0142,0.0131,0.0046
419,0.0049,0.0121,0.0121,0.0025
420,0.0068,0.0148,0.0134,0.0050
421,0.0062,0.0213,0.0192,0.0044
422,0.0079,0.0232,0.0175,0.0057
423,0.0084,0.0331,0.0312,0.0033
424,0.0048,0.0556,0.0572,0.0197
425,0.0061,0.0507,0.0507,0.0298
426,0.0039,0.0233,0.0221,0.0180
427,0.0078,0.0304,0.0307,0.0176
428,0.0070,0.0178,0.0159,0.0149
429,0.0055,0.0134,0.0136,0.0097
430,0.0058,0.0493,0.0436,0.0284
431,0.0046,0.0242,0.0264,0.0148
432,0.0054,0.0240,0.0286,0.0121
433,0.0074,0.0177,0.0192,0.0115
434,0.0078,0.0123,0.0127,0.0035
435,0.0061,0.0574,0.0517,0.0251
436,0.0071,0.0165,0.0145,0.0018
437,0.0064,0.0268,0.0280,0.0022
438,0.0047,0.0138,0.0146,0.0020
439,0.0046,0.0201,0.0190,0.0025
440,0.0055,0.0286,0.0233,0.0056
441,0.0039,0.0180,0.0158,0.0078
442,0.0039,0.0140,0.0133,0.0114
443,0.0055,0.0204,0.0233,0.0133
444,0.0041,0.0142,0.0141,0.0111
445,0.0056,0.0399,0.0389,0.0238
446,0.0050,0.0492,0.0488,0.0029
447,0.0061,0.0748,0.0685,0.0376
448,0.0055,0.0157,0.0169,0.0117
449,0.0081,0.0294,0.0273,0.0018
450,0.0046,0.0093,0.0125,0.0024
451,0.0060,0.0063,0.0081,0.0048
452,0.0074,0.0161,0.0141,0.0033
453,0.0046,0.0093,0.0125,0.0024
454,0.0060,0.0063,0.0081,0.0048
455,0.0046,0.0093,0.0125,0.0024
456,0.0046,0.0093,0.0125,0.0024
457,0.0074,0.0161,0.0141,0.0033
458,0.0069,0.0426,0.0416,0.0031
459,0.0046,0.0093,0.0125,0.0024
460,0.0046,0.0093,0.0125,0.0024
461,0.0071,0.0085,0.0114,0.0044
462,0.0046,0.0093,0.0125,0.0024
463,0.0074,0.0161,0.0141,0.0033
464,0.0060,0.0063,0.0081,0.0048
465,0.0046,0.0093,0.0125,0.0024
466,0.0046,0.0093,0.0125,0.0024
467,0.0060,0.0063,0.0081,0.0048
468,0.0074,0.0161,0.0141,0.0033
469,0.0051,0.0113,0.0124,0.0030
470,0.0046,0.0093,0.0125,0.0024
471,0.0060,0.0063,0.0081,0.0048
472,0.0046,0.0093,0.0125,0.0024
473,0.0058,0.0212,0.0199,0.0020
474,0.0074,0.0161,0.0141,0.0033
475,0.0046,0.0093,0.0125,0.0024
476,0.0046,0.0093,0.0125,0.0024
477,0.0060,0.0063,0.0081,0.0048
478,0.0046,0.0093,0.0125,0.0024
479,0.0074,0.0161,0.0141,0.0033
480,0.0051,0.0113,0.0124,0.0030
481,0.0060,0.0063,0.0081,0.0048
482,0.0046,0.0093,0.0125,0.0024
483,0.0046,0.0093,0.0125,0.0024
484,0.0060,0.0063,0.0081,0.0048
485,0.0061,0.0165,0.0139,0.0052
486,0.0046,0.0093,0.0125,0.0024
487,0.0060,0.0063,0.0081,0.0048
488,0.0046,0.0093,0.0125,0.0024
489,0.0046,0.0093,0.0125,0.0024
490,0.0074,0.0161,0.0141,0.0033
491,0.0045,0.0266,0.0278,0.0027
492,0.0059,0.0198,0.0227,0.0018
493,0.0048,0.0117,0.0162,0.0020
494,0.0078,0.0625,0.0696,0.0020
495,0.0044,0.0329,0.0371,0.0022
496,0.0060,0.0142,0.0131,0.0046
497,0.0068,0.0148,0.0134,0.0050
498,0.0051,0.0407,0.0436,0.0020
499,0.0054,0.0367,0.0383,0.0019
500,0.0058,0.0130,0.0158,0.0028
501,0.0061,0.0099,0.0119,0.0032
502,0.0051,0.0113,0.0124,0.0030
503,0.0049,0.0099,0.0090,0.0023
504,0.0058,0.0091,0.0122,0.0056
505,0.0060,0.0085,0.0098,0.0019
506,0.0071,0.0165,0.0145,0.0018
507,0.0066,0.0192,0.0182,0.0035
508,0.0074,0.0299,0.0281,0.0019
509,0.0062,0.0213,0.0192,0.0044
510,0.0079,0.0148,0.0132,0.0040
511,0.0049,0.0121,0.0121,0.0025
512,0.0062,0.0158,0.0170,0.0057
513,0.0051,0.0113,0.0124,0.0030
514,0.0065,0.0115,0.0138,0.0066
515,0.0079,0.0232,0.0175,0.0057
516,0.0061,0.0507,0.0507,0.0298
517,0.0066,0.0220,0.0258,0.0141
518,0.0061,0.0344,0.0339,0.0196
519,0.0061,0.0344,0.0339,0.0196
520,0.0061,0.0344,0.0339,0.0196
521,0.0061,0.0344,0.0339,0.0196
522,0.0061,0.0344,0.0339,0.0196
523,0.0061,0.0344,0.0339,0.0196
524,0.0051,0.0113,0.0124,0.0030
525,0.0049,0.0094,0.0131,0.0025
526,0.0049,0.0094,0.0131,0.0025
527,0.0062,0.0060,0.0084,0.0054
528,0.0052,0.0111,0.0150,0.0022
529,0.0082,0.0225,0.0204,0.0033
530,0.0058,0.0178,0.0222,0.0068
531,0.0073,0.0132,0.0115,0.0019
532,0.0082,0.0249,0.0229,0.0020
533,0.0071,0.0095,0.0129,0.0047
534,0.0062,0.0141,0.0132,0.0047
535,0.0051,0.0113,0.0124,0.0030
536,0.0048,0.0111,0.0116,0.0025
537,0.0068,0.0126,0.0120,0.0052
538,0.0060,0.0226,0.0203,0.0045
539,0.0076,0.0258,0.0194,0.0061
540,0.0085,0.0306,0.0290,0.0033
541,0.0061,0.0535,0.0530,0.0322
542,0.0040,0.0262,0.0248,0.0204
543,0.0078,0.0344,0.0348,0.0206
544,0.0072,0.0194,0.0177,0.0161
545,0.0055,0.0118,0.0127,0.0098
546,0.0045,0.0266,0.0278,0.0027
547,0.0059,0.0504,0.0457,0.0300
548,0.0046,0.0254,0.0280,0.0155
549,0.0053,0.0248,0.0296,0.0128
550,0.0074,0.0186,0.0208,0.0130
551,0.0079,0.0110,0.0121,0.0036
552,0.0073,0.0132,0.0115,0.0019
553,0.0067,0.0266,0.0275,0.0023
554,0.0047,0.0135,0.0143,0.0018
555,0.0045,0.0197,0.0184,0.0026
556,0.0054,0.0224,0.0172,0.0063
557,0.0090,0.0319,0.0248,0.0270
558,0.0051,0.0113,0.0124,0.0030
559,0.0038,0.0170,0.0151,0.0088
560,0.0039,0.0130,0.0129,0.0122
561,0.0054,0.0199,0.0230,0.0152
562,0.0040,0.0151,0.0156,0.0127
563,0.0058,0.0450,0.0438,0.0262
564,0.0055,0.0202,0.0210,0.0139
565,0.0082,0.0249,0.0229,0.0020
566,0.0049,0.0094,0.0131,0.0025
567,0.0062,0.0060,0.0084,0.0054
568,0.0074,0.0126,0.0109,0.0033
569,0.0051,0.0113,0.0124,0.0030
570,0.0049,0.0094,0.0131,0.0025
571,0.0062,0.0060,0.0084,0.0054
572,0.0049,0.0094,0.0131,0.0025
573,0.0049,0.0094,0.0131,0.0025
574,0.0074,0.0126,0.0109,0.0033
575,0.0049,0.0094,0.0131,0.0025
576,0.0049,0.0094,0.0131,0.0025
577,0.0071,0.0095,0.0129,0.0047
578,0.0049,0.0094,0.0131,0.0025
579,0.0074,0.0126,0.0109,0.0033
580,0.0070,0.0456,0.0439,0.0032
581,0.0062,0.0060,0.0084,0.0054
582,0.0049,0.0094,0.0131,0.0025
583,0.0049,0.0094,0.0131,0.0025
584,0.0062,0.0060,0.0084,0.0054
585,0.0074,0.0126,0.0109,0.0033
586,0.0049,0.0094,0.0131,0.0025
587,0.0062,0.0060,0.0084,0.0054
588,0.0049,0.0094,0.0131,0.0025
589,0.0057,0.0176,0.0170,0.0021
590,0.0074,0.0126,0.0109,0.0033
591,0.0051,0.0113,0.0124,0.0030
592,0.0049,0.0094,0.0131,0.0025
593,0.0049,0.0094,0.0131,0.0025
594,0.0062,0.0060,0.0084,0.0054
595,0.0049,0.0094,0.0131,0.0025
596,0.0074,0.0126,0.0109,0.0033
597,0.0062,0.0060,0.0084,0.0054
598,0.0049,0.0094,0.0131,0.0025
599,0.0049,0.0094,0.0131,0.0025
600,0.0062,0.0060,0.0084,0.0054
601,0.0062,0.0178,0.0146,0.0054
602,0.0045,0.0266,0.0278,0.0027
603,0.0049,0.0094,0.0131,0.0025
604,0.0062,0.0060,0.0084,0.0054
605,0.0049,0.0094,0.0131,0.0025
606,0.0049,0.0094,0.0131,0.0025
607,0.0074,0.0126,0.0109,0.0033
608,0.0058,0.0200,0.0240,0.0018
609,0.0048,0.0110,0.0161,0.0020
610,0.0075,0.0640,0.0732,0.0023
611,0.0045,0.0313,0.0349,0.0022
612,0.0062,0.0141,0.0132,0.0047
613,0.0051,0.0113,0.0124,0.0030
614,0.0068,0.0126,0.0120,0.0052
615,0.0054,0.0393,0.0416,0.0020
616,0.0057,0.0367,0.0378,0.0019
617,0.0059,0.0119,0.0147,0.0033
618,0.0063,0.0095,0.0116,0.0032
619,0.0052,0.0093,0.0088,0.0023
620,0.0061,0.0088,0.0122,0.0061
621,0.0062,0.0083,0.0106,0.0019
622,0.0073,0.0132,0.0115,0.0019
623,0.0065,0.0152,0.0149,0.0035
624,0.0051,0.0113,0.0124,0.0030
625,0.0076,0.0274,0.0259,0.0020
626,0.0060,0.0226,0.0203,0.0045
627,0.0079,0.0100,0.0093,0.0043
628,0.0048,0.0111,0.0116,0.0025
629,0.0063,0.0171,0.0161,0.0058
630,0.0064,0.0131,0.0158,0.0068
631,0.0076,0.0258,0.0194,0.0061
632,0.0061,0.0535,0.0530,0.0322
633,0.0067,0.0261,0.0299,0.0173
634,0.0059,0.0358,0.0350,0.0205
635,0.0051,0.0113,0.0124,0.0030
636,0.0059,0.0358,0.0350,0.0205
637,0.0059,0.0358,0.0350,0.0205
638,0.0059,0.0358,0.0350,0.0205
639,0.0059,0.0358,0.0350,0.0205
640,0.0059,0.0358,0.0350,0.0205
641,0.0045,0.0133,0.0128,0.0024
642,0.0045,0.0133,0.0128,0.0024
643,0.0054,0.0114,0.0145,0.0048
644,0.0048,0.0179,0.0186,0.0025
645,0.0066,0.0344,0.0320,0.0034
646,0.0051,0.0113,0.0124,0.0030
647,0.0055,0.0159,0.0160,0.0036
648,0.0061,0.0250,0.0216,0.0032
649,0.0071,0.0389,0.0343,0.0034
650,0.0075,0.0136,0.0134,0.0039
651,0.0060,0.0277,0.0251,0.0055
652,0.0054,0.0312,0.0257,0.0038
653,0.0084,0.0324,0.0251,0.0045
654,0.0081,0.0276,0.0253,0.0043
655,0.0114,0.0327,0.0348,0.0050
656,0.0068,0.0434,0.0401,0.0035
657,0.0045,0.0266,0.0278,0.0027
658,0.0052,0.0320,0.0309,0.0227
659,0.0045,0.0293,0.0232,0.0216
660,0.0067,0.0259,0.0246,0.0189
661,0.0067,0.0236,0.0210,0.0151
662,0.0073,0.0324,0.0256,0.0135
663,0.0059,0.0339,0.0277,0.0120
664,0.0060,0.0175,0.0194,0.0075
665,0.0068,0.0183,0.0218,0.0072
666,0.0083,0.0126,0.0134,0.0105
667,0.0070,0.0184,0.0168,0.0042
668,0.0054,0.0371,0.0292,0.0279
669,0.0051,0.0113,0.0124,0.0030
670,0.0061,0.0250,0.0216,0.0032
671,0.0059,0.0281,0.0338,0.0023
672,0.0048,0.0232,0.0233,0.0104
673,0.0047,0.0286,0.0289,0.0136
674,0.0058,0.0487,0.0472,0.0087
675,0.0039,0.0286,0.0293,0.0093
676,0.0042,0.0298,0.0321,0.0071
677,0.0058,0.0296,0.0351,0.0140
678,0.0042,0.0495,0.0505,0.0164
679,0.0055,0.0603,0.0536,0.0262
680,0.0051,0.0113,0.0124,0.0030
681,0.0056,0.0410,0.0450,0.0219
682,0.0071,0.0389,0.0343,0.0034
683,0.0045,0.0133,0.0128,0.0024
684,0.0054,0.0114,0.0145,0.0048
685,0.0059,0.0211,0.0197,0.0037
686,0.0045,0.0133,0.0128,0.0024
687,0.0054,0.0114,0.0145,0.0048
688,0.0045,0.0133,0.0128,0.0024
689,0.0045,0.0133,0.0128,0.0024
690,0.0059,0.0211,0.0197,0.0037
691,0.0051,0.0113,0.0124,0.0030
692,0.0045,0.0133,0.0128,0.0024
693,0.0045,0.0133,0.0128,0.0024
694,0.0075,0.0136,0.0134,0.0039
695,0.0045,0.0133,0.0128,0.0024
696,0.0059,0.0211,0.0197,0.0037
697,0.0054,0.0114,0.0145,0.0048
698,0.0045,0.0133,0.0128,0.0024
699,0.0045,0.0133,0.0128,0.0024
700,0.0054,0.0114,0.0145,0.0048
701,0.0059,0.0211,0.0197,0.0037
702,0.0063,0.0392,0.0369,0.0032
703,0.0045,0.0133,0.0128,0.0024
704,0.0054,0.0114,0.0145,0.0048
705,0.0045,0.0133,0.0128,0.0024
706,0.0059,0.0396,0.0341,0.0037
707,0.0059,0.0211,0.0197,0.0037
708,0.0045,0.0133,0.0128,0.0024
709,0.0045,0.0133,0.0128,0.0024
710,0.0054,0.0114,0.0145,0.0048
711,0.0045,0.0133,0.0128,0.0024
712,0.0059,0.0211,0.0197,0.0037
713,0.0045,0.0266,0.0278,0.0027
714,0.0054,0.0114,0.0145,0.0048
715,0.0045,0.0133,0.0128,0.0024
716,0.0045,0.0133,0.0128,0.0024
717,0.0054,0.0114,0.0145,0.0048
718,0.0064,0.0287,0.0302,0.0065
719,0.0045,0.0133,0.0128,0.0024
720,0.0054,0.0114,0.0145,0.0048
721,0.0045,0.0133,0.0128,0.0024
722,0.0045,0.0133,0.0128,0.0024
723,0.0059,0.0211,0.0197,0.0037
724,0.0051,0.0113,0.0124,0.0030
725,0.0098,0.0183,0.0194,0.0030
726,0.0085,0.0153,0.0276,0.0029
727,0.0127,0.0585,0.0541,0.0078
728,0.0068,0.0351,0.0484,0.0028
729,0.0060,0.0277,0.0251,0.0055
730,0.0084,0.0324,0.0251,0.0045
731,0.0057,0.0416,0.0519,0.0024
732,0.0053,0.0373,0.0456,0.0023
733,0.0070,0.0160,0.0250,0.0072
734,0.0059,0.0212,0.0202,0.0057
735,0.0051,0.0113,0.0124,0.0030
736,0.0045,0.0140,0.0143,0.0024
737,0.0053,0.0103,0.0105,0.0041
738,0.0053,0.0139,0.0133,0.0027
739,0.0061,0.0250,0.0216,0.0032
740,0.0054,0.0368,0.0330,0.0041
741,0.0069,0.0430,0.0377,0.0036
742,0.0081,0.0276,0.0253,0.0043
743,0.0085,0.0260,0.0210,0.0044
744,0.0054,0.0312,0.0257,0.0038
745,0.0069,0.0372,0.0450,0.0076
746,0.0051,0.0113,0.0124,0.0030
747,0.0087,0.0246,0.0177,0.0043
748,0.0114,0.0327,0.0348,0.0050
749,0.0052,0.0320,0.0309,0.0227
750,0.0061,0.0261,0.0233,0.0263
751,0.0064,0.0295,0.0274,0.0170
752,0.0064,0.0295,0.0274,0.0170
753,0.0064,0.0295,0.0274,0.0170
754,0.0064,0.0295,0.0274,0.0170
755,0.0064,0.0295,0.0274,0.0170
756,0.0064,0.0295,0.0274,0.0170
757,0.0051,0.0113,0.0124,0.0030
758,0.0038,0.0123,0.0132,0.0020
759,0.0038,0.0123,0.0132,0.0020
760,0.0052,0.0098,0.0118,0.0034
761,0.0041,0.0146,0.0165,0.0022
762,0.0071,0.0364,0.0339,0.0034
763,0.0054,0.0158,0.0171,0.0027
764,0.0063,0.0260,0.0227,0.0029
765,0.0072,0.0383,0.0341,0.0030
766,0.0073,0.0129,0.0128,0.0031
767,0.0057,0.0235,0.0212,0.0058
768,0.0045,0.0266,0.0278,0.0027
769,0.0052,0.0289,0.0242,0.0031
770,0.0079,0.0296,0.0233,0.0033
771,0.0071,0.0208,0.0184,0.0032
772,0.0097,0.0233,0.0246,0.0035
773,0.0073,0.0431,0.0399,0.0036
774,0.0052,0.0326,0.0346,0.0193
775,0.0043,0.0252,0.0212,0.0174
776,0.0068,0.0255,0.0250,0.0150
777,0.0067,0.0209,0.0190,0.0127
778,0.0066,0.0285,0.0236,0.0114
779,0.0056,0.0371,0.0327,0.0250
780,0.0051,0.0113,0.0124,0.0030
781,0.0057,0.0384,0.0315,0.0129
782,0.0057,0.0190,0.0216,0.0058
783,0.0065,0.0195,0.0239,0.0044
784,0.0082,0.0134,0.0134,0.0063
785,0.0071,0.0177,0.0161,0.0040
786,0.0063,0.0260,0.0227,0.0029
787,0.0053,0.0288,0.0333,0.0021
788,0.0043,0.0196,0.0211,0.0074
789,0.0044,0.0242,0.0256,0.0099
790,0.0059,0.0470,0.0448,0.0071
791,0.0051,0.0113,0.0124,0.0030
792,0.0039,0.0255,0.0260,0.0050
793,0.0042,0.0268,0.0285,0.0064
794,0.0058,0.0278,0.0329,0.0094
795,0.0042,0.0427,0.0434,0.0136
796,0.0053,0.0496,0.0441,0.0221
797,0.0055,0.0349,0.0384,0.0188
798,0.0072,0.0383,0.0341,0.0030
799,0.0038,0.0123,0.0132,0.0020
800,0.0052,0.0098,0.0118,0.0034
801,0.0062,0.0211,0.0194,0.0034
802,0.0051,0.0113,0.0124,0.0030
803,0.0038,0.0123,0.0132,0.0020
804,0.0052,0.0098,0.0118,0.0034
805,0.0038,0.0123,0.0132,0.0020
806,0.0038,0.0123,0.0132,0.0020
807,0.0062,0.0211,0.0194,0.0034
808,0.0038,0.0123,0.0132,0.0020
809,0.0038,0.0123,0.0132,0.0020
810,0.0073,0.0129,0.0128,0.0031
811,0.0038,0.0123,0.0132,0.0020
812,0.0062,0.0211,0.0194,0.0034
813,0.0051,0.0113,0.0124,0.0030
814,0.0052,0.0098,0.0118,0.0034
815,0.0038,0.0123,0.0132,0.0020
816,0.0038,0.0123,0.0132,0.0020
817,0.0052,0.0098,0.0118,0.0034
818,0.0062,0.0211,0.0194,0.0034
819,0.0038,0.0123,0.0132,0.0020
820,0.0052,0.0098,0.0118,0.0034
821,0.0038,0.0123,0.0132,0.0020
822,0.0059,0.0374,0.0325,0.0031
823,0.0062,0.0211,0.0194,0.0034
824,0.0085,0.0253,0.0279,0.0036
825,0.0038,0.0123,0.0132,0.0020
826,0.0038,0.0123,0.0132,0.0020
827,0.0052,0.0098,0.0118,0.0034
828,0.0038,0.0123,0.0132,0.0020
829,0.0062,0.0211,0.0194,0.0034
830,0.0052,0.0098,0.0118,0.0034
831,0.0038,0.0123,0.0132,0.0020
832,0.0038,0.0123,0.0132,0.0020
833,0.0052,0.0098,0.0118,0.0034
834,0.0061,0.0224,0.0232,0.0067
835,0.0051,0.0113,0.0124,0.0030
836,0.0038,0.0123,0.0132,0.0020
837,0.0052,0.0098,0.0118,0.0034
838,0.0038,0.0123,0.0132,0.0020
839,0.0038,0.0123,0.0132,0.0020
840,0.0062,0.0211,0.0194,0.0034
841,0.0090,0.0177,0.0192,0.0026
842,0.0076,0.0150,0.0258,0.0026
843,0.0119,0.0583,0.0564,0.0062
844,0.0056,0.0348,0.0461,0.0026
845,0.0057,0.0235,0.0212,0.0058
846,0.0051,0.0113,0.0124,0.0030
847,0.0079,0.0296,0.0233,0.0033
848,0.0047,0.0415,0.0500,0.0022
849,0.0044,0.0376,0.0442,0.0020
850,0.0063,0.0156,0.0230,0.0056
851,0.0053,0.0168,0.0173,0.0045
852,0.0038,0.0129,0.0132,0.0020
853,0.0052,0.0097,0.0103,0.0029
854,0.0051,0.0123,0.0119,0.0024
855,0.0063,0.0260,0.0227,0.0029
856,0.0057,0.0355,0.0320,0.0043
857,0.0051,0.0113,0.0124,0.0030
858,0.0071,0.0429,0.0381,0.0031
859,0.0071,0.0208,0.0184,0.0032
860,0.0082,0.0256,0.0213,0.0035
861,0.0052,0.0289,0.0242,0.0031
862,0.0064,0.0285,0.0356,0.0077
863,0.0079,0.0216,0.0163,0.0031
864,0.0097,0.0233,0.0246,0.0035
865,0.0052,0.0326,0.0346,0.0193
866,0.0062,0.0224,0.0221,0.0199
867,0.0060,0.0282,0.0284,0.0155
868,0.0051,0.0113,0.0124,0.0030
869,0.0060,0.0282,0.0284,0.0155
870,0.0060,0.0282,0.0284,0.0155
871,0.0060,0.0282,0.0284,0.0155
872,0.0060,0.0282,0.0284,0.0155
873,0.0060,0.0282,0.0284,0.0155
874,0.0037,0.0095,0.0116,0.0015
875,0.0037,0.0095,0.0116,0.0015
876,0.0053,0.0078,0.0096,0.0024
877,0.0041,0.0115,0.0148,0.0016
878,0.0080,0.0365,0.0343,0.0035
879,0.0045,0.0266,0.0278,0.0027
880,0.0053,0.0153,0.0182,0.0030
881,0.0068,0.0235,0.0208,0.0022
882,0.0079,0.0382,0.0352,0.0023
883,0.0071,0.0101,0.0106,0.0021
884,0.0058,0.0170,0.0161,0.0065
885,0.0049,0.0219,0.0192,0.0022
886,0.0071,0.0253,0.0213,0.0022
887,0.0061,0.0148,0.0139,0.0019
888,0.0075,0.0161,0.0149,0.0018
889,0.0082,0.0427,0.0402,0.0036
890,0.0059,0.0308,0.0286,0.0200
891,0.0095,0.0210,0.0247,0.0039
892,0.0053,0.0365,0.0401,0.0185
893,0.0043,0.0190,0.0185,0.0118
894,0.0074,0.0255,0.0272,0.0107
895,0.0069,0.0159,0.0151,0.0096
896,0.0057,0.0210,0.0183,0.0080
897,0.0056,0.0452,0.0395,0.0199
898,0.0051,0.0223,0.0253,0.0092
899,0.0059,0.0220,0.0270,0.0067
900,0.0080,0.0159,0.0168,0.0057
901,0.0076,0.0168,0.0153,0.0036
902,0.0080,0.0169,0.0315,0.0040
903,0.0068,0.0235,0.0208,0.0022
904,0.0054,0.0284,0.0311,0.0018
905,0.0043,0.0167,0.0181,0.0028
906,0.0044,0.0229,0.0232,0.0037
907,0.0060,0.0408,0.0373,0.0057
908,0.0040,0.0233,0.0225,0.0053
909,0.0041,0.0223,0.0226,0.0080
910,0.0055,0.0250,0.0286,0.0086
911,0.0041,0.0269,0.0270,0.0083
912,0.0051,0.0308,0.0276,0.0157
913,0.0068,0.0253,0.0415,0.0040
914,0.0055,0.0201,0.0225,0.0122
915,0.0079,0.0382,0.0352,0.0023
916,0.0037,0.0095,0.0116,0.0015
917,0.0053,0.0078,0.0096,0.0024
918,0.0069,0.0208,0.0187,0.0036
919,0.0037,0.0095,0.0116,0.0015
920,0.0053,0.0078,0.0096,0.0024
921,0.0037,0.0095,0.0116,0.0015
922,0.0037,0.0095,0.0116,0.0015
923,0.0069,0.0208,0.0187,0.0036
924,0.0059,0.0352,0.0509,0.0040
925,0.0037,0.0095,0.0116,0.0015
926,0.0037,0.0095,0.0116,0.0015
927,0.0071,0.0101,0.0106,0.0021
928,0.0037,0.0095,0.0116,0.0015
929,0.0069,0.0208,0.0187,0.0036
930,0.0053,0.0078,0.0096,0.0024
931,0.0037,0.0095,0.0116,0.0015
932,0.0037,0.0095,0.0116,0.0015
933,0.0053,0.0078,0.0096,0.0024
934,0.0069,0.0208,0.0187,0.0036
935,0.0071,0.0272,0.0267,0.0033
936,0.0037,0.0095,0.0116,0.0015
937,0.0053,0.0078,0.0096,0.0024
938,0.0037,0.0095,0.0116,0.0015
939,0.0059,0.0322,0.0289,0.0024
940,0.0069,0.0208,0.0187,0.0036
941,0.0037,0.0095,0.0116,0.0015
942,0.0037,0.0095,0.0116,0.0015
943,0.0053,0.0078,0.0096,0.0024
944,0.0037,0.0095,0.0116,0.0015
945,0.0069,0.0208,0.0187,0.0036
946,0.0071,0.0249,0.0221,0.0034
947,0.0053,0.0078,0.0096,0.0024
948,0.0037,0.0095,0.0116,0.0015
949,0.0037,0.0095,0.0116,0.0015
950,0.0053,0.0078,0.0096,0.0024
951,0.0059,0.0165,0.0174,0.0074
952,0.0037,0.0095,0.0116,0.0015
953,0.0053,0.0078,0.0096,0.0024
954,0.0037,0.0095,0.0116,0.0015
955,0.0037,0.0095,0.0116,0.0015
956,0.0069,0.0208,0.0187,0.0036
957,0.0049,0.0431,0.0559,0.0036
958,0.0077,0.0163,0.0182,0.0021
959,0.0061,0.0142,0.0216,0.0022
960,0.0101,0.0587,0.0617,0.0032
961,0.0043,0.0359,0.0433,0.0023
962,0.0058,0.0170,0.0161,0.0065
963,0.0071,0.0253,0.0213,0.0022
964,0.0041,0.0415,0.0470,0.0019
965,0.0042,0.0378,0.0416,0.0017
966,0.0056,0.0140,0.0188,0.0028
967,0.0054,0.0117,0.0133,0.0033
968,0.0047,0.0400,0.0507,0.0034
969,0.0039,0.0119,0.0115,0.0015
970,0.0053,0.0088,0.0110,0.0027
971,0.0055,0.0103,0.0102,0.0019
972,0.0068,0.0235,0.0208,0.0022
973,0.0064,0.0296,0.0272,0.0047
974,0.0074,0.0390,0.0356,0.0023
975,0.0061,0.0148,0.0139,0.0019
976,0.0081,0.0231,0.0202,0.0022
977,0.0049,0.0219,0.0192,0.0022
978,0.0060,0.0176,0.0240,0.0081
979,0.0046,0.0357,0.0443,0.0032
980,0.0067,0.0159,0.0137,0.0026
981,0.0075,0.0161,0.0149,0.0018
982,0.0053,0.0365,0.0401,0.0185
983,0.0067,0.0171,0.0214,0.0102
984,0.0059,0.0269,0.0286,0.0134
985,0.0059,0.0269,0.0286,0.0134
986,0.0059,0.0269,0.0286,0.0134
987,0.0059,0.0269,0.0286,0.0134
988,0.0059,0.0269,0.0286,0.0134
989,0.0059,0.0269,0.0286,0.0134
990,0.0055,0.0154,0.0166,0.0039
991,0.0043,0.0089,0.0121,0.0013
992,0.0043,0.0089,0.0121,0.0013
993,0.0056,0.0062,0.0089,0.0034
994,0.0046,0.0109,0.0148,0.0014
995,0.0083,0.0308,0.0289,0.0034
996,0.0054,0.0163,0.0201,0.0041
997,0.0073,0.0181,0.0158,0.0017
998,0.0084,0.0320,0.0295,0.0017
999,0.0073,0.0077,0.0103,0.0021
1000,0.0061,0.0126,0.0130,0.0067
1001,0.0055,0.0416,0.0366,0.0173
1002,0.0049,0.0159,0.0195,0.0030
1003,0.0048,0.0160,0.0151,0.0018
1004,0.0070,0.0185,0.0162,0.0021
1005,0.0057,0.0144,0.0142,0.0016
1006,0.0069,0.0156,0.0139,0.0019
1007,0.0084,0.0361,0.0342,0.0034
1008,0.0052,0.0404,0.0438,0.0213
1009,0.0044,0.0176,0.0187,0.0119
1010,0.0080,0.0277,0.0307,0.0130
1011,0.0074,0.0143,0.0144,0.0098
1012,0.0056,0.0153,0.0141,0.0061
1013,0.0052,0.0114,0.0113,0.0029
1014,0.0056,0.0488,0.0451,0.0242
1015,0.0048,0.0230,0.0264,0.0110
1016,0.0056,0.0245,0.0297,0.0089
1017,0.0079,0.0202,0.0224,0.0095
1018,0.0080,0.0125,0.0122,0.0034
1019,0.0073,0.0181,0.0158,0.0017
1020,0.0060,0.0269,0.0288,0.0017
1021,0.0045,0.0161,0.0167,0.0017
1022,0.0044,0.0232,0.0223,0.0025
1023,0.0060,0.0327,0.0282,0.0052
1024,0.0055,0.0144,0.0144,0.0029
1025,0.0039,0.0209,0.0190,0.0076
1026,0.0042,0.0165,0.0156,0.0095
1027,0.0053,0.0232,0.0259,0.0124
1028,0.0041,0.0145,0.0142,0.0070
1029,0.0049,0.0268,0.0253,0.0156
1030,0.0055,0.0129,0.0146,0.0094
1031,0.0084,0.0320,0.0295,0.0017
1032,0.0043,0.0089,0.0121,0.0013
1033,0.0056,0.0062,0.0089,0.0034
1034,0.0073,0.0178,0.0158,0.0035
1035,0.0061,0.0299,0.0295,0.0030
1036,0.0043,0.0089,0.0121,0.0013
1037,0.0056,0.0062,0.0089,0.0034
1038,0.0043,0.0089,0.0121,0.0013
1039,0.0043,0.0089,0.0121,0.0013
1040,0.0073,0.0178,0.0158,0.0035
1041,0.0043,0.0089,0.0121,0.0013
1042,0.0043,0.0089,0.0121,0.0013
1043,0.0073,0.0077,0.0103,0.0021
1044,0.0043,0.0089,0.0121,0.0013
1045,0.0073,0.0178,0.0158,0.0035
1046,0.0046,0.0398,0.0388,0.0029
1047,0.0056,0.0062,0.0089,0.0034
1048,0.0043,0.0089,0.0121,0.0013
1049,0.0043,0.0089,0.0121,0.0013
1050,0.0056,0.0062,0.0089,0.0034
1051,0.0073,0.0178,0.0158,0.0035
1052,0.0043,0.0089,0.0121,0.0013
1053,0.0056,0.0062,0.0089,0.0034
1054,0.0043,0.0089,0.0121,0.0013
1055,0.0060,0.0258,0.0240,0.0018
1056,0.0073,0.0178,0.0158,0.0035
1057,0.0070,0.0456,0.0439,0.0032
1058,0.0043,0.0089,0.0121,0.0013
1059,0.0043,0.0089,0.0121,0.0013
1060,0.0056,0.0062,0.0089,0.0034
1061,0.0043,0.0089,0.0121,0.0013
1062,0.0073,0.0178,0.0158,0.0035
1063,0.0056,0.0062,0.0089,0.0034
1064,0.0043,0.0089,0.0121,0.0013
1065,0.0043,0.0089,0.0121,0.0013
1066,0.0056,0.0062,0.0089,0.0034
1067,0.0062,0.0132,0.0144,0.0078
1068,0.0090,0.0212,0.0193,0.0033
1069,0.0043,0.0089,0.0121,0.0013
1070,0.0056,0.0062,0.0089,0.0034
1071,0.0043,0.0089,0.0121,0.0013
1072,0.0043,0.0089,0.0121,0.0013
1073,0.0073,0.0178,0.0158,0.0035
1074,0.0071,0.0165,0.0203,0.0019
1075,0.0056,0.0136,0.0192,0.0020
1076,0.0091,0.0598,0.0668,0.0019
1077,0.0042,0.0347,0.0397,0.0021
1078,0.0061,0.0126,0.0130,0.0067
1079,0.0063,0.0392,0.0369,0.0032
1080,0.0070,0.0185,0.0162,0.0021
1081,0.0046,0.0411,0.0446,0.0018
1082,0.0048,0.0367,0.0391,0.0015
1083,0.0055,0.0131,0.0165,0.0022
1084,0.0059,0.0097,0.0112,0.0034
1085,0.0046,0.0099,0.0098,0.0013
1086,0.0055,0.0097,0.0133,0.0038
1087,0.0061,0.0085,0.0090,0.0016
1088,0.0073,0.0181,0.0158,0.0017
1089,0.0066,0.0236,0.0224,0.0045
1090,0.0061,0.0302,0.0274,0.0033
1091,0.0078,0.0333,0.0310,0.0018
1092,0.0057,0.0144,0.0142,0.0016
1093,0.0083,0.0166,0.0142,0.0019
1094,0.0048,0.0160,0.0151,0.0018
1095,0.0061,0.0145,0.0203,0.0086
1096,0.0064,0.0107,0.0114,0.0028
1097,0.0069,0.0156,0.0139,0.0019
1098,0.0052,0.0404,0.0438,0.0213
1099,0.0069,0.0186,0.0251,0.0095
1100,0.0056,0.0259,0.0276,0.0130
1101,0.0094,0.0303,0.0399,0.0038
1102,0.0056,0.0259,0.0276,0.0130
1103,0.0056,0.0259,0.0276,0.0130
1104,0.0056,0.0259,0.0276,0.0130
1105,0.0056,0.0259,0.0276,0.0130
1106,0.0056,0.0259,0.0276,0.0130
1107,0.0046,0.0091,0.0128,0.0013
1108,0.0046,0.0091,0.0128,0.0013
1109,0.0058,0.0061,0.0091,0.0039
1110,0.0050,0.0101,0.0138,0.0013
1111,0.0082,0.0247,0.0226,0.0033
1112,0.0057,0.0126,0.0133,0.0032
1113,0.0063,0.0206,0.0189,0.0116
1114,0.0090,0.0212,0.0193,0.0033
1115,0.0055,0.0182,0.0225,0.0046
1116,0.0075,0.0145,0.0123,0.0015
1117,0.0086,0.0276,0.0253,0.0015
1118,0.0075,0.0085,0.0121,0.0023
1119,0.0062,0.0119,0.0126,0.0067
1120,0.0048,0.0141,0.0140,0.0017
1121,0.0071,0.0160,0.0143,0.0022
1122,0.0056,0.0147,0.0146,0.0015
1123,0.0068,0.0167,0.0144,0.0020
1124,0.0085,0.0334,0.0318,0.0033
1125,0.0115,0.0209,0.0237,0.0031
1126,0.0052,0.0431,0.0461,0.0236
1127,0.0045,0.0191,0.0206,0.0135
1128,0.0081,0.0320,0.0351,0.0163
1129,0.0077,0.0157,0.0163,0.0111
1130,0.0057,0.0126,0.0121,0.0056
1131,0.0057,0.0496,0.0468,0.0259
1132,0.0048,0.0236,0.0274,0.0113
1133,0.0056,0.0253,0.0308,0.0095
1134,0.0079,0.0209,0.0238,0.0108
1135,0.0082,0.0108,0.0114,0.0033
1136,0.0091,0.0284,0.0252,0.0213
1137,0.0075,0.0145,0.0123,0.0015
1138,0.0063,0.0270,0.0285,0.0017
1139,0.0045,0.0158,0.0162,0.0020
1140,0.0044,0.0227,0.0216,0.0030
1141,0.0060,0.0267,0.0219,0.0053
1142,0.0039,0.0198,0.0177,0.0082
1143,0.0042,0.0146,0.0137,0.0103
1144,0.0053,0.0223,0.0250,0.0141
1145,0.0041,0.0125,0.0123,0.0076
1146,0.0049,0.0307,0.0293,0.0177
1147,0.0053,0.0312,0.0249,0.0225
1148,0.0055,0.0154,0.0165,0.0103
1149,0.0086,0.0276,0.0253,0.0015
1150,0.0046,0.0091,0.0128,0.0013
1151,0.0058,0.0061,0.0091,0.0039
1152,0.0073,0.0140,0.0122,0.0035
1153,0.0046,0.0091,0.0128,0.0013
1154,0.0058,0.0061,0.0091,0.0039
1155,0.0046,0.0091,0.0128,0.0013
1156,0.0046,0.0091,0.0128,0.0013
1157,0.0073,0.0140,0.0122,0.0035
1158,0.0065,0.0333,0.0288,0.0182
1159,0.0046,0.0091,0.0128,0.0013
1160,0.0046,0.0091,0.0128,0.0013
1161,0.0075,0.0085,0.0121,0.0023
1162,0.0046,0.0091,0.0128,0.0013
1163,0.0073,0.0140,0.0122,0.0035
1164,0.0058,0.0061,0.0091,0.0039
1165,0.0046,0.0091,0.0128,0.0013
1166,0.0046,0.0091,0.0128,0.0013
1167,0.0058,0.0061,0.0091,0.0039
1168,0.0073,0.0140,0.0122,0.0035
1169,0.0065,0.0333,0.0288,0.0182
1170,0.0046,0.0091,0.0128,0.0013
1171,0.0058,0.0061,0.0091,0.0039
1172,0.0046,0.0091,0.0128,0.0013
1173,0.0060,0.0217,0.0205,0.0016
1174,0.0073,0.0140,0.0122,0.0035
1175,0.0046,0.0091,0.0128,0.0013
1176,0.0046,0.0091,0.0128,0.0013
1177,0.0058,0.0061,0.0091,0.0039
1178,0.0046,0.0091,0.0128,0.0013
1179,0.0073,0.0140,0.0122,0.0035
1180,0.0065,0.0333,0.0288,0.0182
1181,0.0058,0.0061,0.0091,0.0039
1182,0.0046,0.0091,0.0128,0.0013
1183,0.0046,0.0091,0.0128,0.0013
1184,0.0058,0.0061,0.0091,0.0039
1185,0.0063,0.0129,0.0139,0.0079
1186,0.0046,0.0091,0.0128,0.0013
1187,0.0058,0.0061,0.0091,0.0039
1188,0.0046,0.0091,0.0128,0.0013
1189,0.0046,0.0091,0.0128,0.0013
1190,0.0073,0.0140,0.0122,0.0035
1191,0.0065,0.0333,0.0288,0.0182
1192,0.0069,0.0166,0.0212,0.0018
1193,0.0054,0.0126,0.0185,0.0020
1194,0.0087,0.0614,0.0702,0.0021
1195,0.0042,0.0335,0.0380,0.0021
1196,0.0062,0.0119,0.0126,0.0067
1197,0.0071,0.0160,0.0143,0.0022
1198,0.0048,0.0403,0.0433,0.0017
1199,0.0052,0.0373,0.0391,0.0015
1200,0.0056,0.0119,0.0154,0.0026
1201,0.0061,0.0093,0.0108,0.0035
1202,0.0065,0.0333,0.0288,0.0182
1203,0.0049,0.0094,0.0094,0.0013
1204,0.0057,0.0095,0.0133,0.0043
1205,0.0063,0.0078,0.0097,0.0014
1206,0.0075,0.0145,0.0123,0.0015
1207,0.0065,0.0192,0.0186,0.0044
1208,0.0080,0.0308,0.0289,0.0015
1209,0.0056,0.0147,0.0146,0.0015
1210,0.0084,0.0117,0.0101,0.0020
1211,0.0048,0.0141,0.0140,0.0017
1212,0.0063,0.0142,0.0192,0.0087
1213,0.0065,0.0333,0.0288,0.0182
1214,0.0064,0.0103,0.0123,0.0031
1215,0.0068,0.0167,0.0144,0.0020
1216,0.0052,0.0431,0.0461,0.0236
1217,0.0070,0.0218,0.0286,0.0119
1218,0.0055,0.0267,0.0284,0.0134
1219,0.0055,0.0267,0.0284,0.0134
1220,0.0055,0.0267,0.0284,0.0134
1221,0.0055,0.0267,0.0284,0.0134
1222,0.0055,0.0267,0.0284,0.0134
1223,0.0055,0.0267,0.0284,0.0134
1224,0.0077,0.0181,0.0171,0.0092
1225,0.0046,0.0087,0.0096,0.0027
1226,0.0046,0.0087,0.0096,0.0027
1227,0.0046,0.0087,0.0096,0.0027
1228,0.0045,0.0083,0.0090,0.0026
1229,0.0055,0.0395,0.0404,0.0029
1230,0.0051,0.0118,0.0119,0.0026
1231,0.0062,0.0265,0.0265,0.0027
1232,0.0071,0.0394,0.0394,0.0029
1233,0.0069,0.0405,0.0402,0.0030
1234,0.0066,0.0198,0.0206,0.0036
1235,0.0080,0.0174,0.0165,0.0075
1236,0.0056,0.0223,0.0216,0.0033
1237,0.0065,0.0150,0.0143,0.0035
1238,0.0083,0.0132,0.0121,0.0038
1239,0.0103,0.0131,0.0135,0.0040
1240,0.0057,0.0457,0.0462,0.0029
1241,0.0092,0.0251,0.0264,0.0130
1242,0.0051,0.0205,0.0169,0.0130
1243,0.0057,0.0232,0.0213,0.0126
1244,0.0060,0.0194,0.0182,0.0108
1245,0.0046,0.0302,0.0280,0.0108
1246,0.0065,0.0203,0.0198,0.0057
1247,0.0056,0.0163,0.0138,0.0092
1248,0.0071,0.0157,0.0145,0.0080
1249,0.0073,0.0154,0.0151,0.0064
1250,0.0055,0.0198,0.0201,0.0052
1251,0.0055,0.0205,0.0208,0.0033
1252,0.0062,0.0265,0.0265,0.0027
1253,0.0057,0.0132,0.0161,0.0026
1254,0.0067,0.0192,0.0231,0.0039
1255,0.0067,0.0262,0.0293,0.0052
1256,0.0041,0.0480,0.0461,0.0106
1257,0.0059,0.0230,0.0230,0.0038
1258,0.0047,0.0310,0.0321,0.0056
1259,0.0047,0.0321,0.0336,0.0070
1260,0.0047,0.0352,0.0369,0.0091
1261,0.0048,0.0383,0.0391,0.0128
1262,0.0061,0.0335,0.0305,0.0155
1263,0.0056,0.0478,0.0438,0.0246
1264,0.0071,0.0394,0.0394,0.0029
1265,0.0046,0.0087,0.0096,0.0027
1266,0.0046,0.0087,0.0096,0.0027
1267,0.0047,0.0249,0.0258,0.0027
1268,0.0062,0.0298,0.0292,0.0033
1269,0.0046,0.0087,0.0096,0.0027
1270,0.0046,0.0087,0.0096,0.0027
1271,0.0046,0.0087,0.0096,0.0027
1272,0.0046,0.0087,0.0096,0.0027
1273,0.0047,0.0249,0.0258,0.0027
1274,0.0046,0.0087,0.0096,0.0027
1275,0.0046,0.0087,0.0096,0.0027
1276,0.0069,0.0405,0.0402,0.0030
1277,0.0046,0.0087,0.0096,0.0027
1278,0.0047,0.0249,0.0258,0.0027
1279,0.0064,0.0157,0.0187,0.0048
1280,0.0046,0.0087,0.0096,0.0027
1281,0.0046,0.0087,0.0096,0.0027
1282,0.0046,0.0087,0.0096,0.0027
1283,0.0046,0.0087,0.0096,0.0027
1284,0.0047,0.0249,0.0258,0.0027
1285,0.0046,0.0087,0.0096,0.0027
1286,0.0046,0.0087,0.0096,0.0027
1287,0.0046,0.0087,0.0096,0.0027
1288,0.0060,0.0332,0.0327,0.0031
1289,0.0047,0.0249,0.0258,0.0027
1290,0.0074,0.0210,0.0254,0.0093
1291,0.0046,0.0087,0.0096,0.0027
1292,0.0046,0.0087,0.0096,0.0027
1293,0.0046,0.0087,0.0096,0.0027
1294,0.0046,0.0087,0.0096,0.0027
1295,0.0047,0.0249,0.0258,0.0027
1296,0.0046,0.0087,0.0096,0.0027
1297,0.0046,0.0087,0.0096,0.0027
1298,0.0046,0.0087,0.0096,0.0027
1299,0.0046,0.0087,0.0096,0.0027
1300,0.0080,0.0183,0.0217,0.0039
1301,0.0073,0.0264,0.0310,0.0124
1302,0.0046,0.0087,0.0096,0.0027
1303,0.0046,0.0087,0.0096,0.0027
1304,0.0046,0.0087,0.0096,0.0027
1305,0.0046,0.0087,0.0096,0.0027
1306,0.0047,0.0249,0.0258,0.0027
1307,0.0089,0.0207,0.0216,0.0033
1308,0.0074,0.0156,0.0251,0.0034
1309,0.0063,0.0243,0.0356,0.0035
1310,0.0056,0.0347,0.0459,0.0035
1311,0.0066,0.0198,0.0206,0.0036
1312,0.0043,0.0599,0.0602,0.0145
1313,0.0065,0.0150,0.0143,0.0035
1314,0.0050,0.0418,0.0510,0.0033
1315,0.0049,0.0392,0.0467,0.0031
1316,0.0048,0.0338,0.0396,0.0029
1317,0.0051,0.0133,0.0147,0.0028
1318,0.0046,0.0151,0.0174,0.0027
1319,0.0045,0.0083,0.0090,0.0026
1320,0.0051,0.0118,0.0119,0.0026
1321,0.0062,0.0265,0.0265,0.0027
1322,0.0046,0.0329,0.0331,0.0030
1323,0.0060,0.0147,0.0139,0.0032
1324,0.0051,0.0347,0.0386,0.0111
1325,0.0069,0.0405,0.0402,0.0030
1326,0.0083,0.0132,0.0121,0.0038
1327,0.0060,0.0332,0.0327,0.0031
1328,0.0056,0.0223,0.0216,0.0033
1329,0.0090,0.0192,0.0292,0.0039
1330,0.0083,0.0132,0.0121,0.0038
1331,0.0103,0.0131,0.0135,0.0040
1332,0.0092,0.0251,0.0264,0.0130
1333,0.0051,0.0205,0.0169,0.0130
1334,0.0065,0.0275,0.0247,0.0131
1335,0.0050,0.0407,0.0453,0.0111
1336,0.0065,0.0275,0.0247,0.0131
1337,0.0065,0.0275,0.0247,0.0131
1338,0.0065,0.0275,0.0247,0.0131
1339,0.0065,0.0275,0.0247,0.0131
1340,0.0065,0.0275,0.0247,0.0131
1341,0.0047,0.0062,0.0071,0.0026
1342,0.0047,0.0062,0.0071,0.0026
1343,0.0047,0.0062,0.0071,0.0026
1344,0.0046,0.0073,0.0084,0.0026
1345,0.0058,0.0319,0.0326,0.0030
1346,0.0049,0.0520,0.0563,0.0158
1347,0.0054,0.0073,0.0073,0.0026
1348,0.0066,0.0189,0.0186,0.0027
1349,0.0076,0.0319,0.0320,0.0029
1350,0.0072,0.0326,0.0330,0.0030
1351,0.0065,0.0136,0.0152,0.0037
1352,0.0054,0.0136,0.0148,0.0033
1353,0.0063,0.0093,0.0099,0.0036
1354,0.0080,0.0117,0.0103,0.0041
1355,0.0099,0.0126,0.0114,0.0048
1356,0.0060,0.0374,0.0382,0.0031
1357,0.0049,0.0633,0.0653,0.0231
1358,0.0091,0.0269,0.0292,0.0124
1359,0.0050,0.0136,0.0119,0.0078
1360,0.0061,0.0150,0.0133,0.0078
1361,0.0066,0.0130,0.0106,0.0082
1362,0.0042,0.0238,0.0222,0.0082
1363,0.0054,0.0142,0.0123,0.0092
1364,0.0068,0.0141,0.0134,0.0087
1365,0.0071,0.0166,0.0171,0.0076
1366,0.0051,0.0221,0.0232,0.0066
1367,0.0058,0.0149,0.0152,0.0033
1368,0.0062,0.0700,0.0630,0.0304
1369,0.0066,0.0189,0.0186,0.0027
1370,0.0058,0.0109,0.0129,0.0023
1371,0.0066,0.0175,0.0205,0.0029
1372,0.0065,0.0251,0.0268,0.0038
1373,0.0042,0.0388,0.0356,0.0094
1374,0.0047,0.0270,0.0264,0.0056
1375,0.0046,0.0251,0.0247,0.0066
1376,0.0047,0.0242,0.0244,0.0072
1377,0.0047,0.0245,0.0249,0.0078
1378,0.0062,0.0218,0.0209,0.0118
1379,0.0063,0.0871,0.0800,0.0434
1380,0.0053,0.0283,0.0268,0.0142
1381,0.0076,0.0319,0.0320,0.0029
1382,0.0047,0.0062,0.0071,0.0026
1383,0.0047,0.0062,0.0071,0.0026
1384,0.0051,0.0199,0.0205,0.0027
1385,0.0047,0.0062,0.0071,0.0026
1386,0.0047,0.0062,0.0071,0.0026
1387,0.0047,0.0062,0.0071,0.0026
1388,0.0047,0.0062,0.0071,0.0026
1389,0.0051,0.0199,0.0205,0.0027
1390,0.0070,0.0431,0.0417,0.0034
1391,0.0047,0.0062,0.0071,0.0026
1392,0.0047,0.0062,0.0071,0.0026
1393,0.0072,0.0326,0.0330,0.0030
1394,0.0047,0.0062,0.0071,0.0026
1395,0.0051,0.0199,0.0205,0.0027
1396,0.0047,0.0062,0.0071,0.0026
1397,0.0047,0.0062,0.0071,0.0026
1398,0.0047,0.0062,0.0071,0.0026
1399,0.0047,0.0062,0.0071,0.0026
1400,0.0051,0.0199,0.0205,0.0027
1401,0.0057,0.0126,0.0133,0.0032
1402,0.0047,0.0062,0.0071,0.0026
1403,0.0047,0.0062,0.0071,0.0026
1404,0.0047,0.0062,0.0071,0.0026
1405,0.0059,0.0245,0.0253,0.0032
1406,0.0051,0.0199,0.0205,0.0027
1407,0.0047,0.0062,0.0071,0.0026
1408,0.0047,0.0062,0.0071,0.0026
1409,0.0047,0.0062,0.0071,0.0026
1410,0.0047,0.0062,0.0071,0.0026
1411,0.0051,0.0199,0.0205,0.0027
1412,0.0057,0.0126,0.0133,0.0032
1413,0.0047,0.0062,0.0071,0.0026
1414,0.0047,0.0062,0.0071,0.0026
1415,0.0047,0.0062,0.0071,0.0026
1416,0.0047,0.0062,0.0071,0.0026
1417,0.0078,0.0133,0.0172,0.0041
1418,0.0047,0.0062,0.0071,0.0026
1419,0.0047,0.0062,0.0071,0.0026
1420,0.0047,0.0062,0.0071,0.0026
1421,0.0047,0.0062,0.0071,0.0026
1422,0.0051,0.0199,0.0205,0.0027
1423,0.0046,0.0271,0.0284,0.0031
1424,0.0086,0.0213,0.0221,0.0029
1425,0.0072,0.0143,0.0201,0.0031
1426,0.0062,0.0222,0.0298,0.0033
1427,0.0056,0.0319,0.0397,0.0034
1428,0.0065,0.0136,0.0152,0.0037
1429,0.0063,0.0093,0.0099,0.0036
1430,0.0054,0.0398,0.0465,0.0032
1431,0.0054,0.0368,0.0423,0.0031
1432,0.0053,0.0302,0.0344,0.0029
1433,0.0053,0.0114,0.0124,0.0026
1434,0.0047,0.0410,0.0416,0.0029
1435,0.0057,0.0126,0.0133,0.0032
1436,0.0049,0.0112,0.0124,0.0027
1437,0.0046,0.0073,0.0084,0.0026
1438,0.0054,0.0073,0.0073,0.0026
1439,0.0066,0.0189,0.0186,0.0027
1440,0.0045,0.0241,0.0255,0.0029
1441,0.0072,0.0326,0.0330,0.0030
1442,0.0080,0.0117,0.0103,0.0041
1443,0.0059,0.0245,0.0253,0.0032
1444,0.0054,0.0136,0.0148,0.0033
1445,0.0089,0.0146,0.0250,0.0042
1446,0.0057,0.0126,0.0133,0.0032
1447,0.0080,0.0117,0.0103,0.0041
1448,0.0099,0.0126,0.0114,0.0048
1449,0.0091,0.0269,0.0292,0.0124
1450,0.0050,0.0136,0.0119,0.0078
1451,0.0057,0.0242,0.0220,0.0110
1452,0.0057,0.0242,0.0220,0.0110
1453,0.0057,0.0242,0.0220,0.0110
1454,0.0057,0.0242,0.0220,0.0110
1455,0.0057,0.0242,0.0220,0.0110
1456,0.0057,0.0242,0.0220,0.0110
1457,0.0057,0.0126,0.0133,0.0032
1458,0.0048,0.0056,0.0070,0.0027
1459,0.0048,0.0056,0.0070,0.0027
1460,0.0048,0.0056,0.0070,0.0027
1461,0.0048,0.0071,0.0084,0.0026
1462,0.0058,0.0250,0.0254,0.0030
1463,0.0056,0.0057,0.0062,0.0026
1464,0.0068,0.0146,0.0141,0.0028
1465,0.0078,0.0263,0.0262,0.0030
1466,0.0074,0.0286,0.0291,0.0031
1467,0.0064,0.0123,0.0140,0.0037
1468,0.0057,0.0126,0.0133,0.0032
1469,0.0053,0.0109,0.0128,0.0034
1470,0.0062,0.0078,0.0085,0.0037
1471,0.0080,0.0117,0.0100,0.0041
1472,0.0098,0.0132,0.0112,0.0049
1473,0.0061,0.0332,0.0341,0.0031
1474,0.0090,0.0300,0.0321,0.0147
1475,0.0050,0.0130,0.0119,0.0087
1476,0.0064,0.0121,0.0098,0.0080
1477,0.0069,0.0117,0.0086,0.0088
1478,0.0042,0.0193,0.0175,0.0076
1479,0.0046,0.0271,0.0284,0.0031
1480,0.0054,0.0141,0.0127,0.0095
1481,0.0067,0.0152,0.0152,0.0093
1482,0.0070,0.0171,0.0181,0.0081
1483,0.0049,0.0225,0.0239,0.0072
1484,0.0061,0.0130,0.0134,0.0033
1485,0.0068,0.0146,0.0141,0.0028
1486,0.0058,0.0085,0.0109,0.0023
1487,0.0066,0.0161,0.0187,0.0027
1488,0.0065,0.0237,0.0250,0.0036
1489,0.0042,0.0317,0.0280,0.0088
1490,0.0057,0.0126,0.0133,0.0032
1491,0.0046,0.0251,0.0240,0.0059
1492,0.0046,0.0226,0.0216,0.0067
1493,0.0046,0.0208,0.0206,0.0072
1494,0.0046,0.0203,0.0206,0.0069
1495,0.0063,0.0230,0.0225,0.0128
1496,0.0052,0.0223,0.0223,0.0102
1497,0.0078,0.0263,0.0262,0.0030
1498,0.0048,0.0056,0.0070,0.0027
1499,0.0048,0.0056,0.0070,0.0027
1500,0.0051,0.0160,0.0164,0.0028
1501,0.0057,0.0126,0.0133,0.0032
1502,0.0048,0.0056,0.0070,0.0027
1503,0.0048,0.0056,0.0070,0.0027
1504,0.0048,0.0056,0.0070,0.0027
1505,0.0048,0.0056,0.0070,0.0027
1506,0.0051,0.0160,0.0164,0.0028
1507,0.0048,0.0056,0.0070,0.0027
1508,0.0048,0.0056,0.0070,0.0027
1509,0.0074,0.0286,0.0291,0.0031
1510,0.0048,0.0056,0.0070,0.0027
1511,0.0051,0.0160,0.0164,0.0028
1512,0.0071,0.0468,0.0444,0.0034
1513,0.0048,0.0056,0.0070,0.0027
1514,0.0048,0.0056,0.0070,0.0027
1515,0.0048,0.0056,0.0070,0.0027
1516,0.0048,0.0056,0.0070,0.0027
1517,0.0051,0.0160,0.0164,0.0028
1518,0.0048,0.0056,0.0070,0.0027
1519,0.0048,0.0056,0.0070,0.0027
1520,0.0048,0.0056,0.0070,0.0027
1521,0.0059,0.0191,0.0203,0.0032
1522,0.0051,0.0160,0.0164,0.0028
1523,0.0057,0.0126,0.0133,0.0032
1524,0.0048,0.0056,0.0070,0.0027
1525,0.0048,0.0056,0.0070,0.0027
1526,0.0048,0.0056,0.0070,0.0027
1527,0.0048,0.0056,0.0070,0.0027
1528,0.0051,0.0160,0.0164,0.0028
1529,0.0048,0.0056,0.0070,0.0027
1530,0.0048,0.0056,0.0070,0.0027
1531,0.0048,0.0056,0.0070,0.0027
1532,0.0048,0.0056,0.0070,0.0027
1533,0.0078,0.0118,0.0153,0.0042
1534,0.0046,0.0271,0.0284,0.0031
1535,0.0048,0.0056,0.0070,0.0027
1536,0.0048,0.0056,0.0070,0.0027
1537,0.0048,0.0056,0.0070,0.0027
1538,0.0048,0.0056,0.0070,0.0027
1539,0.0051,0.0160,0.0164,0.0028
1540,0.0086,0.0220,0.0231,0.0028
1541,0.0072,0.0133,0.0180,0.0031
1542,0.0062,0.0208,0.0271,0.0033
1543,0.0057,0.0305,0.0372,0.0034
1544,0.0064,0.0123,0.0140,0.0037
1545,0.0060,0.0149,0.0144,0.0032
1546,0.0057,0.0126,0.0133,0.0032
1547,0.0062,0.0078,0.0085,0.0037
1548,0.0056,0.0386,0.0444,0.0033
1549,0.0057,0.0364,0.0411,0.0031
1550,0.0056,0.0305,0.0339,0.0030
1551,0.0054,0.0107,0.0116,0.0027
1552,0.0051,0.0102,0.0110,0.0027
1553,0.0048,0.0071,0.0084,0.0026
1554,0.0056,0.0057,0.0062,0.0026
1555,0.0068,0.0146,0.0141,0.0028
1556,0.0045,0.0191,0.0212,0.0029
1557,0.0057,0.0126,0.0133,0.0032
1558,0.0074,0.0286,0.0291,0.0031
1559,0.0080,0.0117,0.0100,0.0041
1560,0.0059,0.0191,0.0203,0.0032
1561,0.0053,0.0109,0.0128,0.0034
1562,0.0089,0.0137,0.0230,0.0044
1563,0.0080,0.0117,0.0100,0.0041
1564,0.0098,0.0132,0.0112,0.0049
1565,0.0090,0.0300,0.0321,0.0147
1566,0.0050,0.0130,0.0119,0.0087
1567,0.0053,0.0247,0.0227,0.0114
1568,0.0057,0.0126,0.0133,0.0032
1569,0.0053,0.0247,0.0227,0.0114
1570,0.0053,0.0247,0.0227,0.0114
1571,0.0053,0.0247,0.0227,0.0114
1572,0.0053,0.0247,0.0227,0.0114
1573,0.0053,0.0247,0.0227,0.0114
1574,0.0046,0.0121,0.0112,0.0032
1575,0.0046,0.0121,0.0112,0.0032
1576,0.0051,0.0149,0.0205,0.0040
1577,0.0049,0.0156,0.0149,0.0032
1578,0.0053,0.0333,0.0323,0.0040
1579,0.0057,0.0126,0.0133,0.0032
1580,0.0054,0.0142,0.0127,0.0035
1581,0.0057,0.0240,0.0221,0.0027
1582,0.0064,0.0363,0.0335,0.0027
1583,0.0073,0.0145,0.0132,0.0034
1584,0.0067,0.0252,0.0238,0.0030
1585,0.0060,0.0262,0.0222,0.0028
1586,0.0085,0.0299,0.0241,0.0038
1587,0.0100,0.0249,0.0236,0.0031
1588,0.0136,0.0317,0.0350,0.0039
1589,0.0055,0.0411,0.0394,0.0039
1590,0.0046,0.0271,0.0284,0.0031
1591,0.0074,0.0312,0.0288,0.0212
1592,0.0044,0.0284,0.0224,0.0204
1593,0.0060,0.0238,0.0209,0.0184
1594,0.0059,0.0237,0.0218,0.0147
1595,0.0063,0.0319,0.0270,0.0123
1596,0.0058,0.0275,0.0197,0.0112
1597,0.0063,0.0152,0.0146,0.0064
1598,0.0071,0.0149,0.0152,0.0055
1599,0.0083,0.0131,0.0174,0.0086
1600,0.0061,0.0191,0.0183,0.0038
1601,0.0057,0.0126,0.0133,0.0032
1602,0.0057,0.0240,0.0221,0.0027
1603,0.0053,0.0301,0.0379,0.0028
1604,0.0057,0.0193,0.0201,0.0116
1605,0.0059,0.0250,0.0257,0.0151
1606,0.0047,0.0465,0.0453,0.0107
1607,0.0043,0.0272,0.0280,0.0118
1608,0.0043,0.0295,0.0316,0.0085
1609,0.0057,0.0305,0.0364,0.0161
1610,0.0044,0.0483,0.0487,0.0161
1611,0.0059,0.0544,0.0483,0.0241
1612,0.0057,0.0126,0.0133,0.0032
1613,0.0056,0.0414,0.0451,0.0223
1614,0.0064,0.0363,0.0335,0.0027
1615,0.0046,0.0121,0.0112,0.0032
1616,0.0051,0.0149,0.0205,0.0040
1617,0.0050,0.0211,0.0207,0.0044
1618,0.0046,0.0121,0.0112,0.0032
1619,0.0051,0.0149,0.0205,0.0040
1620,0.0046,0.0121,0.0112,0.0032
1621,0.0046,0.0121,0.0112,0.0032
1622,0.0050,0.0211,0.0207,0.0044
1623,0.0057,0.0126,0.0133,0.0032
1624,0.0046,0.0121,0.0112,0.0032
1625,0.0046,0.0121,0.0112,0.0032
1626,0.0073,0.0145,0.0132,0.0034
1627,0.0046,0.0121,0.0112,0.0032
1628,0.0050,0.0211,0.0207,0.0044
1629,0.0051,0.0149,0.0205,0.0040
1630,0.0046,0.0121,0.0112,0.0032
1631,0.0046,0.0121,0.0112,0.0032
1632,0.0051,0.0149,0.0205,0.0040
1633,0.0050,0.0211,0.0207,0.0044
1634,0.0065,0.0424,0.0394,0.0034
1635,0.0046,0.0121,0.0112,0.0032
1636,0.0051,0.0149,0.0205,0.0040
1637,0.0046,0.0121,0.0112,0.0032
1638,0.0058,0.0343,0.0306,0.0028
1639,0.0050,0.0211,0.0207,0.0044
1640,0.0046,0.0121,0.0112,0.0032
1641,0.0046,0.0121,0.0112,0.0032
1642,0.0051,0.0149,0.0205,0.0040
1643,0.0046,0.0121,0.0112,0.0032
1644,0.0050,0.0211,0.0207,0.0044
1645,0.0046,0.0271,0.0284,0.0031
1646,0.0051,0.0149,0.0205,0.0040
1647,0.0046,0.0121,0.0112,0.0032
1648,0.0046,0.0121,0.0112,0.0032
1649,0.0051,0.0149,0.0205,0.0040
1650,0.0073,0.0269,0.0304,0.0031
1651,0.0046,0.0121,0.0112,0.0032
1652,0.0051,0.0149,0.0205,0.0040
1653,0.0046,0.0121,0.0112,0.0032
1654,0.0046,0.0121,0.0112,0.0032
1655,0.0050,0.0211,0.0207,0.0044
1656,0.0062,0.0298,0.0292,0.0033
1657,0.0057,0.0126,0.0133,0.0032
1658,0.0070,0.0221,0.0211,0.0032
1659,0.0059,0.0141,0.0271,0.0032
1660,0.0093,0.0611,0.0551,0.0082
1661,0.0049,0.0333,0.0487,0.0031
1662,0.0067,0.0252,0.0238,0.0030
1663,0.0085,0.0299,0.0241,0.0038
1664,0.0046,0.0419,0.0543,0.0027
1665,0.0045,0.0382,0.0484,0.0025
1666,0.0061,0.0179,0.0296,0.0065
1667,0.0056,0.0180,0.0165,0.0065
1668,0.0057,0.0126,0.0133,0.0032
1669,0.0043,0.0148,0.0170,0.0030
1670,0.0051,0.0119,0.0139,0.0036
1671,0.0052,0.0130,0.0119,0.0029
1672,0.0057,0.0240,0.0221,0.0027
1673,0.0049,0.0329,0.0306,0.0034
1674,0.0063,0.0390,0.0356,0.0027
1675,0.0100,0.0249,0.0236,0.0031
1676,0.0082,0.0259,0.0224,0.0035
1677,0.0060,0.0262,0.0222,0.0028
1678,0.0086,0.0352,0.0460,0.0033
1679,0.0057,0.0126,0.0133,0.0032
1680,0.0093,0.0230,0.0171,0.0044
1681,0.0136,0.0317,0.0350,0.0039
1682,0.0074,0.0312,0.0288,0.0212
1683,0.0055,0.0265,0.0223,0.0261
1684,0.0064,0.0300,0.0274,0.0168
1685,0.0064,0.0300,0.0274,0.0168
1686,0.0064,0.0300,0.0274,0.0168
1687,0.0064,0.0300,0.0274,0.0168
1688,0.0064,0.0300,0.0274,0.0168
1689,0.0064,0.0300,0.0274,0.0168
1690,0.0057,0.0126,0.0133,0.0032
1691,0.0040,0.0111,0.0109,0.0031
1692,0.0040,0.0111,0.0109,0.0031
1693,0.0050,0.0125,0.0166,0.0031
1694,0.0043,0.0130,0.0134,0.0030
1695,0.0057,0.0349,0.0339,0.0036
1696,0.0052,0.0138,0.0130,0.0036
1697,0.0057,0.0245,0.0227,0.0026
1698,0.0064,0.0353,0.0329,0.0027
1699,0.0069,0.0137,0.0130,0.0037
1700,0.0064,0.0209,0.0191,0.0028
1701,0.0046,0.0271,0.0284,0.0031
1702,0.0057,0.0228,0.0194,0.0032
1703,0.0078,0.0268,0.0221,0.0043
1704,0.0089,0.0190,0.0165,0.0037
1705,0.0118,0.0226,0.0240,0.0043
1706,0.0058,0.0407,0.0391,0.0035
1707,0.0076,0.0330,0.0329,0.0191
1708,0.0043,0.0245,0.0199,0.0168
1709,0.0061,0.0224,0.0198,0.0146
1710,0.0058,0.0207,0.0190,0.0129
1711,0.0057,0.0278,0.0245,0.0112
1712,0.0057,0.0126,0.0133,0.0032
1713,0.0057,0.0317,0.0219,0.0129
1714,0.0060,0.0159,0.0156,0.0070
1715,0.0068,0.0152,0.0164,0.0049
1716,0.0082,0.0108,0.0127,0.0053
1717,0.0061,0.0183,0.0177,0.0037
1718,0.0057,0.0245,0.0227,0.0026
1719,0.0050,0.0305,0.0368,0.0027
1720,0.0052,0.0166,0.0185,0.0089
1721,0.0055,0.0213,0.0232,0.0117
1722,0.0046,0.0446,0.0424,0.0082
1723,0.0057,0.0126,0.0133,0.0032
1724,0.0042,0.0249,0.0255,0.0072
1725,0.0042,0.0268,0.0282,0.0062
1726,0.0057,0.0288,0.0341,0.0114
1727,0.0044,0.0410,0.0411,0.0130
1728,0.0059,0.0444,0.0396,0.0206
1729,0.0056,0.0352,0.0384,0.0191
1730,0.0064,0.0353,0.0329,0.0027
1731,0.0040,0.0111,0.0109,0.0031
1732,0.0050,0.0125,0.0166,0.0031
1733,0.0050,0.0206,0.0200,0.0036
1734,0.0057,0.0126,0.0133,0.0032
1735,0.0040,0.0111,0.0109,0.0031
1736,0.0050,0.0125,0.0166,0.0031
1737,0.0040,0.0111,0.0109,0.0031
1738,0.0040,0.0111,0.0109,0.0031
1739,0.0050,0.0206,0.0200,0.0036
1740,0.0040,0.0111,0.0109,0.0031
1741,0.0040,0.0111,0.0109,0.0031
1742,0.0069,0.0137,0.0130,0.0037
1743,0.0040,0.0111,0.0109,0.0031
1744,0.0050,0.0206,0.0200,0.0036
1745,0.0057,0.0126,0.0133,0.0032
1746,0.0050,0.0125,0.0166,0.0031
1747,0.0040,0.0111,0.0109,0.0031
1748,0.0040,0.0111,0.0109,0.0031
1749,0.0050,0.0125,0.0166,0.0031
1750,0.0050,0.0206,0.0200,0.0036
1751,0.0040,0.0111,0.0109,0.0031
1752,0.0050,0.0125,0.0166,0.0031
1753,0.0040,0.0111,0.0109,0.0031
1754,0.0055,0.0313,0.0281,0.0030
1755,0.0050,0.0206,0.0200,0.0036
1756,0.0087,0.0320,0.0348,0.0035
1757,0.0040,0.0111,0.0109,0.0031
1758,0.0040,0.0111,0.0109,0.0031
1759,0.0050,0.0125,0.0166,0.0031
1760,0.0040,0.0111,0.0109,0.0031
1761,0.0050,0.0206,0.0200,0.0036
1762,0.0050,0.0125,0.0166,0.0031
1763,0.0040,0.0111,0.0109,0.0031
1764,0.0040,0.0111,0.0109,0.0031
1765,0.0050,0.0125,0.0166,0.0031
1766,0.0071,0.0201,0.0218,0.0029
1767,0.0070,0.0431,0.0417,0.0034
1768,0.0057,0.0126,0.0133,0.0032
1769,0.0040,0.0111,0.0109,0.0031
1770,0.0050,0.0125,0.0166,0.0031
1771,0.0040,0.0111,0.0109,0.0031
1772,0.0040,0.0111,0.0109,0.0031
1773,0.0050,0.0206,0.0200,0.0036
1774,0.0065,0.0219,0.0203,0.0028
1775,0.0054,0.0138,0.0245,0.0029
1776,0.0085,0.0612,0.0574,0.0064
1777,0.0043,0.0328,0.0459,0.0029
1778,0.0064,0.0209,0.0191,0.0028
1779,0.0057,0.0126,0.0133,0.0032
1780,0.0078,0.0268,0.0221,0.0043
1781,0.0042,0.0416,0.0519,0.0026
1782,0.0041,0.0380,0.0462,0.0024
1783,0.0056,0.0174,0.0272,0.0049
1784,0.0049,0.0146,0.0144,0.0053
1785,0.0039,0.0131,0.0144,0.0029
1786,0.0050,0.0103,0.0114,0.0032
1787,0.0049,0.0120,0.0114,0.0028
1788,0.0057,0.0245,0.0227,0.0026
1789,0.0049,0.0309,0.0289,0.0031
1790,0.0057,0.0126,0.0133,0.0032
1791,0.0063,0.0384,0.0355,0.0028
1792,0.0089,0.0190,0.0165,0.0037
1793,0.0078,0.0250,0.0223,0.0036
1794,0.0057,0.0228,0.0194,0.0032
1795,0.0077,0.0250,0.0348,0.0032
1796,0.0085,0.0189,0.0147,0.0052
1797,0.0118,0.0226,0.0240,0.0043
1798,0.0076,0.0330,0.0329,0.0191
1799,0.0055,0.0222,0.0195,0.0198
1800,0.0063,0.0296,0.0285,0.0167
1801,0.0057,0.0126,0.0133,0.0032
1802,0.0063,0.0296,0.0285,0.0167
1803,0.0063,0.0296,0.0285,0.0167
1804,0.0063,0.0296,0.0285,0.0167
1805,0.0063,0.0296,0.0285,0.0167
1806,0.0063,0.0296,0.0285,0.0167
1807,0.0039,0.0091,0.0096,0.0030
1808,0.0039,0.0091,0.0096,0.0030
1809,0.0052,0.0099,0.0122,0.0036
1810,0.0040,0.0112,0.0130,0.0029
1811,0.0066,0.0338,0.0329,0.0033
1812,0.0046,0.0271,0.0284,0.0031
1813,0.0051,0.0137,0.0140,0.0052
1814,0.0060,0.0209,0.0196,0.0026
1815,0.0068,0.0338,0.0323,0.0028
1816,0.0066,0.0106,0.0108,0.0044
1817,0.0061,0.0162,0.0143,0.0027
1818,0.0050,0.0150,0.0138,0.0038
1819,0.0070,0.0210,0.0185,0.0052
1820,0.0076,0.0180,0.0146,0.0052
1821,0.0094,0.0209,0.0154,0.0061
1822,0.0067,0.0386,0.0374,0.0033
1823,0.0098,0.0212,0.0265,0.0044
1824,0.0078,0.0393,0.0398,0.0208
1825,0.0041,0.0195,0.0170,0.0131
1826,0.0065,0.0218,0.0205,0.0102
1827,0.0059,0.0157,0.0136,0.0113
1828,0.0050,0.0198,0.0187,0.0094
1829,0.0056,0.0378,0.0288,0.0198
1830,0.0055,0.0188,0.0188,0.0114
1831,0.0063,0.0171,0.0192,0.0089
1832,0.0079,0.0102,0.0096,0.0067
1833,0.0063,0.0168,0.0166,0.0036
1834,0.0083,0.0173,0.0344,0.0044
1835,0.0060,0.0209,0.0196,0.0026
1836,0.0053,0.0294,0.0335,0.0027
1837,0.0051,0.0143,0.0163,0.0047
1838,0.0052,0.0203,0.0214,0.0057
1839,0.0046,0.0382,0.0346,0.0054
1840,0.0041,0.0225,0.0216,0.0042
1841,0.0041,0.0220,0.0218,0.0067
1842,0.0055,0.0261,0.0296,0.0087
1843,0.0045,0.0256,0.0251,0.0083
1844,0.0061,0.0313,0.0294,0.0176
1845,0.0072,0.0259,0.0447,0.0043
1846,0.0055,0.0211,0.0234,0.0130
1847,0.0068,0.0338,0.0323,0.0028
1848,0.0039,0.0091,0.0096,0.0030
1849,0.0052,0.0099,0.0122,0.0036
1850,0.0057,0.0196,0.0188,0.0030
1851,0.0039,0.0091,0.0096,0.0030
1852,0.0052,0.0099,0.0122,0.0036
1853,0.0039,0.0091,0.0096,0.0030
1854,0.0039,0.0091,0.0096,0.0030
1855,0.0057,0.0196,0.0188,0.0030
1856,0.0063,0.0356,0.0538,0.0042
1857,0.0039,0.0091,0.0096,0.0030
1858,0.0039,0.0091,0.0096,0.0030
1859,0.0066,0.0106,0.0108,0.0044
1860,0.0039,0.0091,0.0096,0.0030
1861,0.0057,0.0196,0.0188,0.0030
1862,0.0052,0.0099,0.0122,0.0036
1863,0.0039,0.0091,0.0096,0.0030
1864,0.0039,0.0091,0.0096,0.0030
1865,0.0052,0.0099,0.0122,0.0036
1866,0.0057,0.0196,0.0188,0.0030
1867,0.0074,0.0320,0.0310,0.0032
1868,0.0039,0.0091,0.0096,0.0030
1869,0.0052,0.0099,0.0122,0.0036
1870,0.0039,0.0091,0.0096,0.0030
1871,0.0052,0.0252,0.0236,0.0032
1872,0.0057,0.0196,0.0188,0.0030
1873,0.0039,0.0091,0.0096,0.0030
1874,0.0039,0.0091,0.0096,0.0030
1875,0.0052,0.0099,0.0122,0.0036
1876,0.0039,0.0091,0.0096,0.0030
1877,0.0057,0.0196,0.0188,0.0030
1878,0.0071,0.0468,0.0444,0.0034
1879,0.0075,0.0295,0.0258,0.0035
1880,0.0052,0.0099,0.0122,0.0036
1881,0.0039,0.0091,0.0096,0.0030
1882,0.0039,0.0091,0.0096,0.0030
1883,0.0052,0.0099,0.0122,0.0036
1884,0.0067,0.0165,0.0155,0.0028
1885,0.0039,0.0091,0.0096,0.0030
1886,0.0052,0.0099,0.0122,0.0036
1887,0.0039,0.0091,0.0096,0.0030
1888,0.0039,0.0091,0.0096,0.0030
1889,0.0057,0.0196,0.0188,0.0030
1890,0.0053,0.0434,0.0581,0.0039
1891,0.0057,0.0218,0.0200,0.0023
1892,0.0046,0.0127,0.0188,0.0024
1893,0.0071,0.0624,0.0634,0.0033
1894,0.0040,0.0327,0.0414,0.0026
1895,0.0061,0.0162,0.0143,0.0027
1896,0.0070,0.0210,0.0185,0.0052
1897,0.0044,0.0405,0.0473,0.0024
1898,0.0045,0.0376,0.0427,0.0023
1899,0.0054,0.0151,0.0212,0.0027
1900,0.0048,0.0117,0.0126,0.0035
1901,0.0051,0.0403,0.0528,0.0036
1902,0.0041,0.0127,0.0127,0.0028
1903,0.0051,0.0082,0.0086,0.0044
1904,0.0049,0.0099,0.0100,0.0026
1905,0.0060,0.0209,0.0196,0.0026
1906,0.0052,0.0241,0.0231,0.0029
1907,0.0063,0.0335,0.0318,0.0030
1908,0.0076,0.0180,0.0146,0.0052
1909,0.0075,0.0214,0.0200,0.0041
1910,0.0050,0.0150,0.0138,0.0038
1911,0.0070,0.0153,0.0216,0.0031
1912,0.0051,0.0343,0.0443,0.0034
1913,0.0074,0.0132,0.0124,0.0067
1914,0.0094,0.0209,0.0154,0.0061
1915,0.0078,0.0393,0.0398,0.0208
1916,0.0058,0.0156,0.0167,0.0096
1917,0.0066,0.0311,0.0302,0.0170
1918,0.0066,0.0311,0.0302,0.0170
1919,0.0066,0.0311,0.0302,0.0170
1920,0.0066,0.0311,0.0302,0.0170
1921,0.0066,0.0311,0.0302,0.0170
1922,0.0066,0.0311,0.0302,0.0170
1923,0.0062,0.0183,0.0188,0.0047
1924,0.0043,0.0084,0.0102,0.0030
1925,0.0043,0.0084,0.0102,0.0030
1926,0.0055,0.0070,0.0089,0.0051
1927,0.0043,0.0112,0.0138,0.0029
1928,0.0069,0.0275,0.0267,0.0033
1929,0.0052,0.0151,0.0167,0.0065
1930,0.0063,0.0150,0.0139,0.0028
1931,0.0072,0.0273,0.0264,0.0030
1932,0.0066,0.0090,0.0104,0.0050
1933,0.0061,0.0149,0.0130,0.0029
1934,0.0053,0.0173,0.0216,0.0032
1935,0.0047,0.0098,0.0103,0.0039
1936,0.0068,0.0142,0.0135,0.0057
1937,0.0071,0.0223,0.0189,0.0060
1938,0.0086,0.0250,0.0180,0.0074
1939,0.0070,0.0317,0.0311,0.0033
1940,0.0078,0.0451,0.0447,0.0252
1941,0.0039,0.0195,0.0175,0.0148
1942,0.0070,0.0250,0.0244,0.0134
1943,0.0063,0.0144,0.0116,0.0127
1944,0.0047,0.0146,0.0145,0.0090
1945,0.0060,0.0147,0.0139,0.0032
1946,0.0058,0.0425,0.0357,0.0248
1947,0.0053,0.0196,0.0201,0.0134
1948,0.0061,0.0203,0.0229,0.0112
1949,0.0079,0.0139,0.0139,0.0105
1950,0.0066,0.0129,0.0136,0.0037
1951,0.0063,0.0150,0.0139,0.0028
1952,0.0059,0.0268,0.0297,0.0028
1953,0.0052,0.0134,0.0149,0.0027
1954,0.0052,0.0202,0.0202,0.0033
1955,0.0046,0.0305,0.0260,0.0047
1956,0.0060,0.0149,0.0144,0.0032
1957,0.0040,0.0198,0.0181,0.0063
1958,0.0040,0.0166,0.0155,0.0089
1959,0.0054,0.0242,0.0271,0.0121
1960,0.0045,0.0150,0.0147,0.0086
1961,0.0064,0.0346,0.0338,0.0202
1962,0.0055,0.0159,0.0178,0.0117
1963,0.0072,0.0273,0.0264,0.0030
1964,0.0043,0.0084,0.0102,0.0030
1965,0.0055,0.0070,0.0089,0.0051
1966,0.0061,0.0161,0.0153,0.0030
1967,0.0062,0.0298,0.0292,0.0033
1968,0.0043,0.0084,0.0102,0.0030
1969,0.0055,0.0070,0.0089,0.0051
1970,0.0043,0.0084,0.0102,0.0030
1971,0.0043,0.0084,0.0102,0.0030
1972,0.0061,0.0161,0.0153,0.0030
1973,0.0043,0.0084,0.0102,0.0030
1974,0.0043,0.0084,0.0102,0.0030
1975,0.0066,0.0090,0.0104,0.0050
1976,0.0043,0.0084,0.0102,0.0030
1977,0.0061,0.0161,0.0153,0.0030
1978,0.0048,0.0419,0.0404,0.0029
1979,0.0055,0.0070,0.0089,0.0051
1980,0.0043,0.0084,0.0102,0.0030
1981,0.0043,0.0084,0.0102,0.0030
1982,0.0055,0.0070,0.0089,0.0051
1983,0.0061,0.0161,0.0153,0.0030
1984,0.0043,0.0084,0.0102,0.0030
1985,0.0055,0.0070,0.0089,0.0051
1986,0.0043,0.0084,0.0102,0.0030
1987,0.0051,0.0184,0.0183,0.0034
1988,0.0061,0.0161,0.0153,0.0030
1989,0.0074,0.0320,0.0310,0.0032
1990,0.0071,0.0468,0.0444,0.0034
1991,0.0043,0.0084,0.0102,0.0030
1992,0.0043,0.0084,0.0102,0.0030
1993,0.0055,0.0070,0.0089,0.0051
1994,0.0043,0.0084,0.0102,0.0030
1995,0.0061,0.0161,0.0153,0.0030
1996,0.0055,0.0070,0.0089,0.0051
1997,0.0043,0.0084,0.0102,0.0030
1998,0.0043,0.0084,0.0102,0.0030
1999,0.0055,0.0070,0.0089,0.0051
2000,0.0067,0.0174,0.0144,0.0030
2001,0.0096,0.0271,0.0251,0.0035
2002,0.0043,0.0084,0.0102,0.0030
2003,0.0055,0.0070,0.0089,0.0051
2004,0.0043,0.0084,0.0102,0.0030
2005,0.0043,0.0084,0.0102,0.0030
2006,0.0061,0.0161,0.0153,0.0030
2007,0.0054,0.0230,0.0234,0.0020
2008,0.0045,0.0117,0.0153,0.0023
2009,0.0063,0.0642,0.0695,0.0021
2010,0.0043,0.0306,0.0362,0.0026
2011,0.0061,0.0149,0.0130,0.0029
2012,0.0065,0.0424,0.0394,0.0034
2013,0.0068,0.0142,0.0135,0.0057
2014,0.0051,0.0392,0.0438,0.0025
2015,0.0053,0.0354,0.0387,0.0024
2016,0.0056,0.0130,0.0169,0.0031
2017,0.0053,0.0104,0.0115,0.0029
2018,0.0046,0.0096,0.0092,0.0029
2019,0.0053,0.0085,0.0095,0.0059
2020,0.0053,0.0080,0.0089,0.0027
2021,0.0063,0.0150,0.0139,0.0028
2022,0.0054,0.0175,0.0176,0.0029
2023,0.0064,0.0337,0.0301,0.0035
2024,0.0065,0.0276,0.0270,0.0031
2025,0.0071,0.0223,0.0189,0.0060
2026,0.0075,0.0140,0.0131,0.0047
2027,0.0047,0.0098,0.0103,0.0039
2028,0.0069,0.0158,0.0176,0.0032
2029,0.0073,0.0110,0.0124,0.0073
2030,0.0086,0.0250,0.0180,0.0074
2031,0.0078,0.0451,0.0447,0.0252
2032,0.0059,0.0165,0.0196,0.0096
2033,0.0063,0.0319,0.0303,0.0178
2034,0.0097,0.0388,0.0487,0.0038
2035,0.0063,0.0319,0.0303,0.0178
2036,0.0063,0.0319,0.0303,0.0178
2037,0.0063,0.0319,0.0303,0.0178
2038,0.0063,0.0319,0.0303,0.0178
2039,0.0063,0.0319,0.0303,0.0178
2040,0.0045,0.0086,0.0112,0.0031
2041,0.0045,0.0086,0.0112,0.0031
2042,0.0057,0.0066,0.0084,0.0056
2043,0.0047,0.0107,0.0134,0.0029
2044,0.0068,0.0214,0.0205,0.0033
2045,0.0096,0.0271,0.0251,0.0035
2046,0.0053,0.0169,0.0191,0.0070
2047,0.0065,0.0118,0.0108,0.0029
2048,0.0073,0.0229,0.0221,0.0031
2049,0.0067,0.0100,0.0120,0.0053
2050,0.0062,0.0154,0.0135,0.0030
2051,0.0046,0.0092,0.0100,0.0039
2052,0.0068,0.0122,0.0121,0.0059
2053,0.0070,0.0240,0.0203,0.0061
2054,0.0083,0.0272,0.0197,0.0077
2055,0.0071,0.0288,0.0284,0.0034
2056,0.0126,0.0301,0.0331,0.0037
2057,0.0078,0.0479,0.0471,0.0276
2058,0.0039,0.0222,0.0201,0.0172
2059,0.0070,0.0293,0.0289,0.0170
2060,0.0066,0.0160,0.0132,0.0141
2061,0.0047,0.0123,0.0126,0.0090
2062,0.0059,0.0434,0.0375,0.0262
2063,0.0052,0.0210,0.0220,0.0140
2064,0.0060,0.0215,0.0245,0.0119
2065,0.0078,0.0154,0.0161,0.0120
2066,0.0068,0.0118,0.0131,0.0038
2067,0.0090,0.0319,0.0248,0.0270
2068,0.0065,0.0118,0.0108,0.0029
2069,0.0062,0.0265,0.0291,0.0029
2070,0.0052,0.0129,0.0142,0.0024
2071,0.0052,0.0195,0.0193,0.0031
2072,0.0045,0.0246,0.0200,0.0048
2073,0.0040,0.0187,0.0169,0.0072
2074,0.0040,0.0150,0.0142,0.0099
2075,0.0054,0.0236,0.0265,0.0137
2076,0.0044,0.0142,0.0144,0.0097
2077,0.0065,0.0401,0.0391,0.0227
2078,0.0054,0.0371,0.0292,0.0279
2079,0.0055,0.0187,0.0203,0.0131
2080,0.0073,0.0229,0.0221,0.0031
2081,0.0045,0.0086,0.0112,0.0031
2082,0.0057,0.0066,0.0084,0.0056
2083,0.0061,0.0128,0.0122,0.0030
2084,0.0045,0.0086,0.0112,0.0031
2085,0.0057,0.0066,0.0084,0.0056
2086,0.0045,0.0086,0.0112,0.0031
2087,0.0045,0.0086,0.0112,0.0031
2088,0.0061,0.0128,0.0122,0.0030
2089,0.0064,0.0371,0.0311,0.0212
2090,0.0045,0.0086,0.0112,0.0031
2091,0.0045,0.0086,0.0112,0.0031
2092,0.0067,0.0100,0.0120,0.0053
2093,0.0045,0.0086,0.0112,0.0031
2094,0.0061,0.0128,0.0122,0.0030
2095,0.0057,0.0066,0.0084,0.0056
2096,0.0045,0.0086,0.0112,0.0031
2097,0.0045,0.0086,0.0112,0.0031
2098,0.0057,0.0066,0.0084,0.0056
2099,0.0061,0.0128,0.0122,0.0030
Total Error Summary
Vdc  RMSE=  0.0060
Idc  RMSE=  0.0230
Id   RMSE=  0.0233
Iq   RMSE=  0.0080
